1 0.3859767334928899 0.8856
2 0.22746076846300667 0.93345
3 0.19075114346707045 0.94555
4 0.168358803573829 0.95245
5 0.1527438710080281 0.9564333333333334
6 0.14006179733189947 0.9600666666666666
7 0.13002133667310165 0.963
8 0.12118932075385473 0.96615
9 0.11433083653799507 0.96835
10 0.10794457632389023 0.97
11 0.10240736985797567 0.97165
12 0.09721001229290642 0.97355
13 0.09297332552069032 0.9746166666666667
14 0.08875344593975462 0.9763
15 0.08501523804626485 0.97695
16 0.08137922389293785 0.9782333333333333
17 0.07807669090007795 0.9790166666666666
18 0.07522230567946744 0.9798833333333333
19 0.07232821059188863 0.9808166666666667
20 0.06958315934120084 0.9813666666666667
21 0.067241927990114 0.98175
22 0.06465936063735216 0.9829
23 0.06257396144295997 0.9836833333333334
24 0.06049840245793051 0.98435
25 0.05833671670923355 0.9849166666666667
26 0.056384144499818524 0.9855166666666667
27 0.05441137618109235 0.9863
28 0.05279548082357721 0.9867166666666667
29 0.051023753663735474 0.9875333333333334
30 0.04964742577001294 0.9877
31 0.047823090338583056 0.9883166666666666
32 0.046665831194964175 0.9888166666666667
33 0.04504057483425908 0.9895
34 0.04379336184847838 0.9898333333333333
35 0.04256323485303599 0.9901833333333333
36 0.04114582874119155 0.9907
37 0.0400465720458262 0.9908666666666667
38 0.03898145336864282 0.9913333333333333
39 0.03766602903072323 0.9917333333333334
40 0.03672536324137754 0.9921666666666666
41 0.035617673300953306 0.9924166666666666
42 0.034653549611782915 0.993
43 0.03364410496024943 0.9930833333333333
44 0.032786932109650585 0.9933833333333333
45 0.0319422579078532 0.9939
46 0.03097288982311228 0.9941666666666666
47 0.030200579030903927 0.9943666666666666
48 0.029378864057322363 0.99475
49 0.028583779846673516 0.9949166666666667
50 0.0277520859393595 0.9952333333333333
51 0.0271922003384481 0.9954
52 0.026438486557811308 0.9956666666666667
53 0.025750617647587237 0.9957666666666667
54 0.025175621565272494 0.99615
55 0.02439139722022357 0.9961833333333333
56 0.023781335019051775 0.9963333333333333
57 0.023247859953567068 0.99645
58 0.022675074127091688 0.9966833333333334
59 0.022107201743561195 0.99695
60 0.021599407518294447 0.9969666666666667
61 0.021028561034063097 0.9971333333333333
62 0.020520462887858085 0.99715
63 0.020083102075430726 0.9973
64 0.019540501237690036 0.9976
65 0.01915204934954548 0.9975833333333334
66 0.018642007619507912 0.9978666666666667
67 0.0181534774998612 0.9979166666666667
68 0.017840052251892686 0.9977333333333334
69 0.01739761473706314 0.9980666666666667
70 0.01709078523074227 0.9980833333333333
71 0.016672752743988023 0.99815
72 0.016262912443145983 0.9982333333333333
73 0.015927892427510228 0.9984666666666666
74 0.015587132665386269 0.9985
75 0.015240811428098853 0.9985333333333334
76 0.014900559015365552 0.9988166666666667
77 0.014604890599413944 0.9986333333333334
78 0.014302245164508504 0.9987166666666667
79 0.014037846186970756 0.9988166666666667
80 0.013736675130521089 0.9989666666666667
81 0.013438489709073293 0.9990833333333333
82 0.013180595554057945 0.9990166666666667
83 0.012905034196398248 0.9991
84 0.012669768783130817 0.9991666666666666
85 0.01238428878047859 0.9991666666666666
86 0.012207003885200981 0.9992333333333333
87 0.011950413479523333 0.9993333333333333
88 0.011721980173204308 0.99935
89 0.011495450995604334 0.9994166666666666
90 0.011271515143300489 0.9995166666666667
91 0.011038962297383815 0.9994
92 0.01084310938713393 0.9995
93 0.01066562534272194 0.9995833333333334
94 0.010445448657823429 0.9996
95 0.010273045658179597 0.9996
96 0.010096226411778281 0.9996333333333334
97 0.009910288160102866 0.9996166666666667
98 0.00976075403449902 0.9996833333333334
99 0.009591165621743114 0.9997
100 0.009418081015106172 0.9996833333333334
101 0.009290960665518192 0.9996666666666667
102 0.009105561801524305 0.9997166666666667
103 0.008957257531067011 0.99975
104 0.008820787194802532 0.99975
105 0.008658515123366468 0.9997666666666667
106 0.008547531039481844 0.9997666666666667
107 0.008394428787490865 0.9997833333333334
108 0.00827043142337511 0.9998
109 0.008136484844447263 0.99985
110 0.008009644742530865 0.9998666666666667
111 0.007883865388233397 0.99985
112 0.007781868825839368 0.99985
113 0.007625312720393655 0.9999
114 0.007534351404647091 0.9998833333333333
115 0.007452112342070129 0.9999
116 0.007316688584016838 0.9999166666666667
117 0.0072086461651414985 0.9999
118 0.0071196693421673105 0.9999333333333333
119 0.007025310146147762 0.9999166666666667
120 0.006906451669329011 0.9999166666666667
121 0.006821798865617847 0.9999166666666667
122 0.0067282678290848125 0.9999166666666667
123 0.006632417183258196 0.9999333333333333
124 0.006550157667576536 0.9999166666666667
125 0.006449439760936953 0.9999166666666667
126 0.006351431500095167 0.9999333333333333
127 0.006281556378402658 0.9999333333333333
128 0.006210504461631878 0.9999333333333333
129 0.006122434830992048 0.9999333333333333
130 0.006047295554896503 0.9999333333333333
131 0.005965305347817698 0.9999333333333333
132 0.0058885181070998435 0.9999333333333333
133 0.005824276742819292 0.9999333333333333
134 0.005757979089284995 0.99995
135 0.005678636910789001 0.99995
136 0.005608481667769044 0.99995
137 0.00554365269677924 0.99995
138 0.00548213473838895 0.99995
139 0.005416453488842289 0.9999333333333333
140 0.005355990582407871 0.99995
141 0.0052912085523594546 0.9999833333333333
142 0.005232837571919377 0.99995
143 0.005167792849083826 0.9999666666666667
144 0.005113027358888341 0.99995
145 0.0050631840139933266 0.9999666666666667
146 0.005010070914188142 0.9999666666666667
147 0.004945713495498083 0.99995
148 0.0048834471633213 0.9999833333333333
149 0.004833997996238027 0.9999833333333333
150 0.004789886381308328 0.9999833333333333
151 0.004732663077719287 0.9999666666666667
152 0.004677995244465045 1.0
153 0.0046346679052858275 0.9999833333333333
154 0.004585275275340832 0.9999833333333333
155 0.00454276136389729 1.0
156 0.004497639259009727 1.0
157 0.004432747822884383 1.0
158 0.00440608579635636 1.0
159 0.004357338055912683 1.0
160 0.004317061227958784 1.0
161 0.004272387562833949 1.0
162 0.00423363993477537 1.0
163 0.0041878809387892926 1.0
164 0.004148926168157935 1.0
165 0.004107605553106038 1.0
166 0.004072228073775927 1.0
167 0.004030000908411483 1.0
168 0.004000279370189976 1.0
169 0.003957427844632544 1.0
170 0.003923376499643442 1.0
171 0.0038906259468194644 1.0
172 0.0038519875534416947 1.0
173 0.003817671471819488 1.0
174 0.0037836553707623535 1.0
175 0.003750560022562917 1.0
176 0.003712674455175093 1.0
177 0.003689391234306805 1.0
178 0.0036513181442994554 1.0
179 0.003620294453913787 1.0
180 0.0035850658473163557 1.0
181 0.00355704696304145 1.0
182 0.003522593736413247 1.0
183 0.0035032950224293305 1.0
184 0.0034693201765793364 1.0
185 0.0034376608742984816 1.0
186 0.003411739431907421 1.0
187 0.0033873241738046904 1.0
188 0.003358517862188179 1.0
189 0.0033339522376870994 1.0
190 0.0033041669273260496 1.0
191 0.0032768507951251003 1.0
192 0.003249944963016863 1.0
193 0.0032209633743571146 1.0
194 0.003198439983759266 1.0
195 0.003175303600837729 1.0
196 0.003148736821776474 1.0
197 0.0031226210468418914 1.0
198 0.0031045122616447764 1.0
199 0.0030800028800168065 1.0
200 0.0030556480105006214 1.0
201 0.003032098929864416 1.0
202 0.0030119693989474287 1.0
203 0.002988351933307636 1.0
204 0.002965690984975483 1.0
205 0.0029429178655163437 1.0
206 0.0029243004235522405 1.0
207 0.0029001067817481215 1.0
208 0.0028764768568143597 1.0
209 0.002854921315773837 1.0
210 0.002839180716211155 1.0
211 0.002818647916662072 1.0
212 0.002796442657490688 1.0
213 0.0027766714405232686 1.0
214 0.002761551781670689 1.0
215 0.0027397463888998255 1.0
216 0.002723868045313502 1.0
217 0.0027035704241998035 1.0
218 0.002687048458276805 1.0
219 0.002666785450491395 1.0
220 0.0026513942282027337 1.0
221 0.002633521117261057 1.0
222 0.0026160913441620115 1.0
223 0.0025977262316633073 1.0
224 0.0025795538804736107 1.0
225 0.0025618952075476204 1.0
226 0.002543723889699043 1.0
227 0.00252805311711374 1.0
228 0.002512723637639539 1.0
229 0.00249728352054338 1.0
230 0.002479640581433588 1.0
231 0.0024637272067642066 1.0
232 0.002449696604435497 1.0
233 0.002435615565230661 1.0
234 0.002420173841156264 1.0
235 0.0024072826496943007 1.0
236 0.002390162593477578 1.0
237 0.0023754321490235724 1.0
238 0.0023623737725002297 1.0
239 0.0023480610377011276 1.0
240 0.0023340431592071744 1.0
241 0.002318106744729324 1.0
242 0.0023029897817974485 1.0
243 0.0022904904501419316 1.0
244 0.002276198968771837 1.0
245 0.002263473248906505 1.0
246 0.0022493617471132767 1.0
247 0.0022371646890819853 1.0
248 0.0022220746671129613 1.0
249 0.002208799466928606 1.0
250 0.0022016283575701577 1.0
251 0.0021849949964568385 1.0
252 0.002168772798684388 1.0
253 0.0021565212046048407 1.0
254 0.0021452631727893598 1.0
255 0.0021349038102918233 1.0
256 0.0021226532272756228 1.0
257 0.0021119020704397445 1.0
258 0.0021013967081113085 1.0
259 0.002085776543860306 1.0
260 0.0020759473346284966 1.0
261 0.0020647057589502937 1.0
262 0.002054433552434108 1.0
263 0.0020414257610985227 1.0
264 0.0020327749501378623 1.0
265 0.002020510543670966 1.0
266 0.0020088654748454038 1.0
267 0.001998048806342104 1.0
268 0.0019908564122788895 1.0
269 0.001979013787520958 1.0
270 0.00196689732140923 1.0
271 0.0019562732113568957 1.0
272 0.0019456427190641461 1.0
273 0.0019370656781844786 1.0
274 0.0019263396521648967 1.0
275 0.0019175185353310505 1.0
276 0.0019062372218164156 1.0
277 0.001898494881834946 1.0
278 0.0018859645071278598 1.0
