1 0 3.322492837905884
1 80 0.332064151763916
1 160 0.3008860647678375
1 240 0.2630407512187958
1 320 0.25677114725112915
1 400 0.3181527853012085
2 0 0.23069114983081818
2 80 0.27396267652511597
2 160 0.2748863995075226
2 240 0.25669872760772705
2 320 0.3010004162788391
2 400 0.15522608160972595
3 0 0.3425884246826172
3 80 0.21242935955524445
3 160 0.146642804145813
3 240 0.22324836254119873
3 320 0.26464033126831055
3 400 0.24309048056602478
4 0 0.19438256323337555
4 80 0.20372514426708221
4 160 0.08187150210142136
4 240 0.14870208501815796
4 320 0.11514811962842941
4 400 0.1153736561536789
5 0 0.235880509018898
5 80 0.08877810090780258
5 160 0.16184134781360626
5 240 0.15885068476200104
5 320 0.14526160061359406
5 400 0.13666193187236786
6 0 0.12809088826179504
6 80 0.1385304182767868
6 160 0.11677151173353195
6 240 0.18004891276359558
6 320 0.11669266223907471
6 400 0.1442875862121582
7 0 0.153157040476799
7 80 0.23637373745441437
7 160 0.09009993821382523
7 240 0.09309130907058716
7 320 0.1559857726097107
7 400 0.16559337079524994
8 0 0.1641550362110138
8 80 0.1590566188097
8 160 0.14600805938243866
8 240 0.15811677277088165
8 320 0.0825488269329071
8 400 0.08044036477804184
9 0 0.06693602353334427
9 80 0.10894830524921417
9 160 0.1818838268518448
9 240 0.10732340812683105
9 320 0.11232996731996536
9 400 0.09744905680418015
10 0 0.11675357818603516
10 80 0.11042893677949905
10 160 0.07312697917222977
10 240 0.06811902672052383
10 320 0.12453941255807877
10 400 0.10368035733699799
11 0 0.16181029379367828
11 80 0.08251070976257324
11 160 0.16345858573913574
11 240 0.10150400549173355
11 320 0.04724271968007088
11 400 0.11681246012449265
12 0 0.11815129220485687
12 80 0.06113564223051071
12 160 0.061676133424043655
12 240 0.061615314334630966
12 320 0.0628717914223671
12 400 0.07206123322248459
13 0 0.09511017799377441
13 80 0.16923989355564117
13 160 0.05873449146747589
13 240 0.13480789959430695
13 320 0.05311787128448486
13 400 0.08895483613014221
14 0 0.05332233011722565
14 80 0.0969548150897026
14 160 0.09515252709388733
14 240 0.05178699269890785
14 320 0.11123200505971909
14 400 0.094122514128685
15 0 0.17076876759529114
15 80 0.08799394220113754
15 160 0.09943835437297821
15 240 0.11960001289844513
15 320 0.08752552419900894
15 400 0.0690939798951149
16 0 0.06671416759490967
16 80 0.10066235810518265
16 160 0.056201692670583725
16 240 0.06352885067462921
16 320 0.13738329708576202
16 400 0.03297952562570572
17 0 0.031713150441646576
17 80 0.10098554939031601
17 160 0.046657029539346695
17 240 0.046498507261276245
17 320 0.06999726593494415
17 400 0.04117661342024803
18 0 0.0313001349568367
18 80 0.10495719313621521
18 160 0.06902532279491425
18 240 0.06243856996297836
18 320 0.11162471771240234
18 400 0.1273694932460785
19 0 0.04048397019505501
19 80 0.12000879645347595
19 160 0.05480680987238884
19 240 0.05467253550887108
19 320 0.11554661393165588
19 400 0.05251298099756241
20 0 0.0309238750487566
20 80 0.05946357920765877
20 160 0.04162738472223282
20 240 0.04334274306893349
20 320 0.12171600013971329
20 400 0.06529467552900314
21 0 0.03065859153866768
21 80 0.07745955884456635
21 160 0.06304887682199478
21 240 0.08243703842163086
21 320 0.08868018537759781
21 400 0.10606382042169571
22 0 0.03413206711411476
22 80 0.053001660853624344
22 160 0.048500996083021164
22 240 0.06607936322689056
22 320 0.034505996853113174
22 400 0.08447278290987015
23 0 0.04644341021776199
23 80 0.11367113888263702
23 160 0.05629252642393112
23 240 0.059410564601421356
23 320 0.08685562759637833
23 400 0.058915723115205765
24 0 0.0458231121301651
24 80 0.06297990679740906
24 160 0.012645372189581394
24 240 0.03739117830991745
24 320 0.03718419000506401
24 400 0.03374939039349556
25 0 0.06667798012495041
25 80 0.03567623347043991
25 160 0.021579619497060776
25 240 0.07057357579469681
25 320 0.08301234245300293
25 400 0.07446535676717758
26 0 0.0394880548119545
26 80 0.03918948769569397
26 160 0.08571596443653107
26 240 0.08158312737941742
26 320 0.06709037721157074
26 400 0.030803514644503593
27 0 0.055695921182632446
27 80 0.05026063323020935
27 160 0.06902787834405899
27 240 0.04189090430736542
27 320 0.01932879351079464
27 400 0.04742748662829399
28 0 0.018590522930026054
28 80 0.04010665789246559
28 160 0.044387172907590866
28 240 0.07243599742650986
28 320 0.032055944204330444
28 400 0.036351051181554794
29 0 0.06808856874704361
29 80 0.04734768718481064
29 160 0.04216386750340462
29 240 0.05604305863380432
29 320 0.0566541813313961
29 400 0.03419739007949829
30 0 0.03616372123360634
30 80 0.04293731972575188
30 160 0.03313228860497475
30 240 0.058783113956451416
30 320 0.0800749734044075
30 400 0.056819893419742584
31 0 0.023707900196313858
31 80 0.02643030509352684
31 160 0.04721016064286232
31 240 0.06412006169557571
31 320 0.028653783723711967
31 400 0.03544875234365463
32 0 0.07377243041992188
32 80 0.01031079888343811
32 160 0.064432293176651
32 240 0.018573816865682602
32 320 0.0330265536904335
32 400 0.032222021371126175
33 0 0.0691700354218483
33 80 0.07159007340669632
33 160 0.018060753121972084
33 240 0.04966387525200844
33 320 0.034783072769641876
33 400 0.0519845075905323
34 0 0.0638527050614357
34 80 0.03832406550645828
34 160 0.10017266869544983
34 240 0.049279943108558655
34 320 0.036969948559999466
34 400 0.01643170602619648
35 0 0.05712585523724556
35 80 0.04473675787448883
35 160 0.023768451064825058
35 240 0.02827030047774315
35 320 0.17779013514518738
35 400 0.04401408135890961
36 0 0.07667744159698486
36 80 0.04819994419813156
36 160 0.039276812225580215
36 240 0.03321819752454758
36 320 0.03998525068163872
36 400 0.048934757709503174
37 0 0.018098648637533188
37 80 0.05313190445303917
37 160 0.03243574500083923
37 240 0.06082262471318245
37 320 0.021024048328399658
37 400 0.04468616843223572
38 0 0.0271505918353796
38 80 0.031044721603393555
38 160 0.023447757586836815
38 240 0.051660168915987015
38 320 0.05644997954368591
38 400 0.028488703072071075
39 0 0.02653352916240692
39 80 0.046952247619628906
39 160 0.05128144845366478
39 240 0.03812573105096817
39 320 0.024165626615285873
39 400 0.021924221888184547
40 0 0.023460272699594498
40 80 0.11740444600582123
40 160 0.035121526569128036
40 240 0.027209019288420677
40 320 0.024569127708673477
40 400 0.05794021487236023
41 0 0.0264411810785532
41 80 0.05332130938768387
41 160 0.02873564511537552
41 240 0.025070101022720337
41 320 0.024595610797405243
41 400 0.015950383618474007
42 0 0.007604319602251053
42 80 0.037543315440416336
42 160 0.04181526601314545
42 240 0.038349449634552
42 320 0.04063909128308296
42 400 0.02798330970108509
43 0 0.04463624954223633
43 80 0.031037507578730583
43 160 0.03763081505894661
43 240 0.025805698707699776
43 320 0.039146922528743744
43 400 0.033084481954574585
44 0 0.04580185189843178
44 80 0.033449672162532806
44 160 0.022836925461888313
44 240 0.019621653482317924
44 320 0.041097015142440796
44 400 0.08674011379480362
45 0 0.027987947687506676
45 80 0.02462809905409813
45 160 0.029535416513681412
45 240 0.017056411132216454
45 320 0.024212023243308067
45 400 0.041234876960515976
46 0 0.03813869133591652
46 80 0.02610345371067524
46 160 0.022890973836183548
46 240 0.027659030631184578
46 320 0.07634364068508148
46 400 0.02679181657731533
47 0 0.01803666353225708
47 80 0.015913190320134163
47 160 0.03552013263106346
47 240 0.042591411620378494
47 320 0.018230566754937172
47 400 0.02608395926654339
48 0 0.024065952748060226
48 80 0.03975576534867287
48 160 0.013988913036882877
48 240 0.032130785286426544
48 320 0.017019571736454964
48 400 0.022120481356978416
49 0 0.03349456936120987
49 80 0.02463407628238201
49 160 0.04486173018813133
49 240 0.05285988003015518
49 320 0.039422959089279175
49 400 0.03653950244188309
50 0 0.022398963570594788
50 80 0.012677691876888275
50 160 0.014831802807748318
50 240 0.01881241612136364
50 320 0.043296054005622864
50 400 0.04679875448346138
51 0 0.04197821393609047
51 80 0.03765879571437836
51 160 0.06429921090602875
51 240 0.03289283439517021
51 320 0.026321588084101677
51 400 0.022892164066433907
52 0 0.031216835603117943
52 80 0.022128574550151825
52 160 0.010141855105757713
52 240 0.028215354308485985
52 320 0.02133217826485634
52 400 0.03820263594388962
53 0 0.019858919084072113
53 80 0.02195156179368496
53 160 0.01894109509885311
53 240 0.03444293141365051
53 320 0.018126318231225014
53 400 0.12012436985969543
54 0 0.019444890320301056
54 80 0.018815143033862114
54 160 0.0066273449920117855
54 240 0.01732809655368328
54 320 0.029175907373428345
54 400 0.023017292842268944
55 0 0.025388773530721664
55 80 0.022628365084528923
55 160 0.05834292247891426
55 240 0.025729702785611153
55 320 0.017803071066737175
55 400 0.011279267258942127
56 0 0.030162952840328217
56 80 0.01639980636537075
56 160 0.03352125361561775
56 240 0.0139180738478899
56 320 0.02108485996723175
56 400 0.017595792189240456
57 0 0.01094832830131054
57 80 0.035466182976961136
57 160 0.01524539664387703
57 240 0.025250060483813286
57 320 0.023537544533610344
57 400 0.033657290041446686
58 0 0.024729259312152863
58 80 0.026416800916194916
58 160 0.02627805434167385
58 240 0.03547532483935356
58 320 0.021585149690508842
58 400 0.015040252357721329
59 0 0.012729281559586525
59 80 0.03330795466899872
59 160 0.059995878487825394
59 240 0.01630549505352974
59 320 0.02619689144194126
59 400 0.02508104220032692
60 0 0.01648373156785965
60 80 0.022482719272375107
60 160 0.025931579992175102
60 240 0.020424051210284233
60 320 0.05827680602669716
60 400 0.01107270922511816
61 0 0.008153404109179974
61 80 0.019863931462168694
61 160 0.02223564311861992
61 240 0.01452170591801405
61 320 0.020999684929847717
61 400 0.028899870812892914
62 0 0.013302521780133247
62 80 0.026485180482268333
62 160 0.024009961634874344
62 240 0.022227423265576363
62 320 0.027178652584552765
62 400 0.011019788682460785
63 0 0.05349830910563469
63 80 0.02006731927394867
63 160 0.03496944531798363
63 240 0.01228806097060442
63 320 0.027884405106306076
63 400 0.02452011965215206
64 0 0.011751585640013218
64 80 0.011841457337141037
64 160 0.03743528202176094
64 240 0.016344593837857246
64 320 0.026647841557860374
64 400 0.03865867480635643
65 0 0.017518140375614166
65 80 0.014020250178873539
65 160 0.023999184370040894
65 240 0.020970704033970833
65 320 0.035419024527072906
65 400 0.02972712367773056
66 0 0.02366461604833603
66 80 0.0216225478798151
66 160 0.015248258598148823
66 240 0.044068485498428345
66 320 0.027897946536540985
66 400 0.021457912400364876
67 0 0.008595842868089676
67 80 0.013221833854913712
67 160 0.012708363123238087
67 240 0.0172380693256855
67 320 0.028149131685495377
67 400 0.02263922058045864
68 0 0.016654230654239655
68 80 0.023688904941082
68 160 0.007610589265823364
68 240 0.015505540184676647
68 320 0.025673573836684227
68 400 0.01860676519572735
69 0 0.011062187142670155
69 80 0.016078991815447807
69 160 0.008874010294675827
69 240 0.025432376191020012
69 320 0.014534195885062218
69 400 0.015300129540264606
70 0 0.012871593236923218
70 80 0.01622038707137108
70 160 0.01772075891494751
70 240 0.043361276388168335
70 320 0.022313814610242844
70 400 0.006365672219544649
71 0 0.02405494637787342
71 80 0.010043549351394176
71 160 0.01209180150181055
71 240 0.015225162729620934
71 320 0.008342240937054157
71 400 0.0064600505866110325
72 0 0.008764413185417652
72 80 0.004041486419737339
72 160 0.011021001264452934
72 240 0.013440016657114029
72 320 0.016333170235157013
72 400 0.014590712264180183
73 0 0.010811489075422287
73 80 0.014567692764103413
73 160 0.011620094068348408
73 240 0.019727488979697227
73 320 0.009282279759645462
73 400 0.022592661902308464
74 0 0.006531647406518459
74 80 0.043496645987033844
74 160 0.011072513647377491
74 240 0.010716301389038563
74 320 0.023390350863337517
74 400 0.009020280092954636
75 0 0.00871968548744917
75 80 0.013057486154139042
75 160 0.008500833995640278
75 240 0.007432886864989996
75 320 0.008677762001752853
75 400 0.020230282098054886
76 0 0.012306081131100655
76 80 0.006554984021931887
76 160 0.014083080925047398
76 240 0.004462248645722866
76 320 0.012557885609567165
76 400 0.025346199050545692
77 0 0.015069489367306232
77 80 0.01451881229877472
77 160 0.012379845604300499
77 240 0.007015874609351158
77 320 0.009014721028506756
77 400 0.015143544413149357
78 0 0.007511359639465809
78 80 0.006979591213166714
78 160 0.008720848709344864
78 240 0.01020569633692503
78 320 0.018336836248636246
78 400 0.008673768490552902
79 0 0.010247894562780857
79 80 0.004128380212932825
79 160 0.01539156585931778
79 240 0.014308690093457699
79 320 0.014811746776103973
79 400 0.008066865615546703
80 0 0.014123921282589436
80 80 0.010895077139139175
80 160 0.01387809682637453
80 240 0.0173195768147707
80 320 0.030174311250448227
80 400 0.013810559175908566
81 0 0.013192620128393173
81 80 0.016339227557182312
81 160 0.011736693792045116
81 240 0.008394870907068253
81 320 0.012905381619930267
81 400 0.009779579937458038
82 0 0.0189066119492054
82 80 0.020047329366207123
82 160 0.005059416871517897
82 240 0.010094079189002514
82 320 0.015168962068855762
82 400 0.007813473232090473
83 0 0.011198488995432854
83 80 0.008385945111513138
83 160 0.02011074125766754
83 240 0.013702251948416233
83 320 0.009427070617675781
83 400 0.015552391298115253
84 0 0.01567051187157631
84 80 0.006608498748391867
84 160 0.007341400720179081
84 240 0.005148363299667835
84 320 0.021882468834519386
84 400 0.014149892143905163
85 0 0.01613530144095421
85 80 0.009180598892271519
85 160 0.007859207689762115
85 240 0.025338932871818542
85 320 0.025128694251179695
85 400 0.005891719367355108
86 0 0.006668184418231249
86 80 0.010967918671667576
86 160 0.008033300749957561
86 240 0.011052006855607033
86 320 0.01277818251401186
86 400 0.0067672124132514
87 0 0.014320661313831806
87 80 0.014504454098641872
87 160 0.02209451235830784
87 240 0.01416721660643816
87 320 0.009948624297976494
87 400 0.010736764408648014
88 0 0.009465052746236324
88 80 0.009526032954454422
88 160 0.009343331679701805
88 240 0.009389439597725868
88 320 0.013141423463821411
88 400 0.01519448310136795
89 0 0.010901586152613163
89 80 0.00807349942624569
89 160 0.005420766305178404
89 240 0.0045961434952914715
89 320 0.014945220202207565
89 400 0.016566500067710876
90 0 0.007122303359210491
90 80 0.00843118317425251
90 160 0.027165349572896957
90 240 0.02208677865564823
90 320 0.025624798610806465
90 400 0.01885239966213703
91 0 0.011526119895279408
91 80 0.01972583495080471
91 160 0.006404518149793148
91 240 0.014244268648326397
91 320 0.008892334997653961
91 400 0.009299256838858128
92 0 0.011507251299917698
92 80 0.010754539631307125
92 160 0.0069495984353125095
92 240 0.006515480112284422
92 320 0.005927753169089556
92 400 0.011461258865892887
93 0 0.011284786276519299
93 80 0.020089643076062202
93 160 0.008831216022372246
93 240 0.005552385933697224
93 320 0.019889241084456444
93 400 0.019391868263483047
94 0 0.010957570746541023
94 80 0.018576696515083313
94 160 0.013750134967267513
94 240 0.005484442692250013
94 320 0.004579548258334398
94 400 0.012381543405354023
95 0 0.008860450237989426
95 80 0.008963155560195446
95 160 0.011419720947742462
95 240 0.008702577091753483
95 320 0.009729173965752125
95 400 0.011438021436333656
96 0 0.0054099224507808685
96 80 0.009478811174631119
96 160 0.005267932079732418
96 240 0.007655413821339607
96 320 0.009658518247306347
96 400 0.01001107506453991
97 0 0.0061508347280323505
97 80 0.013249391689896584
97 160 0.014685624279081821
97 240 0.05536160618066788
97 320 0.0078072804026305676
97 400 0.011550461873412132
98 0 0.003834857139736414
98 80 0.006007927004247904
98 160 0.009690062142908573
98 240 0.012826294638216496
98 320 0.007032684050500393
98 400 0.008031398989260197
99 0 0.006720831152051687
99 80 0.014601465314626694
99 160 0.0059670014306902885
99 240 0.008516743779182434
99 320 0.014116553589701653
99 400 0.0038951984606683254
100 0 0.004802177660167217
100 80 0.007205802947282791
100 160 0.010640572756528854
100 240 0.008111217059195042
100 320 0.015564183704555035
100 400 0.008971719071269035
101 0 0.008847285993397236
101 80 0.013939551077783108
101 160 0.011829257942736149
101 240 0.008233475498855114
101 320 0.005290340632200241
101 400 0.011776632629334927
102 0 0.006388531066477299
102 80 0.00780669879168272
102 160 0.0027367263101041317
102 240 0.00846357923001051
102 320 0.011371665634214878
102 400 0.013337821699678898
103 0 0.005053126253187656
103 80 0.015141958370804787
103 160 0.004982180427759886
103 240 0.0028860277961939573
103 320 0.012990145944058895
103 400 0.004642056301236153
104 0 0.008844999596476555
104 80 0.006252165883779526
104 160 0.013388648629188538
104 240 0.007451977115124464
104 320 0.009019811637699604
104 400 0.008968672715127468
105 0 0.00915205106139183
105 80 0.0067604281939566135
105 160 0.009109280072152615
105 240 0.010607326403260231
105 320 0.003503388026729226
105 400 0.012012258172035217
106 0 0.005206465255469084
106 80 0.020488543435931206
106 160 0.0083245187997818
106 240 0.006370304152369499
106 320 0.007001849357038736
106 400 0.007871382869780064
107 0 0.011802338995039463
107 80 0.007889632135629654
107 160 0.008113057352602482
107 240 0.00939967017620802
107 320 0.011658472940325737
107 400 0.0049352156929671764
108 0 0.012081382796168327
108 80 0.009935842826962471
108 160 0.007814213633537292
108 240 0.00991805735975504
108 320 0.011026203632354736
108 400 0.009804590605199337
109 0 0.006231583189219236
109 80 0.01451003085821867
109 160 0.002674077171832323
109 240 0.012586678378283978
109 320 0.007661820389330387
109 400 0.003927778918296099
110 0 0.005890277214348316
110 80 0.009883844293653965
110 160 0.007641291711479425
110 240 0.0070719243958592415
110 320 0.009460575878620148
110 400 0.006270790472626686
111 0 0.0034950650297105312
111 80 0.011307328939437866
111 160 0.009758158586919308
111 240 0.004083001986145973
111 320 0.005757744889706373
111 400 0.010037967935204506
112 0 0.005042067263275385
112 80 0.010682289488613605
112 160 0.005892049055546522
112 240 0.008483661338686943
112 320 0.00470062205567956
112 400 0.009871607646346092
113 0 0.00691389013081789
113 80 0.006823045201599598
113 160 0.007979066111147404
113 240 0.006804991979151964
113 320 0.005994332022964954
113 400 0.011055810377001762
114 0 0.00671769492328167
114 80 0.010911445133388042
114 160 0.0059454189613461494
114 240 0.011902522295713425
114 320 0.009285956621170044
114 400 0.006279353983700275
115 0 0.003255698597058654
115 80 0.011543234810233116
115 160 0.005213759373873472
115 240 0.008975880220532417
115 320 0.010520224459469318
115 400 0.004176443908363581
116 0 0.008773702196776867
116 80 0.006487094797194004
116 160 0.00958210602402687
116 240 0.0020708576776087284
116 320 0.006347485352307558
116 400 0.0053060008212924
117 0 0.015019961632788181
117 80 0.008792164735496044
117 160 0.008196099661290646
117 240 0.004311650991439819
117 320 0.008177545852959156
117 400 0.007734629791229963
118 0 0.0033540574368089437
118 80 0.006272648461163044
118 160 0.007075694855302572
118 240 0.008178380317986012
118 320 0.006965782959014177
118 400 0.014875879511237144
119 0 0.0019046635134145617
119 80 0.00682272482663393
119 160 0.0045853364281356335
119 240 0.006984006613492966
119 320 0.009929090738296509
119 400 0.005922001786530018
120 0 0.0033526725601404905
120 80 0.004641535691916943
120 160 0.006979074329137802
120 240 0.010908229276537895
120 320 0.00970846600830555
120 400 0.005620372015982866
121 0 0.009061957709491253
121 80 0.00851359311491251
121 160 0.004353595431894064
121 240 0.009016158059239388
121 320 0.004383366089314222
121 400 0.008237485773861408
122 0 0.005906839855015278
122 80 0.004280316177755594
122 160 0.00937504693865776
122 240 0.00950972642749548
122 320 0.0037168413400650024
122 400 0.009841741994023323
123 0 0.006205648649483919
123 80 0.008662031032145023
123 160 0.007643716875463724
123 240 0.003615363733842969
123 320 0.007096539717167616
123 400 0.0065925936214625835
124 0 0.008044051937758923
124 80 0.010236312635242939
124 160 0.0029134817887097597
124 240 0.0041767628863453865
124 320 0.004793576430529356
124 400 0.00731432531028986
125 0 0.002893277211114764
125 80 0.003750534961000085
125 160 0.006162632722407579
125 240 0.005704907234758139
125 320 0.0043275486677885056
125 400 0.002060130937024951
126 0 0.007377252914011478
126 80 0.0095283268019557
126 160 0.005499543156474829
126 240 0.004067368805408478
126 320 0.006423103157430887
126 400 0.004939934704452753
127 0 0.0027736169286072254
127 80 0.006839241832494736
127 160 0.004037925042212009
127 240 0.005926497280597687
127 320 0.0046568927355110645
127 400 0.004432410001754761
128 0 0.007118957582861185
128 80 0.0030615092255175114
128 160 0.006610934156924486
128 240 0.007438100874423981
128 320 0.007262731436640024
128 400 0.006471551954746246
129 0 0.00687733618542552
129 80 0.006390636786818504
129 160 0.008164603263139725
129 240 0.0015275833429768682
129 320 0.010447543114423752
129 400 0.004497680347412825
130 0 0.007202011067420244
130 80 0.0031676131766289473
130 160 0.009255173616111279
130 240 0.007959898561239243
130 320 0.008798121474683285
130 400 0.00618241261690855
131 0 0.003922098781913519
131 80 0.005205096211284399
131 160 0.009821327403187752
131 240 0.009247667156159878
131 320 0.005312606226652861
131 400 0.006103931926190853
132 0 0.009537482634186745
132 80 0.006155727431178093
132 160 0.006014341954141855
132 240 0.00963336881250143
132 320 0.005990197882056236
132 400 0.005399580113589764
133 0 0.004329914227128029
133 80 0.005134269129484892
133 160 0.012255913577973843
133 240 0.007149063516408205
133 320 0.005356806796044111
133 400 0.008539344184100628
134 0 0.002377730328589678
134 80 0.007465058006346226
134 160 0.006656284909695387
134 240 0.011230960488319397
134 320 0.0042107547633349895
134 400 0.004840318113565445
135 0 0.007013347931206226
135 80 0.005758137907832861
135 160 0.0038136341609060764
135 240 0.0058868201449513435
135 320 0.007196895312517881
135 400 0.004018227569758892
136 0 0.00248927203938365
136 80 0.004834263119846582
136 160 0.0032412849832326174
136 240 0.007249133195728064
136 320 0.005626969039440155
136 400 0.008076917380094528
137 0 0.007826339453458786
137 80 0.008570180274546146
137 160 0.008292420767247677
137 240 0.0030030456837266684
137 320 0.006564911454916
137 400 0.003364721778780222
138 0 0.0057071661576628685
138 80 0.004677497316151857
138 160 0.006228528916835785
138 240 0.005050704814493656
138 320 0.004619405139237642
138 400 0.0017813779413700104
139 0 0.004309125244617462
139 80 0.004080309998244047
139 160 0.004017611499875784
139 240 0.005765828303992748
139 320 0.0062418654561042786
139 400 0.004942638333886862
140 0 0.0062598311342298985
140 80 0.005693838000297546
140 160 0.0049164132215082645
140 240 0.0026476429775357246
140 320 0.005293709225952625
140 400 0.0069948770105838776
141 0 0.003842940554022789
141 80 0.005803161766380072
141 160 0.005103934556245804
141 240 0.0026348449755460024
141 320 0.0068743606097996235
141 400 0.004574413876980543
142 0 0.006410728208720684
142 80 0.006217477843165398
142 160 0.004402959253638983
142 240 0.0062916334718465805
142 320 0.004830494523048401
142 400 0.004119943827390671
143 0 0.006111771799623966
143 80 0.004976152442395687
143 160 0.0032607971224933863
143 240 0.008742493577301502
143 320 0.0072702206671237946
143 400 0.006222911644726992
144 0 0.006577181164175272
144 80 0.005814532283693552
144 160 0.006831082049757242
144 240 0.001914842869155109
144 320 0.0020466966088861227
144 400 0.004523768555372953
145 0 0.003343905322253704
145 80 0.005312803201377392
145 160 0.005345294252038002
145 240 0.0039767976850271225
145 320 0.010806006379425526
145 400 0.00582882622256875
146 0 0.004249480552971363
146 80 0.005401339381933212
146 160 0.0018534284317865968
146 240 0.008810228668153286
146 320 0.002309028059244156
146 400 0.003973063081502914
147 0 0.006192209664732218
147 80 0.0038070757873356342
147 160 0.007724553346633911
147 240 0.004900211934000254
147 320 0.002987554296851158
147 400 0.002286802977323532
148 0 0.0063902572728693485
148 80 0.006519967224448919
148 160 0.0036697702016681433
148 240 0.005550779867917299
148 320 0.0049718571826815605
148 400 0.004179782699793577
149 0 0.006829032674431801
149 80 0.0048174671828746796
149 160 0.004459415562450886
149 240 0.003409663448110223
149 320 0.005475113168358803
149 400 0.004203966818749905
150 0 0.002448518993332982
150 80 0.005923760123550892
150 160 0.005770597606897354
150 240 0.007806950714439154
150 320 0.0062646581791341305
150 400 0.006877450738102198
151 0 0.00552986329421401
151 80 0.0037720403634011745
151 160 0.0053608231246471405
151 240 0.003837867872789502
151 320 0.0034475885331630707
151 400 0.005059080198407173
152 0 0.004222350660711527
152 80 0.003933739848434925
152 160 0.006971940863877535
152 240 0.00575653463602066
152 320 0.0076843746937811375
152 400 0.00506102479994297
153 0 0.00429793493822217
153 80 0.006775790359824896
153 160 0.0041602798737585545
153 240 0.007175522856414318
153 320 0.003929272759705782
153 400 0.005276525393128395
154 0 0.007097081281244755
154 80 0.005316984374076128
154 160 0.010557574220001698
154 240 0.004030691459774971
154 320 0.004291811492294073
154 400 0.004516269080340862
155 0 0.004282667301595211
155 80 0.004740156698971987
155 160 0.0066670882515609264
155 240 0.002972529036924243
155 320 0.00597828533500433
155 400 0.0026004912797361612
156 0 0.003967130556702614
156 80 0.003603198565542698
156 160 0.004346710629761219
156 240 0.00384890497662127
156 320 0.0026050021406263113
156 400 0.003749316092580557
157 0 0.0018409733893349767
157 80 0.0067583899945020676
157 160 0.0033576206769794226
157 240 0.003193265525624156
157 320 0.0024890610948204994
157 400 0.005968758836388588
158 0 0.0014901465037837625
158 80 0.005866024177521467
158 160 0.0023548095487058163
158 240 0.00857054814696312
158 320 0.004324492532759905
158 400 0.007292210590094328
159 0 0.0037619811482727528
159 80 0.003406085539609194
159 160 0.002073287731036544
159 240 0.003309787018224597
159 320 0.004834056831896305
159 400 0.004474909510463476
160 0 0.0015187048120424151
160 80 0.0017508837627246976
160 160 0.0046316576190292835
160 240 0.0051203519105911255
160 320 0.003427613992244005
160 400 0.005892218090593815
161 0 0.0019009652314707637
161 80 0.00414069602265954
161 160 0.001985967857763171
161 240 0.003982953727245331
161 320 0.002668728120625019
161 400 0.004339027684181929
162 0 0.0017508340533822775
162 80 0.0045483894646167755
162 160 0.005134241655468941
162 240 0.0019599581137299538
162 320 0.0028338658157736063
162 400 0.002243436174467206
163 0 0.00844553578644991
163 80 0.003266369691118598
163 160 0.002692552050575614
163 240 0.0040252357721328735
163 320 0.00494604604318738
163 400 0.004718876909464598
164 0 0.0029050393495708704
164 80 0.006311970762908459
164 160 0.005050987005233765
164 240 0.004648568574339151
164 320 0.0050453850999474525
164 400 0.004873394034802914
165 0 0.0044539435766637325
165 80 0.002462423173710704
165 160 0.002813182771205902
165 240 0.007288532331585884
165 320 0.0027328815776854753
165 400 0.004045912995934486
166 0 0.0017476355424150825
166 80 0.003040170995518565
166 160 0.0033811312168836594
166 240 0.005388686899095774
166 320 0.0029643476009368896
166 400 0.0031803769525140524
167 0 0.00471819844096899
167 80 0.0035820789635181427
167 160 0.0042040166445076466
167 240 0.0035652427468448877
167 320 0.004190264735370874
167 400 0.003407861804589629
168 0 0.0032453888561576605
168 80 0.006959440652281046
168 160 0.004008076619356871
168 240 0.0037804506719112396
168 320 0.0029629990458488464
168 400 0.005351531319320202
169 0 0.0014631125377491117
169 80 0.003574870992451906
169 160 0.0034402301535010338
169 240 0.00538429943844676
169 320 0.00330281350761652
169 400 0.002707148902118206
170 0 0.007845825515687466
170 80 0.00248134252615273
170 160 0.005235729273408651
170 240 0.003377407556399703
170 320 0.0039405906572937965
170 400 0.006785533856600523
171 0 0.0034474381245672703
171 80 0.004097395576536655
171 160 0.004276950377970934
171 240 0.0031569120474159718
171 320 0.0037092799320816994
171 400 0.0038525245618075132
172 0 0.0025112165603786707
172 80 0.0037069139070808887
172 160 0.0034420727752149105
172 240 0.001572816981934011
172 320 0.005124157294631004
172 400 0.0032930292654782534
173 0 0.0016752451192587614
173 80 0.004338844679296017
173 160 0.00160593178588897
173 240 0.0034328284673392773
173 320 0.0035443438682705164
173 400 0.006564870476722717
174 0 0.0039482563734054565
174 80 0.004853661172091961
174 160 0.0026064966805279255
174 240 0.00703534297645092
174 320 0.003133113030344248
174 400 0.0010471882997080684
175 0 0.00388318975456059
175 80 0.0052369143813848495
175 160 0.0042800456285476685
175 240 0.0028451946564018726
175 320 0.003901771502569318
175 400 0.0020782570354640484
176 0 0.004345746245235205
176 80 0.005881459917873144
176 160 0.004459198564291
176 240 0.004901796579360962
176 320 0.004331689793616533
176 400 0.005782014690339565
177 0 0.00435755355283618
177 80 0.002338934922590852
177 160 0.0050886631943285465
177 240 0.003333994885906577
177 320 0.002760291565209627
177 400 0.00515191862359643
178 0 0.0027643514331430197
178 80 0.0022116212639957666
178 160 0.0021775728091597557
178 240 0.00432712072506547
178 320 0.004632759373635054
178 400 0.002662561135366559
179 0 0.003181415842846036
179 80 0.002212866209447384
179 160 0.0023374389857053757
179 240 0.0027533313259482384
179 320 0.004143622238188982
179 400 0.003916348796337843
180 0 0.002300739986822009
180 80 0.003538613673299551
180 160 0.0041081965900957584
180 240 0.0037321557756513357
180 320 0.0025801975280046463
180 400 0.001414682250469923
181 0 0.0033907194156199694
181 80 0.009016252122819424
181 160 0.002210316713899374
181 240 0.004565270617604256
181 320 0.003097977489233017
181 400 0.003059579059481621
182 0 0.0026306738145649433
182 80 0.0033933029044419527
182 160 0.0011189571814611554
182 240 0.006359631661325693
182 320 0.003568489570170641
182 400 0.0018748942529782653
183 0 0.0053933062590658665
183 80 0.0036168755032122135
183 160 0.0031335907988250256
183 240 0.0021660428028553724
183 320 0.002301917877048254
183 400 0.003151841927319765
184 0 0.005956545937806368
184 80 0.0023741230834275484
184 160 0.0016227328451350331
184 240 0.002329604933038354
184 320 0.001630539889447391
184 400 0.00339462049305439
185 0 0.0045842272229492664
185 80 0.003244565101340413
185 160 0.0022171461023390293
185 240 0.005814928561449051
185 320 0.0033542122691869736
185 400 0.0030034754890948534
186 0 0.002873827237635851
186 80 0.0042815846391022205
186 160 0.0024485650938004255
186 240 0.003053058870136738
186 320 0.001870493171736598
186 400 0.0035514209885150194
187 0 0.0015429719351232052
187 80 0.0039298380725085735
187 160 0.00232311082072556
187 240 0.003151519224047661
187 320 0.0022930048871785402
187 400 0.0033071888610720634
188 0 0.002970080589875579
188 80 0.0057943444699049
188 160 0.0025733730290085077
188 240 0.007519882638007402
188 320 0.0035912212915718555
188 400 0.0032343873754143715
189 0 0.001865834230557084
189 80 0.00240908470004797
189 160 0.00366572686471045
189 240 0.0015155267901718616
189 320 0.0027757573407143354
189 400 0.002545991213992238
190 0 0.0018175115110352635
190 80 0.005493286997079849
190 160 0.003632694249972701
190 240 0.003038743045181036
190 320 0.0018916187109425664
190 400 0.00324552645906806
191 0 0.005644332617521286
191 80 0.0022807931527495384
191 160 0.005959079600870609
191 240 0.00497215474024415
191 320 0.006217081565409899
191 400 0.0037257911171764135
192 0 0.0035960599780082703
192 80 0.002513113897293806
192 160 0.0032983296550810337
192 240 0.005540198180824518
192 320 0.0028361575677990913
192 400 0.005070848390460014
193 0 0.003531666472554207
193 80 0.0028172594029456377
193 160 0.0028254827484488487
193 240 0.0019394425908103585
193 320 0.003413837868720293
193 400 0.0025285086594522
194 0 0.004043736960738897
194 80 0.0034803026355803013
194 160 0.0033139479346573353
194 240 0.0015524346381425858
194 320 0.002456409391015768
194 400 0.0025210308376699686
195 0 0.002659119898453355
195 80 0.0032368921674788
195 160 0.0025530122220516205
195 240 0.006571308709681034
195 320 0.0023200074210762978
195 400 0.0030622940976172686
196 0 0.002023600274696946
196 80 0.002194407396018505
196 160 0.002438352210447192
196 240 0.0035603917203843594
196 320 0.0019760329741984606
196 400 0.002385496161878109
197 0 0.0025816340930759907
197 80 0.002273997524753213
197 160 0.0018228394910693169
197 240 0.0012916952837258577
197 320 0.0023096553049981594
197 400 0.00237652356736362
198 0 0.0021989301312714815
198 80 0.002179084112867713
198 160 0.0026842011138796806
198 240 0.004283254966139793
198 320 0.004450803156942129
198 400 0.0013907160609960556
199 0 0.002790177473798394
199 80 0.002712719840928912
199 160 0.0057519408874213696
199 240 0.0029475921764969826
199 320 0.0030010065529495478
199 400 0.0022187496069818735
200 0 0.001866659033112228
200 80 0.004141825716942549
200 160 0.004623585846275091
200 240 0.0028580802027136087
200 320 0.0028771774377673864
200 400 0.002677570329979062
201 0 0.004545156378298998
201 80 0.003319151233881712
201 160 0.003960040397942066
201 240 0.004543421324342489
201 320 0.00352727179415524
201 400 0.006829950027167797
202 0 0.0026198255363851786
202 80 0.003039267612621188
202 160 0.0038417167961597443
202 240 0.004214223474264145
202 320 0.0033188683446496725
202 400 0.0036027177702635527
203 0 0.002903727348893881
203 80 0.002009313553571701
203 160 0.002212774008512497
203 240 0.003627926344051957
203 320 0.0024752297904342413
203 400 0.004370884504169226
204 0 0.002069240901619196
204 80 0.0019463396165519953
204 160 0.0011217354331165552
204 240 0.004057643935084343
204 320 0.003459293395280838
204 400 0.003421818371862173
205 0 0.0027179461903870106
205 80 0.0016017452580854297
205 160 0.001918757683597505
205 240 0.004664761479943991
205 320 0.002808735938742757
205 400 0.003461199114099145
206 0 0.004234867636114359
206 80 0.0023934047203511
206 160 0.0022670726757496595
206 240 0.0036420118995010853
206 320 0.003921469207853079
206 400 0.002265629358589649
207 0 0.001239268109202385
207 80 0.0033103334717452526
207 160 0.0031078686006367207
207 240 0.005460239481180906
207 320 0.0009648898267187178
207 400 0.0026075642090290785
208 0 0.0027255716267973185
208 80 0.002316898200660944
208 160 0.0034304428845643997
208 240 0.004164915066212416
208 320 0.00491880439221859
208 400 0.003597913309931755
209 0 0.002718387171626091
209 80 0.004137186333537102
209 160 0.0029477004427462816
209 240 0.002923526568338275
209 320 0.003721775021404028
209 400 0.0041213384829461575
210 0 0.0032749073579907417
210 80 0.003275388153269887
210 160 0.0035798202734440565
210 240 0.002367469249293208
210 320 0.003185085952281952
210 400 0.004823565483093262
211 0 0.0016942501533776522
211 80 0.0023539764806628227
211 160 0.0020082255359739065
211 240 0.003989065531641245
211 320 0.0027257276233285666
211 400 0.0022540735080838203
212 0 0.0019637136720120907
212 80 0.0018247220432385802
212 160 0.0025712859351187944
212 240 0.002537560649216175
212 320 0.0037919385358691216
212 400 0.00258817826397717
213 0 0.0027661893982440233
213 80 0.002077107084915042
213 160 0.0023024275433272123
213 240 0.002783810952678323
213 320 0.002201054012402892
213 400 0.0034415717236697674
214 0 0.002200283808633685
214 80 0.003553254995495081
214 160 0.0016041233902797103
214 240 0.002329423790797591
214 320 0.003145866561681032
214 400 0.0034666915889829397
215 0 0.004476581234484911
215 80 0.0023231124505400658
215 160 0.004734488669782877
215 240 0.002154004294425249
215 320 0.0019403421320021152
215 400 0.0030215929728001356
216 0 0.001956260995939374
216 80 0.001771004986949265
216 160 0.002925947541370988
216 240 0.003707112278789282
216 320 0.003850977635011077
216 400 0.0018815925577655435
217 0 0.002264397917315364
217 80 0.0035648192279040813
217 160 0.0036786035634577274
217 240 0.0018223152728751302
217 320 0.002239912049844861
217 400 0.002660222817212343
218 0 0.0007716095424257219
218 80 0.0033098063431680202
218 160 0.0016985266702249646
218 240 0.0008496301015838981
218 320 0.0027426297310739756
218 400 0.001323049538768828
219 0 0.002244741888716817
219 80 0.002244062488898635
219 160 0.0036595817655324936
219 240 0.0028326825704425573
219 320 0.0013250409392639995
219 400 0.002821339061483741
220 0 0.0025622565299272537
220 80 0.0038135587237775326
220 160 0.0020920748356729746
220 240 0.002016284503042698
220 320 0.002174999797716737
220 400 0.0024401922710239887
221 0 0.00304700736887753
221 80 0.0023594459053128958
221 160 0.0015230957651510835
221 240 0.0030471528880298138
221 320 0.0031781315337866545
221 400 0.0024676783941686153
222 0 0.0045699868351221085
222 80 0.003519384888932109
222 160 0.0029871193692088127
222 240 0.0030896610114723444
222 320 0.0019994766917079687
222 400 0.002088576089590788
223 0 0.003124876646324992
223 80 0.003145580179989338
223 160 0.0048143998719751835
223 240 0.0022065837401896715
223 320 0.0026467584539204836
223 400 0.003798510879278183
224 0 0.0020612271036952734
224 80 0.001957864733412862
224 160 0.0032782431226223707
224 240 0.003814412048086524
224 320 0.003155165584757924
224 400 0.002932678209617734
225 0 0.0012470587389543653
225 80 0.00374009320512414
225 160 0.0038201501592993736
225 240 0.00331113557331264
225 320 0.002719754818826914
225 400 0.002110925270244479
226 0 0.002330509014427662
226 80 0.0031603232491761446
226 160 0.0026942419353872538
226 240 0.0026520318351686
226 320 0.00403642700985074
226 400 0.0019923155196011066
227 0 0.0017491650069132447
227 80 0.004535261541604996
227 160 0.003955149091780186
227 240 0.002023882232606411
227 320 0.001859496464021504
227 400 0.003292500739917159
228 0 0.0021699436474591494
228 80 0.001667735748924315
228 160 0.0012369948672130704
228 240 0.0012028957717120647
228 320 0.0008380495710298419
228 400 0.0013933349400758743
229 0 0.0022036670707166195
229 80 0.004297116305679083
229 160 0.0025853354018181562
229 240 0.001709234551526606
229 320 0.0014494318747892976
229 400 0.0038832498248666525
230 0 0.0032458947971463203
230 80 0.003725379705429077
230 160 0.0022744075395166874
230 240 0.0021410337649285793
230 320 0.0016540534561499953
230 400 0.0011129205813631415
231 0 0.002188384532928467
231 80 0.003218902973458171
231 160 0.0017787028336897492
231 240 0.00265112123452127
231 320 0.002458485309034586
231 400 0.0010855811415240169
232 0 0.0017050461610779166
232 80 0.0027540940791368484
232 160 0.0033611729741096497
232 240 0.0018953644903376698
232 320 0.002123422920703888
232 400 0.003007323481142521
233 0 0.0009124058415181935
233 80 0.0018094867700710893
233 160 0.0027856186497956514
233 240 0.0008661892497912049
233 320 0.0036178352311253548
233 400 0.002586384303867817
234 0 0.0028374572284519672
234 80 0.002391805173829198
234 160 0.0030058755073696375
234 240 0.002996096620336175
234 320 0.002864995039999485
234 400 0.0027870789635926485
235 0 0.001649195677600801
235 80 0.0019908566027879715
235 160 0.0011465336428955197
235 240 0.0019894875586032867
235 320 0.0010787732899188995
235 400 0.0019223190611228347
236 0 0.0012580595212057233
236 80 0.002835761057212949
236 160 0.0024314948823302984
236 240 0.0030734592583030462
236 320 0.002638327656313777
236 400 0.0026798308826982975
237 0 0.003774824785068631
237 80 0.0030263036023825407
237 160 0.002720871940255165
237 240 0.0016709596384316683
237 320 0.0022779402788728476
237 400 0.002792425686493516
238 0 0.0023390392307192087
238 80 0.0022961213253438473
238 160 0.0029391958378255367
238 240 0.0026889778673648834
238 320 0.001464292872697115
238 400 0.002961253747344017
239 0 0.0011602368904277682
239 80 0.0021860955748707056
239 160 0.0017558529507368803
239 240 0.002080354606732726
239 320 0.0014820939395576715
239 400 0.0017798725748434663
240 0 0.002983769401907921
240 80 0.0024819897953420877
240 160 0.0027196344453841448
240 240 0.0012330356985330582
240 320 0.0014050272293388844
240 400 0.0035266701597720385
241 0 0.0018429132178425789
241 80 0.0029074945487082005
241 160 0.003149242838844657
241 240 0.0036623638588935137
241 320 0.004094946663826704
241 400 0.002239909255877137
242 0 0.003136219922453165
242 80 0.0017325549852102995
242 160 0.0018794331699609756
242 240 0.0023889632429927588
242 320 0.0030470117926597595
242 400 0.0022197950165718794
243 0 0.001775701530277729
243 80 0.003954275045543909
243 160 0.0037938114255666733
243 240 0.002428889274597168
243 320 0.004397022072225809
243 400 0.0031032594852149487
244 0 0.0015275886980816722
244 80 0.002252827165648341
244 160 0.0005792325828224421
244 240 0.002934110350906849
244 320 0.002847704803571105
244 400 0.0019089175621047616
245 0 0.0013536717742681503
245 80 0.004531629849225283
245 160 0.0034890298265963793
245 240 0.003939422778785229
245 320 0.0023088986054062843
245 400 0.0022059509065002203
246 0 0.004976711701601744
246 80 0.0023749261163175106
246 160 0.0021404761355370283
246 240 0.002758709015324712
246 320 0.0024063456803560257
246 400 0.0016463343054056168
247 0 0.0016535172471776605
247 80 0.0017469862941652536
247 160 0.0030612191185355186
247 240 0.0013390162494033575
247 320 0.0025588201824575663
247 400 0.0033322512172162533
248 0 0.0016083193477243185
248 80 0.002450998406857252
248 160 0.002127649961039424
248 240 0.0025859870947897434
248 320 0.0017631911905482411
248 400 0.002301891101524234
249 0 0.00329982559196651
249 80 0.001841356628574431
249 160 0.0021802945993840694
249 240 0.0022960517089813948
249 320 0.0019815450068563223
249 400 0.0023200660943984985
250 0 0.00403476832434535
250 80 0.0012905113399028778
250 160 0.0022275454830378294
250 240 0.002135481219738722
250 320 0.0019075990421697497
250 400 0.00224804668687284
251 0 0.0021539139561355114
251 80 0.0029569698963314295
251 160 0.003852332942187786
251 240 0.0029238692950457335
251 320 0.0014178706333041191
251 400 0.002431849716231227
252 0 0.0023980627302080393
252 80 0.002885713241994381
252 160 0.0015990169486030936
252 240 0.002041524974629283
252 320 0.0013655087677761912
252 400 0.002048246096819639
253 0 0.002731635933741927
253 80 0.0023065204732120037
253 160 0.0011187795316800475
253 240 0.0028896997682750225
253 320 0.0017694371053948998
253 400 0.0029990195762366056
254 0 0.0032291992101818323
254 80 0.0018827812746167183
254 160 0.0014671715907752514
254 240 0.0006049555377103388
254 320 0.0020520766265690327
254 400 0.0032924737315624952
255 0 0.0013757012784481049
255 80 0.001515305950306356
255 160 0.0030589390080422163
255 240 0.0017940689576789737
255 320 0.001149152172729373
255 400 0.0028002180624753237
256 0 0.0017900337697938085
256 80 0.0016043696086853743
256 160 0.0036559300497174263
256 240 0.0036543929018080235
256 320 0.002089011948555708
256 400 0.0009016518597491086
257 0 0.0016077382024377584
257 80 0.0023084268905222416
257 160 0.0009061110904440284
257 240 0.001227229950018227
257 320 0.0026860765647143126
257 400 0.0022035916335880756
258 0 0.0019168687285855412
258 80 0.0009825614979490638
258 160 0.002786050084978342
258 240 0.0019955935422331095
258 320 0.0017322005005553365
258 400 0.0022998733911663294
259 0 0.0020024427212774754
259 80 0.0019335404504090548
259 160 0.0022634624037891626
259 240 0.0031628175638616085
259 320 0.0018827130552381277
259 400 0.0007503653760068119
260 0 0.0012502900790423155
260 80 0.001604496850632131
260 160 0.0012358275707811117
260 240 0.002262178808450699
260 320 0.00266103888861835
260 400 0.0012773851631209254
261 0 0.0007396435830742121
261 80 0.0025868213269859552
261 160 0.0023800067137926817
261 240 0.002919634571298957
261 320 0.0017246071947738528
261 400 0.0016928846016526222
262 0 0.001551013789139688
262 80 0.002076726173982024
262 160 0.0026399497874081135
262 240 0.0027641295455396175
262 320 0.0017321223858743906
262 400 0.0029666670598089695
263 0 0.0022341127041727304
263 80 0.002366797300055623
263 160 0.00242410390637815
263 240 0.0017225273186340928
263 320 0.0025862117763608694
263 400 0.0008459091768600047
264 0 0.0019212919287383556
264 80 0.0012643900699913502
264 160 0.002370580332353711
264 240 0.001514908391982317
264 320 0.0034155803732573986
264 400 0.0023695393465459347
265 0 0.001696502324193716
265 80 0.0011558780679479241
265 160 0.0015164809301495552
265 240 0.0027384436689317226
265 320 0.0021766836289316416
265 400 0.0034092837013304234
266 0 0.001090959762223065
266 80 0.002255714498460293
266 160 0.0009030972723849118
266 240 0.0016830756794661283
266 320 0.001526416395790875
266 400 0.0018445365130901337
267 0 0.0011684634955599904
267 80 0.001813886919990182
267 160 0.0023102406412363052
267 240 0.0008279714384116232
267 320 0.002453269436955452
267 400 0.001638046815060079
268 0 0.00072021025698632
268 80 0.0012167986715212464
268 160 0.002346242079511285
268 240 0.0030364354606717825
268 320 0.00330861983820796
268 400 0.0019465707009658217
269 0 0.00175842538010329
269 80 0.0018334317719563842
269 160 0.0019136547343805432
269 240 0.0015343941049650311
269 320 0.001873041852377355
269 400 0.0010361871682107449
270 0 0.0022519868798553944
270 80 0.0018297454807907343
270 160 0.0026276663411408663
270 240 0.0026774920988827944
270 320 0.0012776557123288512
270 400 0.001629008911550045
271 0 0.0006193605368025601
271 80 0.0009803862776607275
271 160 0.0023058827500790358
271 240 0.0025165530387312174
271 320 0.002106542233377695
271 400 0.0026443128008395433
272 0 0.0009651868022046983
272 80 0.0021127243526279926
272 160 0.001830619410611689
272 240 0.002223568269982934
272 320 0.0009398036636412144
272 400 0.001334498985670507
273 0 0.002485505770891905
273 80 0.001414019614458084
273 160 0.0021951873786747456
273 240 0.0018558407900854945
273 320 0.0013581935781985521
273 400 0.001077410881407559
274 0 0.0007058634073473513
274 80 0.001710165524855256
274 160 0.0025530902203172445
274 240 0.001907051308080554
274 320 0.0017324836226180196
274 400 0.0024545234628021717
275 0 0.0023486351128667593
275 80 0.001442884560674429
275 160 0.0010936419712379575
275 240 0.0008418600191362202
275 320 0.002441190415993333
275 400 0.002689255168661475
276 0 0.0018191308481618762
276 80 0.0014526781160384417
276 160 0.0008264743955805898
276 240 0.0014751905109733343
276 320 0.003175570396706462
276 400 0.0025802734307944775
277 0 0.0030414436478167772
277 80 0.000560611137188971
277 160 0.0013232991332188249
277 240 0.0029966672882437706
277 320 0.003075710963457823
277 400 0.0009859645506367087
278 0 0.0007055603782646358
278 80 0.0022308307234197855
278 160 0.0007793447584845126
278 240 0.0008082056301645935
278 320 0.0018377150408923626
278 400 0.002174409804865718
279 0 0.001324199023656547
279 80 0.0027166390791535378
