1 0.483654565712028 0.85805
2 0.2675057596076272 0.9234666666666667
3 0.22327786248757134 0.9370333333333334
4 0.19585792834697757 0.9451833333333334
5 0.17605584124321622 0.95055
6 0.16039582337937883 0.9555333333333333
7 0.14755647216460852 0.9600166666666666
8 0.13679030964147054 0.963
9 0.12770058230550557 0.9653666666666667
10 0.11983826453847163 0.9675833333333334
11 0.11289141819611795 0.9697833333333333
12 0.10659271082691928 0.9716
13 0.10109108826244818 0.97305
14 0.09604737833380572 0.9742166666666666
15 0.09148665639891554 0.9756
16 0.08736425490458129 0.9764666666666667
17 0.08363258884723253 0.97805
18 0.07993702824388359 0.9787333333333333
19 0.0769175625980091 0.9799166666666667
20 0.07378221661058952 0.9808
21 0.07095389334218842 0.98145
22 0.06835012491355573 0.98245
23 0.0658747479399003 0.9831
24 0.06354972221322659 0.98375
25 0.06140865115865843 0.9843666666666666
26 0.059371700466695876 0.9850833333333333
27 0.05732705916311822 0.9857666666666667
28 0.05547323106710654 0.98625
29 0.0536782787457458 0.9867333333333334
30 0.05195990624998424 0.9871833333333333
31 0.05044057557601601 0.9875666666666667
32 0.04897323504153853 0.9878166666666667
33 0.04749959495577858 0.98845
34 0.04598706200131094 0.9886333333333334
35 0.04477298486112023 0.9891
36 0.04346583799512656 0.9894833333333334
37 0.042200803047796685 0.9899166666666667
38 0.04107172483367833 0.9903166666666666
39 0.03981220931100693 0.9906
40 0.0388112529707171 0.9908166666666667
41 0.037778351506563834 0.9913
42 0.036779211520322604 0.99175
43 0.035799627384937395 0.9919166666666667
44 0.034900846391685926 0.99225
45 0.0340257510096073 0.9925333333333334
46 0.033174469306477224 0.9927333333333334
47 0.032379174074813374 0.9930166666666667
48 0.03153077297722861 0.9934
49 0.03069057152755479 0.9938
50 0.029947664566846416 0.9941166666666666
51 0.02927338999153963 0.9941
52 0.02850040065239805 0.9945666666666667
53 0.02787155774570922 0.9947166666666667
54 0.02721888805503276 0.9949
55 0.0266414243580976 0.9952166666666666
56 0.02598141684635743 0.9953
57 0.025424684667939953 0.9954666666666667
58 0.024790151686127634 0.9958833333333333
59 0.02427174727112722 0.9958333333333333
60 0.023724570657922897 0.9961666666666666
61 0.02324692910707899 0.9961833333333333
62 0.02273356264679512 0.9965333333333334
63 0.022190931770426314 0.99665
64 0.02178209856339196 0.9968166666666667
65 0.021287782140560686 0.9969333333333333
66 0.020834917117204112 0.997
67 0.020443957896708553 0.9970333333333333
68 0.01999607756346671 0.9972666666666666
69 0.019611184256893992 0.9973833333333333
70 0.01918883194455873 0.9975833333333334
71 0.01878964960245467 0.9977666666666667
72 0.018425621391673173 0.9978166666666667
73 0.01804570455763386 0.99795
74 0.017709038593669308 0.9980666666666667
75 0.017391199557813628 0.998
76 0.017044254849210128 0.9982833333333333
77 0.016727835334130504 0.9981666666666666
78 0.0164229106877857 0.9983833333333333
79 0.016109878975731223 0.9985
80 0.015796278445010404 0.9985333333333334
81 0.015521877154862798 0.99865
82 0.015227194413788982 0.9985666666666667
83 0.014953855288598234 0.9986666666666667
84 0.014676985299107489 0.9987333333333334
85 0.014415725698269634 0.9987166666666667
86 0.014174270644180302 0.9987333333333334
87 0.013930861870430584 0.9988666666666667
88 0.013679836409539778 0.9988666666666667
89 0.013440270544782376 0.99885
90 0.013245089412498067 0.99895
91 0.01298736776960001 0.9989833333333333
92 0.012785391101657327 0.99895
93 0.012552460271325002 0.9990333333333333
94 0.01235276729073018 0.9990666666666667
95 0.012165655710621238 0.9990833333333333
96 0.011947612481207641 0.9991166666666667
97 0.011762704775690525 0.9991666666666666
98 0.011577708513609 0.9991
99 0.011399954766420318 0.99925
100 0.011227836226746599 0.9992166666666666
101 0.011046586059299963 0.99925
102 0.010890391753313305 0.9993166666666666
103 0.010719851268999485 0.9993166666666666
104 0.01054871008162504 0.99935
105 0.010378503630847247 0.99935
106 0.010232377877292125 0.9993833333333333
107 0.010081428558384972 0.9994
108 0.009949195685226526 0.9994166666666666
109 0.009797320036944359 0.9994333333333333
110 0.009660192846711765 0.9994166666666666
111 0.009505000623213107 0.9994833333333333
112 0.009393366010510114 0.99945
113 0.00925409640503257 0.9994833333333333
114 0.009138437312171817 0.9995333333333334
115 0.009002760362459906 0.9995666666666667
116 0.008866911528628073 0.9995666666666667
117 0.008755362426329936 0.9995666666666667
118 0.008633417919822244 0.9996166666666667
119 0.008523919102080516 0.9996
120 0.008399070560264944 0.9996333333333334
121 0.008303599614304488 0.9997
122 0.008186971100527785 0.9997
123 0.00807913733092246 0.9997333333333334
124 0.007988236443912075 0.9997
125 0.007886980811177667 0.9997833333333334
126 0.007783444674769 0.9997833333333334
127 0.007679266419245808 0.9997833333333334
128 0.0075954828914731485 0.9998333333333334
129 0.007492061802444221 0.9998166666666667
130 0.007403755340842344 0.9998
131 0.007318138823048202 0.99985
132 0.00722813230258093 0.99985
133 0.007141291139039722 0.9998833333333333
134 0.00706554287801316 0.9998166666666667
135 0.00699166295928821 0.99985
136 0.006898409013064511 0.9998833333333333
137 0.0068184447128262155 0.9999166666666667
138 0.006739766875367318 0.9998666666666667
139 0.006662648213880339 0.9999333333333333
140 0.006586996787565269 0.9999166666666667
141 0.006513415276557445 0.9999166666666667
142 0.0064373571518262515 0.9999333333333333
143 0.006375951463851069 0.9999166666666667
144 0.006306969553732605 0.99995
145 0.006241477057109398 0.9999333333333333
146 0.0061599276180484335 0.9999333333333333
147 0.006094744924191774 0.99995
148 0.006033098356905522 0.9999333333333333
149 0.005973467350389356 0.9999333333333333
150 0.0059047016235235245 0.9999333333333333
151 0.005849066914480203 0.99995
152 0.005785920374742798 0.99995
153 0.005722458170764625 0.99995
154 0.005668025581724147 0.9999333333333333
155 0.005611394356781327 0.99995
156 0.005561036582507972 0.9999333333333333
157 0.005503309321706928 0.99995
158 0.005452131074088723 0.9999333333333333
159 0.00539600101127319 0.99995
160 0.005345417228194752 0.99995
161 0.005289597026725758 0.9999333333333333
162 0.005241670225536439 0.99995
163 0.0051901477174575265 0.99995
164 0.005144755792881507 0.99995
165 0.00509727008934659 0.99995
166 0.005045124762522768 0.99995
167 0.004992225308910505 0.9999833333333333
168 0.00495468674506595 0.9999666666666667
169 0.00490673120691578 0.9999666666666667
170 0.0048638752264244705 0.99995
171 0.0048213592593444946 0.9999666666666667
172 0.0047791076415498405 0.9999666666666667
173 0.004737647699821653 0.9999833333333333
174 0.00469455925841083 0.9999666666666667
175 0.004655620279803332 0.9999666666666667
176 0.00461218621371302 0.9999833333333333
177 0.004571152729109358 0.9999666666666667
178 0.0045361683824594054 0.9999833333333333
179 0.004492843494517729 1.0
180 0.004460914498830496 0.9999833333333333
181 0.004418133115117896 0.9999833333333333
182 0.004382997351353055 0.9999833333333333
183 0.004345558597884977 1.0
184 0.004308588060884 0.9999833333333333
185 0.0042699433566291516 0.9999833333333333
186 0.00423961684148985 1.0
187 0.0042027146250172365 0.9999833333333333
188 0.004173550278636942 1.0
189 0.004139666397646785 0.9999833333333333
190 0.004107260162125963 0.9999833333333333
191 0.004075793189250791 1.0
192 0.004044076877096092 0.9999833333333333
193 0.004009709827158091 1.0
194 0.0039754360714413005 1.0
195 0.0039491546258374035 1.0
196 0.003916043296718457 1.0
197 0.0038893956546810693 1.0
198 0.003857456971017489 1.0
199 0.003831881823252513 1.0
200 0.0038006546612241185 1.0
201 0.003776560768237842 1.0
202 0.0037424208140616286 1.0
203 0.003717697722199899 1.0
204 0.0036899674977205676 1.0
205 0.0036622221022645737 1.0
206 0.0036346879554416006 1.0
207 0.0036122814934851644 1.0
208 0.0035830890678657666 1.0
209 0.0035582181488993817 1.0
210 0.003534459161819386 1.0
211 0.0035057623929250787 1.0
212 0.003482561574743461 1.0
213 0.0034625860092950974 1.0
214 0.0034373762064438653 1.0
215 0.0034135631877613235 1.0
216 0.003389757134140467 1.0
217 0.003366258121711184 1.0
218 0.0033410374141697374 1.0
219 0.003320416556234394 1.0
220 0.0033013046014684637 1.0
221 0.003274580184395101 1.0
222 0.003251353165815904 1.0
223 0.0032337871148064336 1.0
224 0.003209057408494196 1.0
225 0.0031883481812766635 1.0
226 0.003168324440611459 1.0
227 0.0031485838196508445 1.0
228 0.003125922552231493 1.0
229 0.0031072634239015834 1.0
230 0.0030829786373399643 1.0
231 0.0030691020761870707 1.0
232 0.003050521535025453 1.0
233 0.0030287832313620334 1.0
234 0.003009246948705331 1.0
235 0.002992623435236069 1.0
236 0.0029719121001317286 1.0
237 0.0029557854528409807 1.0
238 0.0029359154613204062 1.0
239 0.00291859048224096 1.0
240 0.002903044903040258 1.0
241 0.0028816219178467257 1.0
242 0.00286709507150369 1.0
243 0.002852226394032047 1.0
244 0.002833467381852451 1.0
245 0.002813287481327039 1.0
246 0.0028002245845878794 1.0
247 0.002780736693472012 1.0
248 0.0027667300596680325 1.0
249 0.002749264725783804 1.0
250 0.002733268016732848 1.0
251 0.002717780707868686 1.0
252 0.0027027412589246246 1.0
253 0.002687878441127605 1.0
254 0.0026722122181101694 1.0
255 0.002656302329881101 1.0
256 0.0026401159831874773 1.0
257 0.002627774961600537 1.0
258 0.002609258947416401 1.0
259 0.0025989238924504733 1.0
260 0.002584942019800705 1.0
261 0.0025671933503843337 1.0
262 0.002554982786686388 1.0
263 0.002540280538569413 1.0
264 0.002528084640347484 1.0
265 0.0025129886779081284 1.0
266 0.0024999912900439125 1.0
267 0.002486716163580987 1.0
268 0.0024738649964016843 1.0
269 0.002456391563461319 1.0
270 0.002446486697177778 1.0
271 0.0024333296072875845 1.0
272 0.0024193949098371146 1.0
273 0.0024074750729272567 1.0
274 0.002396381798578597 1.0
275 0.0023821889485385436 1.0
276 0.0023705176455574408 1.0
277 0.0023578388126455803 1.0
278 0.002345870956587397 1.0
279 0.002332310528873698 1.0
280 0.0023206094094216506 1.0
281 0.002309444341818486 1.0
282 0.002299612506539988 1.0
283 0.0022863884562445776 1.0
284 0.002275336360030655 1.0
285 0.002263239622096231 1.0
286 0.002252406667300395 1.0
287 0.0022414456598702937 1.0
288 0.00223083197494655 1.0
289 0.0022191287869506126 1.0
290 0.0022088308341558904 1.0
291 0.002196703421714992 1.0
292 0.002187375672350723 1.0
293 0.0021762576987167624 1.0
294 0.0021668451164028983 1.0
295 0.002156044646011872 1.0
296 0.0021438466547963535 1.0
297 0.0021358607806015147 1.0
298 0.0021240952973147786 1.0
299 0.0021136945530798026 1.0
300 0.0021054542713812483 1.0
9999 0.002077608136460185 1.0
