1 0 3.21038556098938
1 80 0.5960264801979065
1 160 0.4942273497581482
1 240 0.3222644329071045
1 320 0.3190186321735382
1 400 0.3498177230358124
2 0 0.3008615970611572
2 80 0.27752840518951416
2 160 0.34972015023231506
2 240 0.16733168065547943
2 320 0.2519703805446625
2 400 0.2786068916320801
3 0 0.2677944600582123
3 80 0.3339900076389313
3 160 0.21645064651966095
3 240 0.29820871353149414
3 320 0.23231366276741028
3 400 0.19450639188289642
4 0 0.1922426074743271
4 80 0.20113204419612885
4 160 0.19378720223903656
4 240 0.16790194809436798
4 320 0.17275814712047577
4 400 0.31979814171791077
5 0 0.19835346937179565
5 80 0.10482235252857208
5 160 0.2822730243206024
5 240 0.15782199800014496
5 320 0.144772469997406
5 400 0.22504813969135284
6 0 0.11092744767665863
6 80 0.11273501068353653
6 160 0.10560787469148636
6 240 0.18856263160705566
6 320 0.21043534576892853
6 400 0.11045121401548386
7 0 0.15871204435825348
7 80 0.15337273478507996
7 160 0.05522072687745094
7 240 0.1537935733795166
7 320 0.1931186467409134
7 400 0.13530077040195465
8 0 0.08839286863803864
8 80 0.10296177119016647
8 160 0.14168474078178406
8 240 0.12682172656059265
8 320 0.11378959566354752
8 400 0.21304596960544586
9 0 0.16678105294704437
9 80 0.10637286305427551
9 160 0.08028014749288559
9 240 0.12050256878137589
9 320 0.13239052891731262
9 400 0.16604416072368622
10 0 0.10462964326143265
10 80 0.10684652626514435
10 160 0.15288367867469788
10 240 0.1316296011209488
10 320 0.07210732996463776
10 400 0.13582806289196014
11 0 0.0665474534034729
11 80 0.08680848777294159
11 160 0.15176038444042206
11 240 0.09207703918218613
11 320 0.07277701050043106
11 400 0.18392084538936615
12 0 0.09084560722112656
12 80 0.08335012197494507
12 160 0.07911577075719833
12 240 0.044442448765039444
12 320 0.06020112708210945
12 400 0.09635930508375168
13 0 0.07234393805265427
13 80 0.11517772078514099
13 160 0.08741457015275955
13 240 0.08737815916538239
13 320 0.1560923457145691
13 400 0.12639595568180084
14 0 0.09252936393022537
14 80 0.12527473270893097
14 160 0.09948954731225967
14 240 0.08713498711585999
14 320 0.10975331813097
14 400 0.08596111834049225
15 0 0.07575822621583939
15 80 0.08496837317943573
15 160 0.06108558550477028
15 240 0.079812191426754
15 320 0.1545943170785904
15 400 0.1747269183397293
16 0 0.11660360544919968
16 80 0.05259212106466293
16 160 0.08586296439170837
16 240 0.05557091534137726
16 320 0.11702802032232285
16 400 0.058759160339832306
17 0 0.06902410835027695
17 80 0.13915403187274933
17 160 0.08266028016805649
17 240 0.05457856133580208
17 320 0.06307622045278549
17 400 0.023828715085983276
18 0 0.05893581360578537
18 80 0.06809241324663162
18 160 0.1132839173078537
18 240 0.06956254690885544
18 320 0.09940649569034576
18 400 0.0601792149245739
19 0 0.11167456954717636
19 80 0.1018560454249382
19 160 0.11599715799093246
19 240 0.1484367698431015
19 320 0.09071850031614304
19 400 0.07709770649671555
20 0 0.04178798571228981
20 80 0.04978759214282036
20 160 0.05174025893211365
20 240 0.07212624698877335
20 320 0.05394453555345535
20 400 0.05151209607720375
21 0 0.07932101935148239
21 80 0.04569721221923828
21 160 0.06984303146600723
21 240 0.083332858979702
21 320 0.057539813220500946
21 400 0.03662421181797981
22 0 0.07024264335632324
22 80 0.07419968396425247
22 160 0.06061423942446709
22 240 0.09965463727712631
22 320 0.0809517428278923
22 400 0.08536085486412048
23 0 0.07550537586212158
23 80 0.09724690020084381
23 160 0.107460618019104
23 240 0.10420660674571991
23 320 0.05855676531791687
23 400 0.02483077347278595
24 0 0.07605908066034317
24 80 0.044988326728343964
24 160 0.07556070387363434
24 240 0.06485380232334137
24 320 0.09017236530780792
24 400 0.05899224430322647
25 0 0.039659298956394196
25 80 0.05241052433848381
25 160 0.03946427255868912
25 240 0.05652317404747009
25 320 0.0736599713563919
25 400 0.04178342595696449
26 0 0.03466150909662247
26 80 0.043470509350299835
26 160 0.09729322046041489
26 240 0.10305774956941605
26 320 0.046477992087602615
26 400 0.051782332360744476
27 0 0.045923881232738495
27 80 0.04533664882183075
27 160 0.04670962691307068
27 240 0.06327270716428757
27 320 0.04632352665066719
27 400 0.03700123354792595
28 0 0.06496947258710861
28 80 0.0428420752286911
28 160 0.032182350754737854
28 240 0.08205322921276093
28 320 0.03431658074259758
28 400 0.041436467319726944
29 0 0.0896124616265297
29 80 0.0844024047255516
29 160 0.02964397892355919
29 240 0.06434091180562973
29 320 0.061141155660152435
29 400 0.08543039113283157
30 0 0.045532163232564926
30 80 0.13061881065368652
30 160 0.02650158293545246
30 240 0.02572428248822689
30 320 0.021776676177978516
30 400 0.06256505846977234
31 0 0.0423695407807827
31 80 0.03300279378890991
31 160 0.0464443676173687
31 240 0.05389772728085518
31 320 0.10232550650835037
31 400 0.04164824262261391
32 0 0.04309612512588501
32 80 0.04278383031487465
32 160 0.047342702746391296
32 240 0.052765101194381714
32 320 0.0450395792722702
32 400 0.033508170396089554
33 0 0.06020651385188103
33 80 0.028841562569141388
33 160 0.05710206553339958
33 240 0.030435549095273018
33 320 0.09233372658491135
33 400 0.0508299320936203
34 0 0.029791871085762978
34 80 0.05613964423537254
34 160 0.05721396580338478
34 240 0.07380925863981247
34 320 0.058983080089092255
34 400 0.030188165605068207
35 0 0.025240803137421608
35 80 0.08976593613624573
35 160 0.05013195797801018
35 240 0.026428144425153732
35 320 0.017604373395442963
35 400 0.019057851284742355
36 0 0.03613060340285301
36 80 0.03571602702140808
36 160 0.023446686565876007
36 240 0.0777684673666954
36 320 0.03821150213479996
36 400 0.032563380897045135
37 0 0.03548983857035637
37 80 0.04329818859696388
37 160 0.05509761720895767
37 240 0.018848774954676628
37 320 0.08926693350076675
37 400 0.021143995225429535
38 0 0.03833291679620743
38 80 0.054376404732465744
38 160 0.030916884541511536
38 240 0.04252904653549194
38 320 0.022331099957227707
38 400 0.034904222935438156
39 0 0.03479406610131264
39 80 0.04562454670667648
39 160 0.06171296536922455
39 240 0.024215826764702797
39 320 0.027439264580607414
39 400 0.04222039505839348
40 0 0.028902839869260788
40 80 0.022308068349957466
40 160 0.06311339884996414
40 240 0.0286897923797369
40 320 0.04126330465078354
40 400 0.03643431141972542
41 0 0.013662014156579971
41 80 0.03798854351043701
41 160 0.035844992846250534
41 240 0.02836555615067482
41 320 0.07952303439378738
41 400 0.021298564970493317
42 0 0.02860003523528576
42 80 0.03290406987071037
42 160 0.04461796581745148
42 240 0.031231429427862167
42 320 0.03404982015490532
42 400 0.035038989037275314
43 0 0.028104344382882118
43 80 0.023434719070792198
43 160 0.022009924054145813
43 240 0.017863718792796135
43 320 0.04054225981235504
43 400 0.021084539592266083
44 0 0.05302808806300163
44 80 0.06250543892383575
44 160 0.026264283806085587
44 240 0.030089983716607094
44 320 0.03030608594417572
44 400 0.029109138995409012
45 0 0.019981954246759415
45 80 0.04948388785123825
45 160 0.031616635620594025
45 240 0.022147350013256073
45 320 0.0124782994389534
45 400 0.05321706086397171
46 0 0.03469138965010643
46 80 0.05940692499279976
46 160 0.035933561623096466
46 240 0.01927008666098118
46 320 0.012170981615781784
46 400 0.04188618063926697
47 0 0.02197815664112568
47 80 0.01632506027817726
47 160 0.03678199276328087
47 240 0.03369448333978653
47 320 0.025746582075953484
47 400 0.04754314944148064
48 0 0.018534759059548378
48 80 0.0367795005440712
48 160 0.04109916836023331
48 240 0.021038884297013283
48 320 0.046859391033649445
48 400 0.023436373099684715
49 0 0.06796465814113617
49 80 0.023189201951026917
49 160 0.020273730158805847
49 240 0.049737732857465744
49 320 0.026456451043486595
49 400 0.028669629245996475
50 0 0.01938769966363907
50 80 0.02472643554210663
50 160 0.03771623596549034
50 240 0.018260203301906586
50 320 0.052231933921575546
50 400 0.026801053434610367
51 0 0.019052986055612564
51 80 0.04964592307806015
51 160 0.026737462729215622
51 240 0.03264865651726723
51 320 0.03706428408622742
51 400 0.033287838101387024
52 0 0.015734955668449402
52 80 0.05181469768285751
52 160 0.04123800992965698
52 240 0.016105124726891518
52 320 0.0757724940776825
52 400 0.013114442117512226
53 0 0.037604209035634995
53 80 0.014107812196016312
53 160 0.013514984399080276
53 240 0.023704053834080696
53 320 0.024222400039434433
53 400 0.018215229734778404
54 0 0.01351514458656311
54 80 0.04001195356249809
54 160 0.020428327843546867
54 240 0.031336091458797455
54 320 0.01514724176377058
54 400 0.02807120606303215
55 0 0.024760348722338676
55 80 0.026422591879963875
55 160 0.010632443241775036
55 240 0.03805112838745117
55 320 0.10704544186592102
55 400 0.058713655918836594
56 0 0.053016547113657
56 80 0.03505341336131096
56 160 0.03371302783489227
56 240 0.03548210486769676
56 320 0.029076432809233665
56 400 0.008131805807352066
57 0 0.018307052552700043
57 80 0.02395613119006157
57 160 0.029708493500947952
57 240 0.025397256016731262
57 320 0.017990177497267723
57 400 0.03445182368159294
58 0 0.024604415521025658
58 80 0.020475609228014946
58 160 0.02531333826482296
58 240 0.015616253018379211
58 320 0.039406828582286835
58 400 0.02969660423696041
59 0 0.022067097947001457
59 80 0.026629645377397537
59 160 0.031563907861709595
59 240 0.01841716468334198
59 320 0.024269096553325653
59 400 0.022359024733304977
60 0 0.0167095810174942
60 80 0.008663414046168327
60 160 0.014333037659525871
60 240 0.026192476972937584
60 320 0.015342564322054386
60 400 0.03282734006643295
61 0 0.014946561306715012
61 80 0.01692586950957775
61 160 0.01792973466217518
61 240 0.01048943493515253
61 320 0.01622595824301243
61 400 0.012771532870829105
62 0 0.01929384097456932
62 80 0.03588481992483139
62 160 0.013456261716783047
62 240 0.013198135420680046
62 320 0.014569345861673355
62 400 0.03464899957180023
63 0 0.031140161678195
63 80 0.011911001987755299
63 160 0.0196232832968235
63 240 0.03188718110322952
63 320 0.024359973147511482
63 400 0.02293388545513153
64 0 0.021302247419953346
64 80 0.02581479772925377
64 160 0.02212057262659073
64 240 0.014888186939060688
64 320 0.030520524829626083
64 400 0.0446697361767292
65 0 0.03374556452035904
65 80 0.01695599965751171
65 160 0.0503268763422966
65 240 0.015291140414774418
65 320 0.028372548520565033
65 400 0.02975028194487095
66 0 0.006611048709601164
66 80 0.015532131306827068
66 160 0.013508413918316364
66 240 0.006385763641446829
66 320 0.019437385722994804
66 400 0.018502764403820038
67 0 0.017382485792040825
67 80 0.0206927377730608
67 160 0.015654027462005615
67 240 0.01709933765232563
67 320 0.013465018011629581
67 400 0.011876909993588924
68 0 0.025656696408987045
68 80 0.013821071945130825
68 160 0.013949612155556679
68 240 0.020620765164494514
68 320 0.021744772791862488
68 400 0.02105359174311161
69 0 0.02892911806702614
69 80 0.019639013335108757
69 160 0.010037402622401714
69 240 0.011667461134493351
69 320 0.013000690378248692
69 400 0.0315927229821682
70 0 0.02165849320590496
70 80 0.014108219183981419
70 160 0.02039799652993679
70 240 0.026971416547894478
70 320 0.015503155067563057
70 400 0.03561357036232948
71 0 0.012687335722148418
71 80 0.020141474902629852
71 160 0.012038041837513447
71 240 0.02411932498216629
71 320 0.018924199044704437
71 400 0.018889915198087692
72 0 0.020023314282298088
72 80 0.023618867620825768
72 160 0.01702001504600048
72 240 0.00923904962837696
72 320 0.020434267818927765
72 400 0.02176729030907154
73 0 0.024153871461749077
73 80 0.0076507581397891045
73 160 0.016027329489588737
73 240 0.025042744353413582
73 320 0.009584682062268257
73 400 0.031676921993494034
74 0 0.015957333147525787
74 80 0.01723928563296795
74 160 0.021195173263549805
74 240 0.01661638356745243
74 320 0.01580124720931053
74 400 0.022990109398961067
75 0 0.015421264804899693
75 80 0.021174883469939232
75 160 0.010244549252092838
75 240 0.020116910338401794
75 320 0.03904522582888603
75 400 0.008150278590619564
76 0 0.008562753908336163
76 80 0.009779333136975765
76 160 0.016664231196045876
76 240 0.04519638419151306
76 320 0.014691724441945553
76 400 0.010958327911794186
77 0 0.01650695875287056
77 80 0.008975782431662083
77 160 0.04578717425465584
77 240 0.016286950558423996
77 320 0.008899793960154057
77 400 0.013771392405033112
78 0 0.0222568791359663
78 80 0.021259911358356476
78 160 0.022568238899111748
78 240 0.020349061116576195
78 320 0.02076330967247486
78 400 0.011194027028977871
79 0 0.008654212579131126
79 80 0.014180774800479412
79 160 0.017868952825665474
79 240 0.025049470365047455
79 320 0.01448050420731306
79 400 0.0126264076679945
80 0 0.03876174986362457
80 80 0.015632668510079384
80 160 0.018471011891961098
80 240 0.011226813308894634
80 320 0.0413036122918129
80 400 0.022700795903801918
81 0 0.011959447525441647
81 80 0.012298989109694958
81 160 0.015255741775035858
81 240 0.008605084381997585
81 320 0.07823356986045837
81 400 0.015295387245714664
82 0 0.014451809227466583
82 80 0.048379939049482346
82 160 0.035951901227235794
82 240 0.013009120710194111
82 320 0.017997846007347107
82 400 0.015411634929478168
83 0 0.019220439717173576
83 80 0.024989686906337738
83 160 0.01661003939807415
83 240 0.01327199675142765
83 320 0.03095688670873642
83 400 0.017767466604709625
84 0 0.029072260484099388
84 80 0.017582405358552933
84 160 0.013210944831371307
84 240 0.015712795779109
84 320 0.016240036115050316
84 400 0.012674995698034763
85 0 0.0066169248893857
85 80 0.006032588891685009
85 160 0.015750261023640633
85 240 0.016598043963313103
85 320 0.00851378496736288
85 400 0.015760857611894608
86 0 0.011839672923088074
86 80 0.025256583467125893
86 160 0.00913806352764368
86 240 0.013263381086289883
86 320 0.008446619845926762
86 400 0.01173920277506113
87 0 0.010404098778963089
87 80 0.014985104091465473
87 160 0.00842543039470911
87 240 0.008152245543897152
87 320 0.01889086700975895
87 400 0.009080224670469761
88 0 0.03157990798354149
88 80 0.013234115205705166
88 160 0.017277127131819725
88 240 0.03833143040537834
88 320 0.02462439425289631
88 400 0.023577280342578888
89 0 0.01209111325442791
89 80 0.009450138546526432
89 160 0.01418334525078535
89 240 0.010736003518104553
89 320 0.006001687608659267
89 400 0.01029383298009634
90 0 0.013308986090123653
90 80 0.011028436943888664
90 160 0.011192766949534416
90 240 0.014465528540313244
90 320 0.012070497497916222
90 400 0.010016857646405697
91 0 0.009998694062232971
91 80 0.007734241895377636
91 160 0.013559729792177677
91 240 0.013089141808450222
91 320 0.015026303008198738
91 400 0.014004241675138474
92 0 0.01099248044192791
92 80 0.011387774720788002
92 160 0.017072826623916626
92 240 0.009007314220070839
92 320 0.008249174803495407
92 400 0.020561669021844864
93 0 0.008531576953828335
93 80 0.00846552848815918
93 160 0.009424895979464054
93 240 0.012538949958980083
93 320 0.026008404791355133
93 400 0.012629445642232895
94 0 0.011099264025688171
94 80 0.012342753820121288
94 160 0.010186881758272648
94 240 0.0077621787786483765
94 320 0.015532857738435268
94 400 0.012377562001347542
95 0 0.014178432524204254
95 80 0.009589103981852531
95 160 0.010879524052143097
95 240 0.014271048828959465
95 320 0.010313809849321842
95 400 0.006800530012696981
96 0 0.008125627413392067
96 80 0.011673412285745144
96 160 0.014390766620635986
96 240 0.011450222693383694
96 320 0.00622397568076849
96 400 0.008105377666652203
97 0 0.018619650974869728
97 80 0.012369174510240555
97 160 0.008567861281335354
97 240 0.01380618941038847
97 320 0.017423201352357864
97 400 0.015985537320375443
98 0 0.013674521818757057
98 80 0.0132889524102211
98 160 0.0036677245516330004
98 240 0.0060982974246144295
98 320 0.012492458336055279
98 400 0.010790719650685787
99 0 0.011568328365683556
99 80 0.011673673056066036
99 160 0.00405448954552412
99 240 0.01733415015041828
99 320 0.008592674508690834
99 400 0.017513597384095192
100 0 0.012150834314525127
100 80 0.016737690195441246
100 160 0.011034701950848103
100 240 0.008332518860697746
100 320 0.01589656062424183
100 400 0.009306092746555805
101 0 0.006895667407661676
101 80 0.011053483001887798
101 160 0.00915900245308876
101 240 0.010080833919346333
101 320 0.021341945976018906
101 400 0.013871992938220501
102 0 0.008088890463113785
102 80 0.007538152858614922
102 160 0.007860844023525715
102 240 0.011100337840616703
102 320 0.010556314140558243
102 400 0.004299882333725691
103 0 0.005323216784745455
103 80 0.009129034355282784
103 160 0.011151844635605812
103 240 0.007751521188765764
103 320 0.0035235085524618626
103 400 0.021349340677261353
104 0 0.01463252305984497
104 80 0.009441177360713482
104 160 0.005406059790402651
104 240 0.01022030133754015
104 320 0.006888412404805422
104 400 0.01131212618201971
105 0 0.007672927808016539
105 80 0.00822764914482832
105 160 0.011195125058293343
105 240 0.01015973649919033
105 320 0.012715247459709644
105 400 0.013428219594061375
106 0 0.015330013819038868
106 80 0.014539293013513088
106 160 0.010145473293960094
106 240 0.005894102156162262
106 320 0.012505178339779377
106 400 0.010103769600391388
107 0 0.006535481661558151
107 80 0.01150389015674591
107 160 0.004773109685629606
107 240 0.012996230274438858
107 320 0.008594299666583538
107 400 0.010733472183346748
108 0 0.007450782228261232
108 80 0.006694060284644365
108 160 0.011416787281632423
108 240 0.006269610021263361
108 320 0.007094443775713444
108 400 0.01344164926558733
109 0 0.0097055584192276
109 80 0.01534813828766346
109 160 0.004451034124940634
109 240 0.006736213341355324
109 320 0.012890993617475033
109 400 0.009840360842645168
110 0 0.017011698335409164
110 80 0.010219771414995193
110 160 0.010345340706408024
110 240 0.008698295801877975
110 320 0.008040769025683403
110 400 0.008256307803094387
111 0 0.008537370711565018
111 80 0.006856999360024929
111 160 0.006972235627472401
111 240 0.00418899767100811
111 320 0.007635517977178097
111 400 0.0052556851878762245
112 0 0.007212262600660324
112 80 0.008531485684216022
112 160 0.007703183218836784
112 240 0.014702234417200089
112 320 0.00795798934996128
112 400 0.008111751638352871
113 0 0.008952073752880096
113 80 0.007070388179272413
113 160 0.006440094206482172
113 240 0.015763595700263977
113 320 0.008037997409701347
113 400 0.007855307310819626
114 0 0.010662872344255447
114 80 0.010279964655637741
114 160 0.009051155298948288
114 240 0.013479582034051418
114 320 0.008531070314347744
114 400 0.008190834894776344
115 0 0.006454816088080406
115 80 0.005148769356310368
115 160 0.009784826077520847
115 240 0.008831331506371498
115 320 0.00816349871456623
115 400 0.011394533328711987
116 0 0.012581133283674717
116 80 0.012171369977295399
116 160 0.00912974588572979
116 240 0.006726169027388096
116 320 0.009688994847238064
116 400 0.005999368615448475
117 0 0.004290689714252949
117 80 0.004709186498075724
117 160 0.0068956827744841576
117 240 0.009015467017889023
117 320 0.011693191714584827
117 400 0.011579642072319984
118 0 0.008796717040240765
118 80 0.009361950680613518
118 160 0.014630194753408432
118 240 0.005028219893574715
118 320 0.009287504479289055
118 400 0.01754155568778515
119 0 0.0069762771017849445
119 80 0.007356737740337849
119 160 0.00912175141274929
119 240 0.010730039328336716
119 320 0.00483236089348793
119 400 0.0073444596491754055
120 0 0.008313301019370556
120 80 0.006589106749743223
120 160 0.006830933969467878
120 240 0.00853655207902193
120 320 0.0073497099801898
120 400 0.01592847891151905
121 0 0.007777843624353409
121 80 0.007089188322424889
121 160 0.013898505829274654
121 240 0.011754373088479042
121 320 0.010472784750163555
121 400 0.007272973190993071
122 0 0.004805050790309906
122 80 0.003696354338899255
122 160 0.007572767790406942
122 240 0.008166161365807056
122 320 0.006577602121978998
122 400 0.0036758198402822018
123 0 0.00720593286678195
123 80 0.010486920364201069
123 160 0.009144114330410957
123 240 0.00603102333843708
123 320 0.010017702355980873
123 400 0.005933129694312811
124 0 0.009285731241106987
124 80 0.007180173881351948
124 160 0.010568107478320599
124 240 0.0051576062105596066
124 320 0.008751827292144299
124 400 0.009019793942570686
125 0 0.0089766476303339
125 80 0.01846340298652649
125 160 0.005398731678724289
125 240 0.006539417430758476
125 320 0.007872256450355053
125 400 0.00736184511333704
126 0 0.007452211808413267
126 80 0.01264982856810093
126 160 0.00632725702598691
126 240 0.003804553532972932
126 320 0.008647912181913853
126 400 0.007902875542640686
127 0 0.005241766571998596
127 80 0.0037900868337601423
127 160 0.014973167330026627
127 240 0.004843174479901791
127 320 0.004908052738755941
127 400 0.00726865092292428
128 0 0.008125384338200092
128 80 0.00461558485403657
128 160 0.006780310999602079
128 240 0.006876764353364706
128 320 0.006888154894113541
128 400 0.004426688887178898
129 0 0.0078824358060956
129 80 0.007689395919442177
129 160 0.008325290866196156
129 240 0.004941290710121393
129 320 0.01172123197466135
129 400 0.0071598500944674015
130 0 0.008142665028572083
130 80 0.008435838855803013
130 160 0.0035268673673272133
130 240 0.005361359100788832
130 320 0.004320251289755106
130 400 0.0052143423818051815
131 0 0.002298956271260977
131 80 0.004186779726296663
131 160 0.006531404331326485
131 240 0.006735550239682198
131 320 0.005058961920440197
131 400 0.009713775478303432
132 0 0.004877910483628511
132 80 0.008319097571074963
132 160 0.005084303207695484
132 240 0.007962345145642757
132 320 0.011130264960229397
132 400 0.004325409419834614
133 0 0.012405913323163986
133 80 0.0056180874817073345
133 160 0.009279428981244564
133 240 0.008048225194215775
133 320 0.004645078908652067
133 400 0.0034377991687506437
134 0 0.0068000988103449345
134 80 0.005425137933343649
134 160 0.002709629712626338
134 240 0.009202106855809689
134 320 0.005564043764024973
134 400 0.006837509572505951
135 0 0.004528434947133064
135 80 0.003474476048722863
135 160 0.007510575000196695
135 240 0.005905901547521353
135 320 0.0032868306152522564
135 400 0.008469359949231148
136 0 0.015269564464688301
136 80 0.00831661932170391
136 160 0.004746257793158293
136 240 0.006492862943559885
136 320 0.01074403990060091
136 400 0.004960610996931791
137 0 0.008148940280079842
137 80 0.004704673774540424
137 160 0.004367697983980179
137 240 0.007676085457205772
137 320 0.007896923460066319
137 400 0.003942012321203947
138 0 0.007964683696627617
138 80 0.006921032909303904
138 160 0.00468474393710494
138 240 0.008911289274692535
138 320 0.0024862487334758043
138 400 0.007176312617957592
139 0 0.004300838802009821
139 80 0.005589399486780167
139 160 0.011590071022510529
139 240 0.008656618185341358
139 320 0.006920377723872662
139 400 0.007518394850194454
140 0 0.0035843211226165295
140 80 0.00975784845650196
140 160 0.009407716803252697
140 240 0.004865990020334721
140 320 0.006057394202798605
140 400 0.007597785443067551
141 0 0.004410945810377598
141 80 0.006028194911777973
141 160 0.005027417093515396
141 240 0.006864051800221205
141 320 0.005327212158590555
141 400 0.010920059867203236
142 0 0.0027691805735230446
142 80 0.00875667855143547
142 160 0.0019959539640694857
142 240 0.007324737962335348
142 320 0.008093693293631077
142 400 0.005595178809016943
143 0 0.006695540156215429
143 80 0.0020619623828679323
143 160 0.013642329722642899
143 240 0.008787724189460278
143 320 0.00480561051517725
143 400 0.008671999908983707
144 0 0.006226596888154745
144 80 0.00803124438971281
144 160 0.0035269702784717083
144 240 0.005838180426508188
144 320 0.005281371530145407
144 400 0.002398293698206544
145 0 0.00302811898291111
145 80 0.0025994502939283848
145 160 0.014555450528860092
145 240 0.0066180904395878315
145 320 0.005015541333705187
145 400 0.006176415365189314
146 0 0.0030274291057139635
146 80 0.0071624997071921825
146 160 0.006552251521497965
146 240 0.006818974390625954
146 320 0.005852246657013893
146 400 0.003731075907126069
147 0 0.005303211975842714
147 80 0.003451858414337039
147 160 0.009555366821587086
147 240 0.0032855665776878595
147 320 0.006236913148313761
147 400 0.00305908708833158
148 0 0.004644662141799927
148 80 0.008406609296798706
148 160 0.0029750990215688944
148 240 0.0049090925604105
148 320 0.011013002134859562
148 400 0.005030329804867506
149 0 0.006209779996424913
149 80 0.002654631622135639
149 160 0.0033920060377568007
149 240 0.003416262101382017
149 320 0.005889034830033779
149 400 0.005006271414458752
150 0 0.005289936438202858
150 80 0.004642445128411055
150 160 0.0049759745597839355
150 240 0.00738149881362915
150 320 0.009824970737099648
150 400 0.005722287110984325
151 0 0.007334019988775253
151 80 0.013089658692479134
151 160 0.004135452210903168
151 240 0.006496898364275694
151 320 0.004309640731662512
151 400 0.010989448986947536
152 0 0.004033439327031374
152 80 0.005557378754019737
152 160 0.004075836390256882
152 240 0.005111263133585453
152 320 0.010380447842180729
152 400 0.0018405920127406716
153 0 0.002960506360977888
153 80 0.00547746429219842
153 160 0.0023763147182762623
153 240 0.011291495524346828
153 320 0.004576720762997866
153 400 0.0058483765460550785
154 0 0.006707301363348961
154 80 0.00473840581253171
154 160 0.002869285875931382
154 240 0.006020963191986084
154 320 0.004095287993550301
154 400 0.005255305673927069
155 0 0.005588425323367119
155 80 0.005722907371819019
155 160 0.007431880570948124
155 240 0.0038864552043378353
155 320 0.0046717398799955845
155 400 0.0042723482474684715
156 0 0.004535701125860214
156 80 0.005300561431795359
156 160 0.002828827127814293
156 240 0.0030836816877126694
156 320 0.0023204439785331488
156 400 0.005508211441338062
157 0 0.006392952986061573
157 80 0.006680308375507593
157 160 0.0052751959301531315
157 240 0.005515777971595526
157 320 0.006519367452710867
157 400 0.006062852684408426
158 0 0.006535546388477087
158 80 0.004311293363571167
158 160 0.008465641178190708
158 240 0.005466485861688852
158 320 0.013134473003447056
158 400 0.011262381449341774
159 0 0.0027787229046225548
159 80 0.003347480669617653
159 160 0.004959529731422663
159 240 0.0029118095990270376
159 320 0.003982731141149998
159 400 0.005525287706404924
160 0 0.0024716441985219717
160 80 0.005599129945039749
160 160 0.007540206890553236
160 240 0.0035147916059941053
160 320 0.0038589073810726404
160 400 0.004754602909088135
161 0 0.0040584770031273365
161 80 0.008460206910967827
161 160 0.0038169375620782375
161 240 0.003912086132913828
161 320 0.004871871788054705
161 400 0.006295579485595226
162 0 0.003890338120982051
162 80 0.005832667462527752
162 160 0.0039007598534226418
162 240 0.002497382927685976
162 320 0.005265859887003899
162 400 0.002883917884901166
163 0 0.003141809953376651
163 80 0.006729356944561005
163 160 0.004239251371473074
163 240 0.0036796124186366796
163 320 0.00583508238196373
163 400 0.002089963760226965
164 0 0.005127583630383015
164 80 0.0028547742404043674
164 160 0.004872719291597605
164 240 0.005890236236155033
164 320 0.004181732889264822
164 400 0.007072211243212223
165 0 0.0028410921804606915
165 80 0.00291724712587893
165 160 0.0041110822930932045
165 240 0.006969897076487541
165 320 0.0034895669668912888
165 400 0.0017436121124774218
166 0 0.006662736646831036
166 80 0.008026264607906342
166 160 0.008692548610270023
166 240 0.007168063428252935
166 320 0.008636227808892727
166 400 0.005010946653783321
167 0 0.002927420660853386
167 80 0.007168080657720566
167 160 0.003244821447879076
167 240 0.005046458449214697
167 320 0.0028940364718437195
167 400 0.005630815401673317
168 0 0.004558991175144911
168 80 0.005331039894372225
168 160 0.008317653089761734
168 240 0.003534996183589101
168 320 0.004853301215916872
168 400 0.005951581988483667
169 0 0.0036551605444401503
169 80 0.005513467360287905
169 160 0.0084788603708148
169 240 0.0043225958943367004
169 320 0.006308786571025848
169 400 0.006797483190894127
170 0 0.001809693407267332
170 80 0.0027531294617801905
170 160 0.005103268660604954
170 240 0.0025841076858341694
170 320 0.0035899393260478973
170 400 0.004986919928342104
171 0 0.00308050774037838
171 80 0.007492762058973312
171 160 0.0035267206840217113
171 240 0.005948957521468401
171 320 0.0037941280752420425
171 400 0.004990035202354193
172 0 0.005581457633525133
172 80 0.004015565384179354
172 160 0.00587673531845212
172 240 0.010056295432150364
172 320 0.0041164676658809185
172 400 0.00509297288954258
173 0 0.0058455392718315125
173 80 0.0034230847377330065
173 160 0.004443510435521603
173 240 0.003866931889206171
173 320 0.00567648047581315
173 400 0.003488403744995594
174 0 0.01274153869599104
174 80 0.004957965109497309
174 160 0.0070954663679003716
174 240 0.0047046951949596405
174 320 0.0045958636328577995
174 400 0.00729542737826705
175 0 0.003848007181659341
175 80 0.0027544358745217323
175 160 0.003802333027124405
175 240 0.0024719771463423967
175 320 0.005073215812444687
175 400 0.006647491827607155
176 0 0.003145325230434537
176 80 0.003488321788609028
176 160 0.0037124142982065678
176 240 0.002813470084220171
176 320 0.004578632302582264
176 400 0.004024046007543802
177 0 0.00621131993830204
177 80 0.003951431252062321
177 160 0.004070947878062725
177 240 0.00278232479467988
177 320 0.004069804679602385
177 400 0.004847848787903786
178 0 0.0037159963976591825
178 80 0.005049056839197874
178 160 0.005729034077376127
178 240 0.005356568843126297
178 320 0.004007960669696331
178 400 0.002448203507810831
179 0 0.005457574501633644
179 80 0.005177612882107496
179 160 0.008287293836474419
179 240 0.002985828323289752
179 320 0.005181051790714264
179 400 0.0018865269375965
180 0 0.0017961335834115744
180 80 0.0059466068632900715
180 160 0.003929377533495426
180 240 0.003360808826982975
180 320 0.004330027848482132
180 400 0.004110465757548809
181 0 0.0030158183071762323
181 80 0.006105521228164434
181 160 0.0028247302398085594
181 240 0.0021284744143486023
181 320 0.0038350766990333796
181 400 0.0042541539296507835
182 0 0.003282970981672406
182 80 0.005924653261899948
182 160 0.004801482893526554
182 240 0.005686663556843996
182 320 0.003505638102069497
182 400 0.0022355071268975735
183 0 0.005014767870306969
183 80 0.003497979836538434
183 160 0.003676790976896882
183 240 0.005748389754444361
183 320 0.006437475327402353
183 400 0.002696288749575615
184 0 0.0045771305449306965
184 80 0.006664475426077843
184 160 0.004300437867641449
184 240 0.0027046254836022854
184 320 0.006689074914902449
184 400 0.005513649433851242
185 0 0.005604966543614864
185 80 0.00569996889680624
185 160 0.003113545011729002
185 240 0.0033294244203716516
185 320 0.00232118577696383
185 400 0.00370520050637424
186 0 0.0037236169446259737
186 80 0.004728772211819887
186 160 0.0046753184869885445
186 240 0.006533659063279629
186 320 0.0043834662064909935
186 400 0.0035075494088232517
187 0 0.00222836178727448
187 80 0.0036047822795808315
187 160 0.0103020453825593
187 240 0.002501264913007617
187 320 0.00347656337544322
187 400 0.003593896748498082
188 0 0.0014614071696996689
188 80 0.0020606680773198605
188 160 0.00450555793941021
188 240 0.0019273391226306558
188 320 0.00433773547410965
188 400 0.00459056394174695
189 0 0.008108011446893215
189 80 0.0024461608845740557
189 160 0.0037129928823560476
189 240 0.001490216120146215
189 320 0.003094128565862775
189 400 0.005748543422669172
190 0 0.003854734357446432
190 80 0.004870149306952953
190 160 0.003561630379408598
190 240 0.0017790310084819794
190 320 0.003488331800326705
190 400 0.005333126522600651
191 0 0.005883608479052782
191 80 0.00406145304441452
191 160 0.003453098237514496
191 240 0.004586660768836737
191 320 0.004637431353330612
191 400 0.0021462985314428806
192 0 0.005540252663195133
192 80 0.003630623687058687
192 160 0.0036770286969840527
192 240 0.0026163021102547646
192 320 0.002742159180343151
192 400 0.0012332239421084523
193 0 0.003304082900285721
193 80 0.007160240318626165
193 160 0.004913271404802799
193 240 0.004818477667868137
193 320 0.006034639198333025
193 400 0.0025365236215293407
194 0 0.0046052769757807255
194 80 0.006793646607547998
194 160 0.0033031757920980453
194 240 0.008066477254033089
194 320 0.0034366841427981853
194 400 0.001956452149897814
195 0 0.0077051930129528046
195 80 0.001660750713199377
195 160 0.004769663792103529
195 240 0.0021243186201900244
195 320 0.004151929635554552
195 400 0.0028481546323746443
196 0 0.0025055843871086836
196 80 0.0023519848473370075
196 160 0.002739568939432502
196 240 0.008380529470741749
196 320 0.0030589522793889046
196 400 0.006432185880839825
197 0 0.0032391774002462626
197 80 0.004061022307723761
197 160 0.005361927207559347
197 240 0.008443694561719894
197 320 0.004716644063591957
197 400 0.002632739022374153
198 0 0.005385851953178644
198 80 0.004338058177381754
198 160 0.004474709276109934
198 240 0.002710771281272173
198 320 0.0029786801896989346
198 400 0.006437077187001705
199 0 0.004241188522428274
199 80 0.006473786663264036
199 160 0.0025934798177331686
199 240 0.003834713716059923
199 320 0.004339744336903095
199 400 0.0034851999953389168
200 0 0.005512102507054806
200 80 0.0022248337045311928
200 160 0.0025642458349466324
200 240 0.0037704859860241413
200 320 0.0033569063525646925
200 400 0.005159223917871714
201 0 0.003956579603254795
201 80 0.0022801561281085014
201 160 0.005061836913228035
201 240 0.004906812217086554
201 320 0.0038483133539557457
201 400 0.0024830051697790623
202 0 0.0017363339429721236
202 80 0.002989897271618247
202 160 0.004143676720559597
202 240 0.0026958498638123274
202 320 0.003336010966449976
202 400 0.002812528284266591
203 0 0.002585705602541566
203 80 0.0033779488876461983
203 160 0.00486012315377593
203 240 0.002488792175427079
203 320 0.002225747797638178
203 400 0.002369925379753113
204 0 0.003930345643311739
204 80 0.002986720995977521
204 160 0.005211580544710159
204 240 0.006133016664534807
204 320 0.002386805834248662
204 400 0.0027510232757776976
205 0 0.006103580817580223
205 80 0.0014530789339914918
205 160 0.0038421822246164083
205 240 0.0025479220785200596
205 320 0.004140307195484638
205 400 0.0020411063451319933
206 0 0.0020238873548805714
206 80 0.0025789905339479446
206 160 0.0025354293175041676
206 240 0.002430868102237582
206 320 0.0023741861805319786
206 400 0.003917386289685965
207 0 0.004675788804888725
207 80 0.005297631956636906
207 160 0.0035615386441349983
207 240 0.004298424813896418
207 320 0.003296768991276622
207 400 0.005635671317577362
208 0 0.004415933508425951
208 80 0.003275540890172124
208 160 0.0023253322578966618
208 240 0.0020020881202071905
208 320 0.0011321232886984944
208 400 0.0016480027697980404
209 0 0.0031579812057316303
209 80 0.0049939583986997604
209 160 0.0025574543979018927
209 240 0.003224868094548583
209 320 0.0032751758117228746
209 400 0.003108180360868573
210 0 0.003410367527976632
210 80 0.004782879259437323
210 160 0.0021768053993582726
210 240 0.0029867507982999086
210 320 0.009314898401498795
210 400 0.002337823389098048
211 0 0.0034419263247400522
211 80 0.0028394609689712524
211 160 0.0034608403220772743
211 240 0.0068303183652460575
211 320 0.004459460731595755
211 400 0.0022117020562291145
212 0 0.001980014843866229
212 80 0.004898639861494303
212 160 0.003828324843198061
212 240 0.004202226176857948
212 320 0.005659722723066807
212 400 0.005155516788363457
213 0 0.0028822694439440966
213 80 0.0027690420392900705
213 160 0.002035204553976655
213 240 0.006820105016231537
213 320 0.004111682064831257
213 400 0.00289392308332026
214 0 0.0028145378455519676
214 80 0.0027293015737086535
214 160 0.005268492735922337
214 240 0.004031540360301733
214 320 0.0034607627894729376
214 400 0.004137016832828522
215 0 0.002971366746351123
215 80 0.0016840476309880614
215 160 0.003443495137616992
215 240 0.002852942328900099
215 320 0.0021662109065800905
215 400 0.003276707837358117
216 0 0.0012653678422793746
216 80 0.0035191720817238092
216 160 0.002620609011501074
216 240 0.003817483317106962
216 320 0.002701739314943552
216 400 0.0021162538323551416
217 0 0.0015668320702388883
217 80 0.0021981794852763414
217 160 0.0033051748760044575
217 240 0.0033645478542894125
217 320 0.002680767560377717
217 400 0.003319601295515895
218 0 0.002696586772799492
218 80 0.0021339745726436377
218 160 0.0016338119748979807
218 240 0.0038547099102288485
218 320 0.001158980536274612
218 400 0.002602838911116123
219 0 0.0038746194913983345
219 80 0.0028250592295080423
219 160 0.0018895198591053486
219 240 0.003083127550780773
219 320 0.001925793127156794
219 400 0.004019859246909618
220 0 0.0028797341510653496
220 80 0.002823455724865198
220 160 0.003714908380061388
220 240 0.0041449717245996
220 320 0.0024196342565119267
220 400 0.0032849013805389404
221 0 0.002509923418983817
221 80 0.001875855028629303
221 160 0.004302096087485552
221 240 0.0032567617017775774
221 320 0.002036360092461109
221 400 0.0020838482305407524
222 0 0.004865918308496475
222 80 0.0035798929166048765
222 160 0.003146081930026412
222 240 0.0022480448242276907
222 320 0.0018318835645914078
222 400 0.004594439174979925
223 0 0.003236064687371254
223 80 0.0038956496864557266
223 160 0.0024924238678067923
223 240 0.004485361743718386
223 320 0.001960227033123374
223 400 0.0023988625034689903
224 0 0.002526046009734273
224 80 0.0034847159404307604
224 160 0.002605071756988764
224 240 0.002932976698502898
224 320 0.005299555603414774
224 400 0.0032835572492331266
225 0 0.0024621118791401386
225 80 0.0038937516510486603
225 160 0.0020771492272615433
225 240 0.0031670727767050266
225 320 0.004697063006460667
225 400 0.0019803610630333424
226 0 0.0036331734154373407
226 80 0.0036322607193142176
226 160 0.0013947257539257407
226 240 0.002856789855286479
226 320 0.0018272822489961982
226 400 0.005165463779121637
227 0 0.003681352362036705
227 80 0.003075879765674472
227 160 0.0021408754400908947
227 240 0.005241088103502989
227 320 0.001795150339603424
227 400 0.002963409060612321
228 0 0.002883683191612363
228 80 0.002215938176959753
228 160 0.004026235081255436
228 240 0.0023367551621049643
228 320 0.0029353622812777758
228 400 0.0018264775862917304
229 0 0.0019390527158975601
229 80 0.0018711762968450785
229 160 0.0038851068820804358
229 240 0.003295486094430089
229 320 0.003209494287148118
229 400 0.008504743687808514
230 0 0.0021522887982428074
230 80 0.002118626842275262
230 160 0.0030152453109622
230 240 0.002850169548764825
230 320 0.003786468179896474
230 400 0.002739171264693141
231 0 0.0023834409657865763
231 80 0.002093518851324916
231 160 0.003854067763313651
231 240 0.0038797466550022364
231 320 0.002927792025730014
231 400 0.002712518209591508
232 0 0.0013097067130729556
232 80 0.0024320457596331835
232 160 0.003828605404123664
232 240 0.0014738182071596384
232 320 0.00440647266805172
232 400 0.0015824794536456466
233 0 0.00574068957939744
233 80 0.005119172390550375
233 160 0.0023623467423021793
233 240 0.004709538538008928
233 320 0.0033365576528012753
233 400 0.0035153902135789394
234 0 0.0039050127379596233
234 80 0.0024911165237426758
234 160 0.0026061804965138435
234 240 0.0017433799803256989
234 320 0.0013774606632068753
234 400 0.0016311488579958677
235 0 0.0021193968132138252
235 80 0.005196020007133484
235 160 0.0026969145983457565
235 240 0.002141354139894247
235 320 0.007510893512517214
235 400 0.0021842860151082277
236 0 0.002956890035420656
236 80 0.001079260022379458
236 160 0.002337822923436761
236 240 0.0041091060265898705
236 320 0.002022341126576066
236 400 0.004582107532769442
237 0 0.002279703738167882
237 80 0.004478550981730223
237 160 0.003063029609620571
237 240 0.004997695330530405
237 320 0.001293758163228631
237 400 0.004570790100842714
238 0 0.003963785711675882
238 80 0.002407263033092022
238 160 0.0045139845460653305
238 240 0.001674158382229507
238 320 0.0024456456303596497
238 400 0.0031118178740143776
239 0 0.0018043635645881295
239 80 0.001895381254144013
239 160 0.002882707165554166
239 240 0.0058800047263503075
239 320 0.0032583121210336685
239 400 0.003763036336749792
240 0 0.002119683660566807
240 80 0.004713688511401415
240 160 0.0028682053089141846
240 240 0.0021851693745702505
240 320 0.004479207564145327
240 400 0.0018440050771459937
241 0 0.0023698927834630013
241 80 0.0029755637515336275
241 160 0.0023575029335916042
241 240 0.004122919403016567
241 320 0.006147890817373991
241 400 0.002462211297824979
242 0 0.003725876100361347
242 80 0.0030465731397271156
242 160 0.0014994553057476878
242 240 0.002611640142276883
242 320 0.0014210590161383152
242 400 0.002274090889841318
243 0 0.0026137863751500845
243 80 0.0016017104499042034
243 160 0.0026806830428540707
243 240 0.0016114397440105677
243 320 0.0024616566952317953
243 400 0.003242471953853965
244 0 0.002571254037320614
244 80 0.0024882860016077757
244 160 0.0026495845522731543
244 240 0.0024893733207136393
244 320 0.0007556346827186644
244 400 0.0025747616309672594
245 0 0.0014265781501308084
245 80 0.0030244989320635796
245 160 0.0017595745157450438
245 240 0.0034910403192043304
245 320 0.0022166315466165543
245 400 0.0032001850195229053
246 0 0.002125137485563755
246 80 0.0024578585289418697
246 160 0.001533358357846737
246 240 0.0018695032922551036
246 320 0.0028817146085202694
246 400 0.0022833908442407846
247 0 0.004938486963510513
247 80 0.004108070861548185
247 160 0.0021133595146238804
247 240 0.004427308216691017
247 320 0.0020061787217855453
247 400 0.0022172038443386555
248 0 0.0020584093872457743
248 80 0.0029266148339957
248 160 0.0032080060336738825
248 240 0.0012173457071185112
248 320 0.001760399667546153
248 400 0.003219391917809844
249 0 0.0022135998588055372
249 80 0.00247105211019516
249 160 0.0016868531238287687
249 240 0.0025288278702646494
249 320 0.0019260410917922854
249 400 0.0018238970078527927
250 0 0.0017220203299075365
250 80 0.0027858472894877195
250 160 0.0027541781309992075
250 240 0.001848327461630106
250 320 0.002812908263877034
250 400 0.002417191630229354
251 0 0.0027176891453564167
251 80 0.0035693843383342028
251 160 0.0025571498554199934
251 240 0.0019583050161600113
251 320 0.0026483710389584303
251 400 0.0015915997792035341
252 0 0.0018682456575334072
252 80 0.001873709843493998
252 160 0.001038351096212864
252 240 0.0039547099731862545
252 320 0.00341729330830276
252 400 0.003301586490124464
253 0 0.002944990759715438
253 80 0.002333450596779585
253 160 0.0023045875132083893
253 240 0.0015694564208388329
253 320 0.0016222582198679447
253 400 0.0029451334848999977
254 0 0.002604571869596839
254 80 0.003335796995088458
254 160 0.0025617340579628944
254 240 0.0023166879545897245
254 320 0.004156215116381645
254 400 0.0018399767577648163
255 0 0.0022376924753189087
255 80 0.0023039430379867554
255 160 0.003536743111908436
255 240 0.0035732665564864874
255 320 0.0015032386872917414
255 400 0.0027434108778834343
256 0 0.0027192935813218355
256 80 0.002948611043393612
256 160 0.002378450008109212
256 240 0.002776663051918149
256 320 0.0022765600588172674
256 400 0.003131330478936434
257 0 0.0010541548253968358
257 80 0.003671815851703286
257 160 0.002495278138667345
257 240 0.0010545195546001196
257 320 0.0010404305066913366
257 400 0.0022493840660899878
258 0 0.0025103751104325056
258 80 0.004188344348222017
258 160 0.0020290850661695004
258 240 0.0017117075622081757
258 320 0.0028991131111979485
258 400 0.0025813840329647064
259 0 0.0020816854666918516
259 80 0.0018395286751911044
259 160 0.001585379708558321
259 240 0.0034379689022898674
259 320 0.0030076145194470882
259 400 0.001321968506090343
260 0 0.0021406037267297506
260 80 0.0016209665918722749
260 160 0.004071138333529234
260 240 0.002929509850218892
260 320 0.0022689125034958124
260 400 0.002013512421399355
261 0 0.0023512705229222775
261 80 0.0022425008937716484
261 160 0.0030806988943368196
261 240 0.0024244815576821566
261 320 0.0014453406911343336
261 400 0.0015113623812794685
262 0 0.0012515593552961946
262 80 0.0016770845977589488
262 160 0.001507071079686284
262 240 0.0017421407392248511
262 320 0.0031022957991808653
262 400 0.001479793805629015
263 0 0.0034604165703058243
263 80 0.0025669096503406763
263 160 0.0033931960351765156
263 240 0.0024667519610375166
263 320 0.003428802592679858
263 400 0.00200301012955606
264 0 0.0015844478039070964
264 80 0.0030752066522836685
264 160 0.0017425857950001955
264 240 0.0014483496779575944
264 320 0.0018083633622154593
264 400 0.003917223773896694
265 0 0.0037525228690356016
265 80 0.0028061221819370985
265 160 0.0026184837333858013
265 240 0.003203815780580044
265 320 0.002235448220744729
265 400 0.0024067990016192198
266 0 0.0012948006624355912
266 80 0.0033688971307128668
266 160 0.0029439579229801893
266 240 0.0028163280803710222
266 320 0.0031678935047239065
266 400 0.0018035093089565635
267 0 0.001843724399805069
267 80 0.0019413536647334695
267 160 0.0017241061432287097
267 240 0.0019039028557017446
267 320 0.0017748440150171518
267 400 0.0018255822360515594
268 0 0.002611517673358321
268 80 0.002506178803741932
268 160 0.0026512760668992996
268 240 0.001968198688700795
268 320 0.0014345314120873809
268 400 0.003782616462558508
269 0 0.0016699782572686672
269 80 0.0009208132396452129
269 160 0.002598566235974431
269 240 0.0009617597097530961
269 320 0.0025643110275268555
269 400 0.0029659196734428406
270 0 0.0013527220580726862
270 80 0.0032159199472516775
270 160 0.0006428146152757108
270 240 0.003306241473183036
270 320 0.0009685071418061852
270 400 0.003299698466435075
271 0 0.002339195692911744
271 80 0.0015069632790982723
271 160 0.001823183847591281
271 240 0.003008454106748104
271 320 0.0035823495127260685
271 400 0.0038649726193398237
272 0 0.0013226170558482409
272 80 0.004158992785960436
272 160 0.003784614149481058
272 240 0.0014532830100506544
272 320 0.003508913330733776
272 400 0.002361894818022847
273 0 0.0011891283793374896
273 80 0.0014025819255039096
273 160 0.002508645411580801
273 240 0.0013521927176043391
273 320 0.0027965251356363297
273 400 0.0033331422600895166
274 0 0.0018815213115885854
274 80 0.0025982444640249014
274 160 0.0010558092035353184
274 240 0.0030665844678878784
274 320 0.002687363652512431
274 400 0.001655682804994285
275 0 0.0021392088383436203
275 80 0.0017951522022485733
275 160 0.0029044216498732567
275 240 0.0028823306784033775
275 320 0.0027117859572172165
275 400 0.0016788732027634978
276 0 0.0009987128432840109
276 80 0.002045364584773779
276 160 0.0024230536073446274
276 240 0.0012391782365739346
276 320 0.0016746358014643192
276 400 0.0018765374552458525
277 0 0.0024358879309147596
277 80 0.0016736830584704876
277 160 0.005993158556520939
277 240 0.0026574009098112583
277 320 0.0017366694519296288
277 400 0.00211832532659173
278 0 0.0021613864228129387
278 80 0.0025427022483199835
278 160 0.004082847852259874
278 240 0.0035799636971205473
278 320 0.002725809346884489
278 400 0.002580033615231514
279 0 0.0019050478003919125
279 80 0.0017772788414731622
279 160 0.001762455445714295
279 240 0.0013425839133560658
279 320 0.0026191126089543104
279 400 0.0022948775440454483
280 0 0.002311699092388153
280 80 0.004062481224536896
280 160 0.002195304026827216
280 240 0.0031551504507660866
280 320 0.0026035350747406483
280 400 0.0018548744264990091
281 0 0.0013965952675789595
281 80 0.0018310387386009097
281 160 0.0025741488207131624
281 240 0.003941003233194351
281 320 0.0017595872050151229
281 400 0.0019380260491743684
282 0 0.003711991012096405
282 80 0.0043279994279146194
282 160 0.0014897206565365195
282 240 0.0018088207580149174
282 320 0.0017433654284104705
282 400 0.0009001006837934256
283 0 0.0018037745030596852
283 80 0.002395526971668005
283 160 0.003320109099149704
283 240 0.00252267112955451
283 320 0.0015083295293152332
283 400 0.0038246354088187218
284 0 0.0025298716500401497
284 80 0.0026009087450802326
284 160 0.0010721217840909958
284 240 0.0030662461649626493
284 320 0.002568351337686181
284 400 0.0023052336182445288
285 0 0.0022080647759139538
285 80 0.0024706691037863493
285 160 0.0020966194570064545
285 240 0.0016111305449157953
285 320 0.0017189258942380548
285 400 0.0016588435973972082
286 0 0.0026071250904351473
286 80 0.0026317378506064415
286 160 0.0028673550114035606
286 240 0.0016101851360872388
286 320 0.001079595647752285
286 400 0.0023749431129544973
287 0 0.002608983311802149
287 80 0.003539306577295065
287 160 0.003317347727715969
287 240 0.0015532283578068018
287 320 0.0038145955186337233
287 400 0.0010922064539045095
288 0 0.002377214375883341
288 80 0.0010679042898118496
288 160 0.0017918451922014356
288 240 0.002481732051819563
288 320 0.0020532424096018076
288 400 0.0024791487958282232
289 0 0.0045869555324316025
289 80 0.002463757526129484
289 160 0.0010895229643210769
289 240 0.0025524492375552654
289 320 0.001113588223233819
289 400 0.003200393868610263
290 0 0.0027697905898094177
290 80 0.0038160118274390697
290 160 0.0017273385310545564
290 240 0.0024258873891085386
290 320 0.002164980163797736
290 400 0.0016992274904623628
291 0 0.0024349556770175695
291 80 0.0019440484466031194
291 160 0.0016058289911597967
291 240 0.0019442873308435082
291 320 0.0016504511004313827
291 400 0.002553485566750169
292 0 0.002300587249919772
292 80 0.002518497174605727
292 160 0.0018535780254751444
292 240 0.0017804114613682032
292 320 0.0020878075156360865
292 400 0.0019268473843112588
293 0 0.0014852508902549744
293 80 0.0013489979319274426
293 160 0.0008931088377721608
293 240 0.002147408900782466
293 320 0.0027894461527466774
293 400 0.0020740770269185305
294 0 0.0028538352344185114
294 80 0.0015701089287176728
294 160 0.003107254160568118
294 240 0.0023430350702255964
294 320 0.002537678461521864
294 400 0.0017827467527240515
295 0 0.002018348313868046
295 80 0.00328814797103405
295 160 0.001960000954568386
295 240 0.0016289425548166037
295 320 0.0013966450933367014
295 400 0.0028698102105408907
296 0 0.0016870610415935516
296 80 0.0013643867569044232
296 160 0.0007590281893499196
296 240 0.0008685667417012155
296 320 0.003000231459736824
296 400 0.003076917724683881
297 0 0.0012176043819636106
297 80 0.002257045591250062
297 160 0.0020295085851103067
297 240 0.0011852101888507605
297 320 0.0010992478346452117
297 400 0.0017069606110453606
298 0 0.0034823953174054623
298 80 0.001203285763040185
298 160 0.002620923798531294
298 240 0.001704741851426661
298 320 0.0017364940140396357
298 400 0.0004754339752253145
299 0 0.0019307296024635434
299 80 0.0016597252106294036
299 160 0.002844901755452156
299 240 0.0012654134770855308
299 320 0.0006017438136041164
299 400 0.0039645289070904255
300 0 0.0031956410966813564
300 80 0.000987078994512558
300 160 0.0023442786186933517
300 240 0.002044948050752282
300 320 0.0030229005496948957
300 400 0.0023745654616504908
