1 0.38306498252697335 0.8875166666666666
2 0.22570266693766947 0.9358333333333333
3 0.18958497376266573 0.94585
4 0.16736597632135408 0.95265
5 0.15186035407504547 0.9571333333333333
6 0.1398650537818861 0.9608166666666667
7 0.1298507855676893 0.96345
8 0.12125871605329168 0.96605
9 0.11449010542301989 0.9680666666666666
10 0.10819193368940465 0.9699833333333333
11 0.10266416230753286 0.97205
12 0.09792231022120157 0.97335
13 0.09351362893258584 0.9744333333333334
14 0.08915533086876752 0.97565
15 0.08553522671940231 0.9769833333333333
16 0.08172488895687721 0.9778833333333333
17 0.07876247889213343 0.97895
18 0.07565358340708432 0.97975
19 0.07284261722530701 0.9807
20 0.07025710993341164 0.98135
21 0.06756219496207833 0.9823666666666667
22 0.06534767541875526 0.9826666666666667
23 0.06308956340209508 0.9833833333333334
24 0.06085756891317713 0.9842
25 0.058967220388464074 0.9848166666666667
26 0.05696460274633949 0.9853
27 0.05497813956049492 0.9861166666666666
28 0.05364174078871955 0.98625
29 0.05175460028503813 0.98705
30 0.05015490486074104 0.9874833333333334
31 0.048562017565311144 0.9881
32 0.0472567020528225 0.9883666666666666
33 0.04572301314496346 0.98915
34 0.044351263783935675 0.9895333333333334
35 0.04305065463958328 0.9899333333333333
36 0.04182012742563987 0.9902666666666666
37 0.04046346497799415 0.9906833333333334
38 0.039451301139570884 0.9909
39 0.03824377387587322 0.9911166666666666
40 0.03723488659309998 0.99145
41 0.0361392794311968 0.9921166666666666
42 0.03503315739714896 0.9925
43 0.034237249603451314 0.9929666666666667
44 0.03334457283692637 0.9928666666666667
45 0.0323433920349886 0.9932666666666666
46 0.03137656800977107 0.9934833333333334
47 0.030615989042362617 0.9939666666666667
48 0.02987572261348748 0.9943333333333333
49 0.029073031525860337 0.9944833333333334
50 0.028258147693153764 0.9946
51 0.02756829810108362 0.9949166666666667
52 0.026819998420266583 0.99485
53 0.026085392639501645 0.9955666666666667
54 0.025417513305396794 0.9955166666666667
55 0.02488631217964867 0.9956666666666667
56 0.02416311856855684 0.99615
57 0.023576664762186218 0.9963333333333333
58 0.022996448343798423 0.99645
59 0.02246902326741484 0.9964833333333334
60 0.021889419631480472 0.997
61 0.02143259561046767 0.9970166666666667
62 0.020869962175064947 0.9971666666666666
63 0.020335868649335623 0.99735
64 0.019893442296476632 0.9974666666666666
65 0.019424731024046505 0.9975
66 0.01900697418295943 0.9977666666666667
67 0.018534842461569986 0.9978166666666667
68 0.01813527429178516 0.9979
69 0.017677433131489038 0.99815
70 0.017273794651639137 0.99825
71 0.01688303380235553 0.99815
72 0.01657207058653283 0.9981666666666666
73 0.016246191805788575 0.9982833333333333
74 0.015840983216358878 0.9985166666666667
75 0.015524914011116952 0.9985833333333334
76 0.015181097654260393 0.9987666666666667
77 0.014859537217718388 0.9987333333333334
78 0.01458366344502168 0.9988333333333334
79 0.014234461246241035 0.9987666666666667
80 0.01392569795681803 0.9990166666666667
81 0.013714533396013605 0.9988666666666667
82 0.01340853461652184 0.99915
83 0.013097190407853423 0.9990333333333333
84 0.01288804332556914 0.9991166666666667
85 0.012621646230198395 0.9990833333333333
86 0.012354218370235487 0.9992666666666666
87 0.012147890215219339 0.99925
88 0.01189579794070185 0.9992833333333333
89 0.011650780523156148 0.9994166666666666
90 0.011487487891712772 0.9993666666666666
91 0.011245738445366147 0.9994666666666666
92 0.011048557631460938 0.99945
93 0.010860688671636493 0.9994666666666666
94 0.010661233547650008 0.9995333333333334
95 0.010463725320244236 0.9994833333333333
96 0.010275325389888717 0.9995
97 0.01013402472178676 0.9995666666666667
