1 0 2.971580743789673
1 80 0.4081834852695465
1 160 0.4164322316646576
1 240 0.39807000756263733
1 320 0.36662742495536804
1 400 0.2423483282327652
2 0 0.2746906578540802
2 80 0.26317352056503296
2 160 0.21694457530975342
2 240 0.15294553339481354
2 320 0.2329789251089096
2 400 0.2721285820007324
3 0 0.18912456929683685
3 80 0.19028335809707642
3 160 0.17426979541778564
3 240 0.11120077967643738
3 320 0.13291773200035095
3 400 0.2855354845523834
4 0 0.35607001185417175
4 80 0.2813665270805359
4 160 0.09835921972990036
4 240 0.1791878640651703
4 320 0.23333773016929626
4 400 0.20766989886760712
5 0 0.18266265094280243
5 80 0.13223035633563995
5 160 0.2720109522342682
5 240 0.16134873032569885
5 320 0.13403263688087463
5 400 0.06294048577547073
6 0 0.11020101606845856
6 80 0.2378273606300354
6 160 0.15361358225345612
6 240 0.13046282529830933
6 320 0.11262985318899155
6 400 0.15954497456550598
7 0 0.08131156861782074
7 80 0.06526979058980942
7 160 0.16501310467720032
7 240 0.1242174506187439
7 320 0.14062772691249847
7 400 0.14262674748897552
8 0 0.10649062693119049
8 80 0.08273354172706604
8 160 0.23850300908088684
8 240 0.12924619019031525
8 320 0.071828193962574
8 400 0.17306984961032867
9 0 0.10567227005958557
9 80 0.11690744012594223
9 160 0.08467473834753036
9 240 0.09592259675264359
9 320 0.08681689947843552
9 400 0.09549910575151443
10 0 0.06627527624368668
10 80 0.09011278301477432
10 160 0.07254225015640259
10 240 0.08536244928836823
10 320 0.14837299287319183
10 400 0.1691475510597229
11 0 0.08700713515281677
11 80 0.06076976656913757
11 160 0.14187902212142944
11 240 0.1027689054608345
11 320 0.10440516471862793
11 400 0.13684901595115662
12 0 0.06016603857278824
12 80 0.0550222173333168
12 160 0.08369070291519165
12 240 0.10247672349214554
12 320 0.09825010597705841
12 400 0.06478932499885559
13 0 0.06546955555677414
13 80 0.14772595465183258
13 160 0.16882924735546112
13 240 0.1445680409669876
13 320 0.147086501121521
13 400 0.1023612916469574
14 0 0.09890612214803696
14 80 0.05776013806462288
14 160 0.0542900525033474
14 240 0.049450505524873734
14 320 0.12275786697864532
14 400 0.045260924845933914
15 0 0.08847049623727798
15 80 0.055156271904706955
15 160 0.1655406802892685
15 240 0.06657979637384415
15 320 0.12711194157600403
15 400 0.055855512619018555
16 0 0.04491988569498062
16 80 0.08929075300693512
16 160 0.15889176726341248
16 240 0.05447206273674965
16 320 0.12399836629629135
16 400 0.05704239010810852
17 0 0.11110586673021317
17 80 0.08085443824529648
17 160 0.04237072914838791
17 240 0.04947352036833763
17 320 0.06914255023002625
17 400 0.09455949813127518
18 0 0.08477234840393066
18 80 0.054389216005802155
18 160 0.053095437586307526
18 240 0.06216566637158394
18 320 0.1439039707183838
18 400 0.05377129092812538
19 0 0.10677909106016159
19 80 0.08697345107793808
19 160 0.12314217537641525
19 240 0.07386420667171478
19 320 0.06053289771080017
19 400 0.07917722314596176
20 0 0.06688543409109116
20 80 0.10283226519823074
20 160 0.03673774376511574
20 240 0.06632065773010254
20 320 0.059893738478422165
20 400 0.08681018650531769
21 0 0.05323825031518936
21 80 0.06092819944024086
21 160 0.0660802572965622
21 240 0.06580079346895218
21 320 0.08295442163944244
21 400 0.044508203864097595
22 0 0.028684884309768677
22 80 0.07802136242389679
22 160 0.04257495328783989
22 240 0.05595383793115616
22 320 0.10803128778934479
22 400 0.13176921010017395
23 0 0.03111458756029606
23 80 0.04970736801624298
23 160 0.04327962547540665
23 240 0.058479826897382736
23 320 0.049147751182317734
23 400 0.05033297464251518
24 0 0.020613495260477066
24 80 0.08516533672809601
24 160 0.0597013384103775
24 240 0.05746516212821007
24 320 0.09216446429491043
24 400 0.03792209550738335
25 0 0.0669100284576416
25 80 0.04288502410054207
25 160 0.10341737419366837
25 240 0.07018207758665085
25 320 0.057675860822200775
25 400 0.051607564091682434
26 0 0.03206649795174599
26 80 0.08524259924888611
26 160 0.0688462108373642
26 240 0.02393382601439953
26 320 0.04359401389956474
26 400 0.12159402668476105
27 0 0.04765935242176056
27 80 0.08335093408823013
27 160 0.06444547325372696
27 240 0.025846857577562332
27 320 0.056140631437301636
27 400 0.05937648192048073
28 0 0.0899185836315155
28 80 0.0740542784333229
28 160 0.047348350286483765
28 240 0.028806909918785095
28 320 0.02627766691148281
28 400 0.045305218547582626
29 0 0.030327215790748596
29 80 0.054596781730651855
29 160 0.047609880566596985
29 240 0.0815478265285492
29 320 0.04376986250281334
29 400 0.044743768870830536
30 0 0.03769524395465851
30 80 0.04311516508460045
30 160 0.03298591822385788
30 240 0.04344256594777107
30 320 0.045971665531396866
30 400 0.06600061804056168
31 0 0.07343875616788864
31 80 0.05012403056025505
31 160 0.07662641257047653
31 240 0.03341948986053467
31 320 0.030135465785861015
31 400 0.045758556574583054
32 0 0.04576774314045906
32 80 0.04223685711622238
32 160 0.016174346208572388
32 240 0.06306302547454834
32 320 0.02210615761578083
32 400 0.023711539804935455
33 0 0.04089473932981491
33 80 0.04700978100299835
33 160 0.040854379534721375
33 240 0.021929258480668068
33 320 0.028571445494890213
33 400 0.04078364744782448
34 0 0.03922145813703537
34 80 0.02628936618566513
34 160 0.05149884521961212
34 240 0.07586566358804703
34 320 0.07810530811548233
34 400 0.03653716668486595
35 0 0.042304761707782745
35 80 0.051845937967300415
35 160 0.05359075590968132
35 240 0.03560638055205345
35 320 0.04249540716409683
35 400 0.029667992144823074
36 0 0.014957545325160027
36 80 0.040290966629981995
36 160 0.04962116479873657
36 240 0.04407718405127525
36 320 0.06472937017679214
36 400 0.04434744641184807
37 0 0.05242955684661865
37 80 0.02499965950846672
37 160 0.06609921902418137
37 240 0.028889374807476997
37 320 0.019848207011818886
37 400 0.10163252800703049
38 0 0.036598384380340576
38 80 0.03473569080233574
38 160 0.030438175424933434
38 240 0.03673548996448517
38 320 0.024776022881269455
38 400 0.04641680419445038
39 0 0.03179168701171875
39 80 0.034317925572395325
39 160 0.04834688827395439
39 240 0.025203119963407516
39 320 0.027581626549363136
39 400 0.018009303137660027
40 0 0.057890620082616806
40 80 0.0380265936255455
40 160 0.01183135062456131
40 240 0.06620114296674728
40 320 0.029858648777008057
40 400 0.06818612664937973
41 0 0.030192438513040543
41 80 0.04250294715166092
41 160 0.03187460079789162
41 240 0.020069638267159462
41 320 0.039820898324251175
41 400 0.014810563065111637
42 0 0.010998561978340149
42 80 0.023048387840390205
42 160 0.042472608387470245
42 240 0.04217928275465965
42 320 0.06294376403093338
42 400 0.02884761244058609
43 0 0.011994202621281147
43 80 0.033493563532829285
43 160 0.011627388186752796
43 240 0.03600515052676201
43 320 0.062367841601371765
43 400 0.048694051802158356
44 0 0.025978248566389084
44 80 0.03643050789833069
44 160 0.026252254843711853
44 240 0.06160899996757507
44 320 0.036527469754219055
44 400 0.01804230734705925
45 0 0.012931687757372856
45 80 0.025149788707494736
45 160 0.04593343287706375
45 240 0.029475370422005653
45 320 0.020775489509105682
45 400 0.03401455655694008
46 0 0.028010284528136253
46 80 0.02276396006345749
46 160 0.022676680237054825
46 240 0.018585389479994774
46 320 0.02741379477083683
46 400 0.03316197916865349
47 0 0.020419223234057426
47 80 0.015588663518428802
47 160 0.051762763410806656
47 240 0.0372781977057457
47 320 0.03541964665055275
47 400 0.042862001806497574
48 0 0.015689440071582794
48 80 0.01740391179919243
48 160 0.02577996626496315
48 240 0.02550814114511013
48 320 0.03034529834985733
48 400 0.029059812426567078
49 0 0.02820502035319805
49 80 0.020016392692923546
49 160 0.04619910195469856
49 240 0.015368906781077385
49 320 0.0268037561327219
49 400 0.02228769287467003
50 0 0.057947177439928055
50 80 0.057012155652046204
50 160 0.010283667594194412
50 240 0.03261023387312889
50 320 0.03414369374513626
50 400 0.019989270716905594
51 0 0.01915927231311798
51 80 0.02314106374979019
51 160 0.08657637983560562
51 240 0.01338733360171318
51 320 0.023231497034430504
51 400 0.009244312532246113
52 0 0.005666790530085564
52 80 0.030969901010394096
52 160 0.017273053526878357
52 240 0.05619634687900543
52 320 0.015986304730176926
52 400 0.016725998371839523
53 0 0.03454037010669708
53 80 0.01649240404367447
53 160 0.009901314042508602
53 240 0.026626940816640854
53 320 0.006122041959315538
53 400 0.010020853951573372
54 0 0.0699177235364914
54 80 0.03337894752621651
54 160 0.030364278703927994
54 240 0.014112316071987152
54 320 0.02608483098447323
54 400 0.044589195400476456
55 0 0.02077358029782772
55 80 0.03560003265738487
55 160 0.019904563203454018
55 240 0.013446535915136337
55 320 0.021265404298901558
55 400 0.021089330315589905
56 0 0.023719487711787224
56 80 0.011773159727454185
56 160 0.0325237512588501
56 240 0.014679985120892525
56 320 0.016351010650396347
56 400 0.020495600998401642
57 0 0.019865011796355247
57 80 0.01899588480591774
57 160 0.016921740025281906
57 240 0.01896895095705986
57 320 0.014157461002469063
57 400 0.0214335098862648
58 0 0.042045459151268005
58 80 0.020319808274507523
58 160 0.024753045290708542
58 240 0.020819280296564102
58 320 0.021037638187408447
58 400 0.025312520563602448
59 0 0.024679718539118767
59 80 0.0329984650015831
59 160 0.017405200749635696
59 240 0.011943801306188107
59 320 0.019581586122512817
59 400 0.05074422061443329
60 0 0.019992321729660034
60 80 0.01452943217009306
60 160 0.009993546642363071
60 240 0.014384106732904911
60 320 0.036292485892772675
60 400 0.01173277385532856
61 0 0.01806837134063244
61 80 0.021761922165751457
61 160 0.01670777052640915
61 240 0.03479532524943352
61 320 0.01804962567985058
61 400 0.021038422361016273
62 0 0.019106142222881317
62 80 0.016431258991360664
62 160 0.013535910286009312
62 240 0.010971750132739544
62 320 0.01598902978003025
62 400 0.041602227836847305
63 0 0.011134047992527485
63 80 0.012565108016133308
63 160 0.02026182785630226
63 240 0.012983261607587337
63 320 0.01196743082255125
63 400 0.017854899168014526
64 0 0.01301463134586811
64 80 0.013211647048592567
64 160 0.012031891383230686
64 240 0.02106785774230957
64 320 0.018371976912021637
64 400 0.014060054905712605
65 0 0.01866457238793373
65 80 0.019090456888079643
65 160 0.05322052538394928
65 240 0.017505593597888947
65 320 0.02107067033648491
65 400 0.027225932106375694
66 0 0.013661611825227737
66 80 0.009452557191252708
66 160 0.006083684507757425
66 240 0.011624135076999664
66 320 0.028206191956996918
66 400 0.01708967238664627
67 0 0.02499833144247532
67 80 0.00816157553344965
67 160 0.013379717245697975
67 240 0.01075384858995676
67 320 0.012545688077807426
67 400 0.017106590792536736
68 0 0.0067067802883684635
68 80 0.017009509727358818
68 160 0.052229322493076324
68 240 0.040258217602968216
68 320 0.01548332441598177
68 400 0.01598356105387211
69 0 0.031788647174835205
69 80 0.0129866236820817
69 160 0.020744843408465385
69 240 0.009510384872555733
69 320 0.008316710591316223
69 400 0.005127668846398592
70 0 0.01218679454177618
70 80 0.03201950341463089
70 160 0.011304772458970547
70 240 0.01922340877354145
70 320 0.01592309959232807
70 400 0.012413468211889267
71 0 0.01708254963159561
71 80 0.008073336444795132
71 160 0.02745279110968113
71 240 0.014427071437239647
71 320 0.013247089460492134
71 400 0.013036776334047318
72 0 0.007667975965887308
72 80 0.010781348682940006
72 160 0.009865730069577694
72 240 0.022799331694841385
72 320 0.021785005927085876
72 400 0.012902382761240005
73 0 0.011949264444410801
73 80 0.014777078293263912
73 160 0.0190932285040617
73 240 0.01961950585246086
73 320 0.01270220521837473
73 400 0.020307550206780434
74 0 0.017169203609228134
74 80 0.021283771842718124
74 160 0.015181194990873337
74 240 0.013476070016622543
74 320 0.014577358961105347
74 400 0.008694402873516083
75 0 0.01335260272026062
75 80 0.014669522643089294
75 160 0.011351015418767929
75 240 0.013034168630838394
75 320 0.026560071855783463
75 400 0.0066858925856649876
76 0 0.014561482705175877
76 80 0.007589563261717558
76 160 0.015007021836936474
76 240 0.01216871663928032
76 320 0.015370124951004982
76 400 0.0164362583309412
77 0 0.008866951800882816
77 80 0.012201031669974327
77 160 0.019526733085513115
77 240 0.02098779007792473
77 320 0.01788359135389328
77 400 0.023844866082072258
78 0 0.01775113306939602
78 80 0.016627555713057518
78 160 0.008205825462937355
78 240 0.019812464714050293
78 320 0.021316755563020706
78 400 0.007504881359636784
79 0 0.010662931017577648
79 80 0.011259608902037144
79 160 0.003980003762990236
79 240 0.00963179673999548
79 320 0.009271113201975822
79 400 0.016461513936519623
80 0 0.013509592041373253
80 80 0.03210236504673958
80 160 0.00829820241779089
80 240 0.02252602018415928
80 320 0.06815790385007858
80 400 0.012686173431575298
81 0 0.008622705936431885
81 80 0.010669314302504063
81 160 0.011237396858632565
81 240 0.01257801242172718
81 320 0.017028803005814552
81 400 0.012588536366820335
82 0 0.010839425958693027
82 80 0.01173892617225647
82 160 0.010328702628612518
82 240 0.01611403003334999
82 320 0.01368398405611515
82 400 0.009365206584334373
83 0 0.010808208957314491
83 80 0.005896280519664288
83 160 0.012433874420821667
83 240 0.01188613660633564
83 320 0.01129557192325592
83 400 0.01203114539384842
84 0 0.007715380284935236
84 80 0.017761563882231712
84 160 0.007524408400058746
84 240 0.014312324114143848
84 320 0.013607088476419449
84 400 0.012321092188358307
85 0 0.005640569142997265
85 80 0.012868366204202175
85 160 0.01121185440570116
85 240 0.00967032928019762
85 320 0.009350836277008057
85 400 0.008039354346692562
86 0 0.010682043619453907
86 80 0.01183940190821886
86 160 0.01431933231651783
86 240 0.023786038160324097
86 320 0.006758404430001974
86 400 0.015955990180373192
87 0 0.014030633494257927
87 80 0.007440597750246525
87 160 0.013727902434766293
87 240 0.023908058181405067
87 320 0.011523454450070858
87 400 0.013935057446360588
88 0 0.007407110184431076
88 80 0.010704828426241875
88 160 0.012089792639017105
88 240 0.014822580851614475
88 320 0.009497157298028469
88 400 0.01623619720339775
89 0 0.009499016217887402
89 80 0.009679166600108147
89 160 0.07770247757434845
89 240 0.008956760168075562
89 320 0.00961228460073471
89 400 0.02388097532093525
90 0 0.008085522800683975
90 80 0.021930305287241936
90 160 0.007376807276159525
90 240 0.009156587533652782
90 320 0.011113451793789864
90 400 0.01583392545580864
91 0 0.008506988175213337
91 80 0.009071188047528267
91 160 0.0045129600912332535
91 240 0.008076433092355728
91 320 0.008570351637899876
91 400 0.0189836323261261
92 0 0.006548556033521891
92 80 0.007374002132564783
92 160 0.008033877238631248
92 240 0.0083176139742136
92 320 0.00926870759576559
92 400 0.011180508881807327
93 0 0.02059876173734665
93 80 0.012815219350159168
93 160 0.004111609887331724
93 240 0.007745696231722832
93 320 0.00941490475088358
93 400 0.009244357235729694
94 0 0.0058817206881940365
94 80 0.011788570322096348
94 160 0.004048524424433708
94 240 0.00871357973664999
94 320 0.01497366651892662
94 400 0.007002560887485743
95 0 0.004138002637773752
95 80 0.009614009410142899
95 160 0.016964193433523178
95 240 0.012249193154275417
95 320 0.011850751005113125
95 400 0.007194609846919775
96 0 0.0062945326790213585
96 80 0.005328855477273464
96 160 0.011594180017709732
96 240 0.00989761296659708
96 320 0.003407381707802415
96 400 0.013681787997484207
97 0 0.0047349450178444386
97 80 0.00495679909363389
97 160 0.016509994864463806
97 240 0.010968907736241817
97 320 0.0059279790148139
97 400 0.008494504727423191
98 0 0.00942236091941595
98 80 0.005597232840955257
98 160 0.01538127101957798
98 240 0.004507573787122965
98 320 0.013215277343988419
98 400 0.01724979281425476
