1 0.4575005702372553 0.8680666666666667
2 0.25026437463854423 0.9293166666666667
3 0.20754408394731183 0.9416333333333333
4 0.18123736629671633 0.9504
5 0.16241497743422034 0.9550666666666666
6 0.14774358936591442 0.9599
7 0.13588246320292893 0.9630166666666666
8 0.12601073573170696 0.9657166666666667
9 0.11758833515968149 0.9685666666666667
10 0.1103427790756673 0.9702833333333334
11 0.10386972694890077 0.9724333333333334
12 0.09823979989393179 0.9734
13 0.09320947040579339 0.9752666666666666
14 0.08867408754601916 0.9762833333333333
15 0.08473726489475922 0.9778
16 0.08081248682985173 0.9791666666666666
17 0.07740787648236447 0.9799
18 0.07406918907851807 0.9806333333333334
19 0.07116652129571448 0.9818666666666667
20 0.06829920587048474 0.9826333333333334
21 0.06577840872379 0.9833333333333333
22 0.06334558732783807 0.9840666666666666
23 0.061076859115505776 0.9847166666666667
24 0.058960911843663595 0.9852333333333333
25 0.05704399929848561 0.986
26 0.05508755445917214 0.9866333333333334
27 0.05339121796103365 0.9872666666666666
28 0.05168940419398709 0.9876
29 0.05004164241730913 0.9881833333333333
30 0.04855436101547881 0.9882
31 0.04712021621321437 0.9886666666666667
32 0.045689199439514036 0.9894166666666667
33 0.04435590539635943 0.9896666666666667
34 0.04313623934372592 0.9899833333333333
35 0.04183658525578058 0.9905
36 0.04074785659617897 0.99075
37 0.0395826133621384 0.9910333333333333
38 0.03850860265232543 0.9913833333333333
39 0.03747121014717673 0.9917666666666667
40 0.036547209682272694 0.9919833333333333
41 0.035594589799753766 0.99245
42 0.03458938182099287 0.9926
43 0.03384253790359825 0.99285
44 0.03294296148838773 0.99305
45 0.03205688586180557 0.99345
46 0.031329971302284806 0.9934833333333334
47 0.030592024624188825 0.9939166666666667
48 0.02983706915028282 0.99405
49 0.029172561969409493 0.9943666666666666
50 0.028401250480366413 0.9944666666666667
51 0.027807152683117876 0.9946166666666667
52 0.027187797867420958 0.9947
53 0.026540075359282208 0.9951833333333333
54 0.025889209244273174 0.9952166666666666
55 0.025325222959571174 0.9956666666666667
56 0.024811309805985834 0.9956166666666667
57 0.024309148328867294 0.9958833333333333
58 0.023713609027956276 0.9958833333333333
59 0.023194022739786647 0.9961
60 0.02272216035430429 0.9961666666666666
61 0.02221657719606085 0.9965166666666667
62 0.02174623543893033 0.9964666666666666
63 0.021329106252664314 0.99665
64 0.020856479694173216 0.9967833333333334
65 0.020462208766061297 0.9968
66 0.020051648440177063 0.9971833333333333
67 0.019631124722129946 0.9972833333333333
68 0.019247481859584987 0.99725
69 0.01886620917327718 0.9975166666666667
70 0.018517947454910987 0.9974666666666666
71 0.018178751064674942 0.9977166666666667
72 0.017776233876850813 0.9977333333333334
73 0.01746601153657571 0.9979
74 0.017167713291553865 0.9979833333333333
75 0.016818610507486537 0.9980333333333333
76 0.016501671068672178 0.9980833333333333
77 0.01619049782968009 0.9981666666666666
78 0.015933232034927906 0.9981833333333333
79 0.0156508399151774 0.9983
80 0.015353926999577836 0.9984
81 0.015090734860710879 0.9985666666666667
82 0.014812101147322258 0.9985666666666667
83 0.01453833559504164 0.9985666666666667
84 0.014293364015842741 0.99875
85 0.014077260997940672 0.9986333333333334
86 0.013847692960948706 0.9987833333333334
87 0.013596524578779301 0.9988833333333333
88 0.013369792378318908 0.9988666666666667
89 0.0131248245512181 0.99895
90 0.012941795307447884 0.99895
91 0.012706036982275466 0.9990833333333333
92 0.01251175712053376 0.9991
93 0.012327610922139336 0.99905
94 0.012135647033760225 0.9991833333333333
95 0.011940268049044396 0.9992166666666666
96 0.011761850086169869 0.9992166666666666
97 0.01157164170931993 0.9991333333333333
98 0.011370756402750736 0.9993
99 0.011210833800269533 0.99935
100 0.011046859754948441 0.99935
101 0.010882278573192926 0.9993666666666666
102 0.010718457507037087 0.9993666666666666
103 0.01057339443225485 0.9994
104 0.010430558294212735 0.99945
105 0.010250996196094448 0.9994833333333333
106 0.010104325086897068 0.9994666666666666
107 0.009976367992130536 0.9994666666666666
108 0.00982343510383053 0.9995166666666667
109 0.00969457826358693 0.9995333333333334
110 0.009553436732499488 0.9995
111 0.009414758155944504 0.9996166666666667
112 0.009297275183492028 0.9996166666666667
113 0.009176732742908731 0.9996166666666667
114 0.009059919331318089 0.9995833333333334
115 0.008918189655131558 0.9996666666666667
116 0.008793558665255366 0.9996833333333334
117 0.008698690090892412 0.99965
118 0.008589824509205245 0.9996833333333334
119 0.00846036310011803 0.99975
120 0.008357130366860073 0.9996666666666667
121 0.008253939627264657 0.9996666666666667
122 0.008138984541541763 0.9997166666666667
123 0.008052140709384084 0.9997333333333334
124 0.007949806058527168 0.9997333333333334
125 0.007849017869053619 0.99975
126 0.007745314798534297 0.99975
127 0.007656634925975839 0.9997833333333334
128 0.007576112006815758 0.9998
129 0.007488767322557949 0.9997833333333334
130 0.007381169182528406 0.9998
131 0.007306006136856703 0.9998333333333334
132 0.007213697284221776 0.9998166666666667
133 0.007122412671956585 0.9998333333333334
134 0.007049015548421757 0.9998333333333334
135 0.0069674798525742754 0.9998333333333334
136 0.006894819768342271 0.9998333333333334
137 0.006808969577941209 0.9998166666666667
138 0.0067413463284557405 0.99985
139 0.006666124744741902 0.99985
140 0.00658521586473086 0.9998666666666667
141 0.006510002116587307 0.9998666666666667
142 0.006453937933301684 0.99985
143 0.006380683792107649 0.9998833333333333
144 0.006311931773456238 0.9998833333333333
145 0.006250177876455888 0.9998666666666667
146 0.006185428769603721 0.9999166666666667
147 0.0061120938289779495 0.9999166666666667
148 0.006047164494825054 0.9999
149 0.005988828183562834 0.9999166666666667
150 0.005929890149302765 0.9999
151 0.005864687319442844 0.9999166666666667
152 0.005810196110571641 0.9999333333333333
153 0.005748040170402828 0.9999166666666667
154 0.005690958714663689 0.99995
155 0.0056331381608825375 0.9999333333333333
156 0.005566471464572542 0.99995
157 0.005526493836406753 0.99995
158 0.005468235857762905 0.99995
159 0.005424312003123671 0.99995
160 0.005365244583534533 0.99995
161 0.005314240085039494 0.99995
162 0.005265513506990029 0.99995
163 0.00521679917203465 0.99995
164 0.0051717339738853955 0.9999666666666667
165 0.005124194842419708 0.9999666666666667
166 0.005073323141290014 0.99995
167 0.005038069109859338 0.99995
168 0.004987041145982122 0.9999666666666667
169 0.00494125603523447 0.9999666666666667
170 0.004893460218161186 0.9999666666666667
171 0.004853882763692653 0.9999666666666667
172 0.004809187157754737 0.9999833333333333
173 0.004766465993032161 0.9999833333333333
174 0.00472613457870334 0.9999833333333333
175 0.004682515305268374 0.9999666666666667
176 0.004643865791993386 0.9999833333333333
177 0.004611788875560389 0.9999833333333333
178 0.004575097201409926 0.9999833333333333
179 0.004536134406684963 0.9999833333333333
180 0.004490772411396016 0.9999833333333333
181 0.0044502572600555014 0.9999833333333333
182 0.004418507715049726 0.9999833333333333
183 0.004386537435299743 0.9999833333333333
184 0.0043491730476413835 0.9999833333333333
185 0.004312261666751096 0.9999833333333333
186 0.004277297303821248 0.9999833333333333
187 0.004241631512762482 0.9999833333333333
188 0.00420596057820672 0.9999833333333333
189 0.0041769564337680925 0.9999833333333333
190 0.004143971214587214 0.9999833333333333
191 0.004110731029344885 0.9999833333333333
192 0.004083229523491679 0.9999833333333333
193 0.004047311689910183 0.9999833333333333
194 0.004015448945028378 0.9999833333333333
195 0.003986683092080057 0.9999833333333333
196 0.003955231578861758 0.9999833333333333
197 0.003925832739072059 0.9999833333333333
198 0.003891737077326607 0.9999833333333333
199 0.003870154567646669 0.9999833333333333
200 0.003844206219415929 0.9999833333333333
201 0.0038130108964816133 0.9999833333333333
202 0.003787367910107991 0.9999833333333333
203 0.003749956032072605 0.9999833333333333
204 0.0037307963815273477 0.9999833333333333
205 0.003701115379542875 1.0
206 0.0036773587465842267 0.9999833333333333
207 0.0036527735553731496 0.9999833333333333
208 0.0036233038954766416 1.0
209 0.003601262014908299 1.0
210 0.0035763594509561117 0.9999833333333333
211 0.003549817267051741 1.0
212 0.003528242161907534 1.0
213 0.0035015243532032824 1.0
214 0.0034746261806771366 1.0
215 0.003450440460451638 1.0
216 0.0034306015441271623 1.0
217 0.0034061034907773534 1.0
218 0.003378278506708258 1.0
219 0.003358537845784175 1.0
220 0.0033364689501592204 1.0
221 0.0033153247061882543 1.0
222 0.0032933792808025617 0.9999833333333333
223 0.003274253131682748 1.0
224 0.0032530465996814277 1.0
225 0.00323020385082827 1.0
226 0.0032087876986432225 0.9999833333333333
227 0.003189540324871168 1.0
228 0.0031666552856701538 1.0
229 0.0031490291485926315 1.0
230 0.0031280719161555885 1.0
231 0.0031110769775542202 1.0
232 0.003091456166514233 1.0
233 0.0030711118649663543 1.0
234 0.00305295713878334 1.0
235 0.0030307281235638045 1.0
236 0.003014738868320309 1.0
237 0.0029968183096954976 1.0
238 0.0029801626727958 1.0
239 0.0029612583803759612 1.0
240 0.0029419286461767435 1.0
241 0.0029259548816797155 1.0
242 0.0029070652744073522 1.0
243 0.0028922613713267776 1.0
244 0.0028699687178204976 1.0
245 0.002857176437432856 1.0
246 0.0028384738791136267 1.0
247 0.0028247714484123383 1.0
248 0.002805669223199656 1.0
249 0.0027914805840929227 1.0
250 0.0027718562628455293 1.0
251 0.002753463095433311 1.0
252 0.002744938489541149 1.0
253 0.0027271447474134965 1.0
254 0.002710560533051282 1.0
255 0.002697117003013513 1.0
256 0.002679919973308685 1.0
257 0.002666049455699604 1.0
258 0.0026526188199618842 1.0
259 0.002636228498296816 1.0
260 0.002623929968426453 1.0
261 0.002608228000506425 1.0
262 0.0025932379617993194 1.0
263 0.002578196707921329 1.0
264 0.002566584307183601 1.0
265 0.0025532238788829285 1.0
266 0.0025382918074353736 1.0
267 0.002523774179373818 1.0
268 0.002511667701771169 1.0
269 0.0024970450790039005 1.0
270 0.0024853024371355565 1.0
271 0.002472636653475269 1.0
272 0.002459316044427288 1.0
273 0.0024469724979434312 1.0
274 0.0024322249468908446 1.0
275 0.002420892538219841 1.0
276 0.002409239219171978 1.0
277 0.0023962327736868723 1.0
278 0.002384329971639928 1.0
279 0.0023731715156327386 1.0
280 0.002359350176546961 1.0
281 0.002347895920501033 1.0
282 0.0023361197950791065 1.0
283 0.002324188316140626 1.0
284 0.002312831282153972 1.0
285 0.002301259606859204 1.0
286 0.002291442099601221 1.0
287 0.002277719533393112 1.0
288 0.002268722462929539 1.0
289 0.002256715443975199 1.0
290 0.002246057031986945 1.0
291 0.002233269082050699 1.0
292 0.0022243054140347247 1.0
293 0.0022128287005051574 1.0
294 0.002205287648820634 1.0
295 0.0021916734773778854 1.0
296 0.002182202830688277 1.0
297 0.0021713085495295927 1.0
298 0.0021629351499512285 1.0
299 0.0021515772164141986 1.0
300 0.0021428119745289186 1.0
9999 0.0021137092262506485 1.0
