1 0 3.3677210807800293
1 80 0.7363048195838928
1 160 0.5021191239356995
1 240 0.39078307151794434
1 320 0.3159959316253662
1 400 0.3262099027633667
2 0 0.2315128892660141
2 80 0.17765790224075317
2 160 0.2976837456226349
2 240 0.22084154188632965
2 320 0.22871720790863037
2 400 0.2969624102115631
3 0 0.24359160661697388
3 80 0.1891392022371292
3 160 0.27999699115753174
3 240 0.3837454617023468
3 320 0.32990318536758423
3 400 0.20019648969173431
4 0 0.1175435334444046
4 80 0.2617936432361603
4 160 0.21394486725330353
4 240 0.15523849427700043
4 320 0.2513653039932251
4 400 0.22529105842113495
5 0 0.2324749231338501
5 80 0.23729346692562103
5 160 0.15286144614219666
5 240 0.11703436076641083
5 320 0.1811288297176361
5 400 0.13378162682056427
6 0 0.19983650743961334
6 80 0.10766478627920151
6 160 0.09497879445552826
6 240 0.12207411974668503
6 320 0.24735435843467712
6 400 0.18264536559581757
7 0 0.12179390341043472
7 80 0.08386939018964767
7 160 0.08548473566770554
7 240 0.1373184621334076
7 320 0.11942261457443237
7 400 0.12633369863033295
8 0 0.157977893948555
8 80 0.11455840617418289
8 160 0.14067566394805908
8 240 0.12209250777959824
8 320 0.1297316551208496
8 400 0.08074472844600677
9 0 0.1222136840224266
9 80 0.1605042815208435
9 160 0.09903053194284439
9 240 0.10472133755683899
9 320 0.1909804791212082
9 400 0.14595969021320343
10 0 0.14999526739120483
10 80 0.14898736774921417
10 160 0.2685624659061432
10 240 0.10064075142145157
10 320 0.07933762669563293
10 400 0.09422817826271057
11 0 0.09934747219085693
11 80 0.08773041516542435
11 160 0.049910757690668106
11 240 0.08260929584503174
11 320 0.18765529990196228
11 400 0.05112460255622864
12 0 0.0927279144525528
12 80 0.0807490348815918
12 160 0.13154226541519165
12 240 0.050621479749679565
12 320 0.07355152070522308
12 400 0.06642593443393707
13 0 0.04691800847649574
13 80 0.12306207418441772
13 160 0.08143004029989243
13 240 0.11983095109462738
13 320 0.08815645426511765
13 400 0.06915338337421417
14 0 0.11552903801202774
14 80 0.07876687496900558
14 160 0.1079782247543335
14 240 0.0841866210103035
14 320 0.0870823860168457
14 400 0.08540023118257523
15 0 0.0882124975323677
15 80 0.1650218963623047
15 160 0.06280263513326645
15 240 0.05034693330526352
15 320 0.09087090939283371
15 400 0.09487446397542953
16 0 0.05167412385344505
16 80 0.10504261404275894
16 160 0.11773765087127686
16 240 0.07885392755270004
16 320 0.11598198115825653
16 400 0.08648758381605148
17 0 0.0680636391043663
17 80 0.07599694281816483
17 160 0.1169801577925682
17 240 0.12834683060646057
17 320 0.049167416989803314
17 400 0.10225151479244232
18 0 0.057671647518873215
18 80 0.09297653287649155
18 160 0.0955570787191391
18 240 0.05263949930667877
18 320 0.08107145875692368
18 400 0.06587502360343933
19 0 0.0817730724811554
19 80 0.053986549377441406
19 160 0.10405905544757843
19 240 0.09945563971996307
19 320 0.02400618977844715
19 400 0.07648144662380219
20 0 0.036471303552389145
20 80 0.09256655722856522
20 160 0.04374629631638527
20 240 0.022903043776750565
20 320 0.02453022636473179
20 400 0.1116676852107048
21 0 0.046570248901844025
21 80 0.0947820320725441
21 160 0.038668565452098846
21 240 0.07037854194641113
21 320 0.0745684802532196
21 400 0.05669860541820526
22 0 0.030317366123199463
22 80 0.08195295929908752
22 160 0.07567596435546875
22 240 0.03544224053621292
22 320 0.08554498851299286
22 400 0.04227123036980629
23 0 0.07239990681409836
23 80 0.10444087535142899
23 160 0.0769018828868866
23 240 0.042579926550388336
23 320 0.06654251366853714
23 400 0.11452758312225342
24 0 0.0746491402387619
24 80 0.046968456357717514
24 160 0.03759611025452614
24 240 0.06282824277877808
24 320 0.04239112511277199
24 400 0.05756068974733353
25 0 0.05556342378258705
25 80 0.11220712214708328
25 160 0.04324563965201378
25 240 0.035815782845020294
25 320 0.047098033130168915
25 400 0.025379875674843788
26 0 0.0595882423222065
26 80 0.05732163414359093
26 160 0.06416396796703339
26 240 0.06847906857728958
26 320 0.04904520511627197
26 400 0.04002220183610916
27 0 0.017248952761292458
27 80 0.040027182549238205
27 160 0.07968258857727051
27 240 0.07910561561584473
27 320 0.04173804447054863
27 400 0.09707774966955185
28 0 0.04437237232923508
28 80 0.05945871025323868
28 160 0.07419916987419128
28 240 0.08534903824329376
28 320 0.046330444514751434
28 400 0.05829550325870514
29 0 0.06169997155666351
29 80 0.02878495864570141
29 160 0.015901930630207062
29 240 0.08843034505844116
29 320 0.03616158291697502
29 400 0.017863480374217033
30 0 0.09550393372774124
30 80 0.04072628915309906
30 160 0.08271114528179169
30 240 0.09396660327911377
30 320 0.016521356999874115
30 400 0.04768313840031624
31 0 0.08116599172353745
31 80 0.04943721368908882
31 160 0.05162152647972107
31 240 0.03359498828649521
31 320 0.032097168266773224
31 400 0.04228854924440384
32 0 0.02844211272895336
32 80 0.06372218579053879
32 160 0.03714928403496742
32 240 0.039258990436792374
32 320 0.05232902616262436
32 400 0.013305089436471462
33 0 0.04515611007809639
33 80 0.022946516051888466
33 160 0.03855573758482933
33 240 0.025066904723644257
33 320 0.027174726128578186
33 400 0.03248586505651474
34 0 0.02993568778038025
34 80 0.09094271063804626
34 160 0.04720407724380493
34 240 0.01447522733360529
34 320 0.022901300340890884
34 400 0.03678879886865616
35 0 0.04505773261189461
35 80 0.06037503480911255
35 160 0.042944446206092834
35 240 0.04882846027612686
35 320 0.031934548169374466
35 400 0.12689626216888428
36 0 0.06074078381061554
36 80 0.017830876633524895
36 160 0.06038986146450043
36 240 0.03153423219919205
36 320 0.04818838834762573
36 400 0.05625109001994133
37 0 0.05132417008280754
37 80 0.06656879186630249
37 160 0.026169512420892715
37 240 0.05994314327836037
37 320 0.04984722286462784
37 400 0.048852771520614624
38 0 0.03844306990504265
38 80 0.03426455333828926
38 160 0.052075766026973724
38 240 0.05475539341568947
38 320 0.01402431819587946
38 400 0.031239937990903854
39 0 0.04790579900145531
39 80 0.023236768320202827
39 160 0.054769400507211685
39 240 0.02496044896543026
39 320 0.045115720480680466
39 400 0.026278389617800713
40 0 0.07100509852170944
40 80 0.03298114240169525
40 160 0.03837466984987259
40 240 0.03793567419052124
40 320 0.061012640595436096
40 400 0.0405215285718441
41 0 0.024791723117232323
41 80 0.08415350317955017
41 160 0.04551643505692482
41 240 0.02864610217511654
41 320 0.03183698281645775
41 400 0.06921453028917313
42 0 0.04419073089957237
42 80 0.023020200431346893
42 160 0.05407828837633133
42 240 0.03563106805086136
42 320 0.029282959178090096
42 400 0.03687253221869469
43 0 0.027731390669941902
43 80 0.0323144905269146
43 160 0.04855222627520561
43 240 0.02612893655896187
43 320 0.04860211908817291
43 400 0.02941163070499897
44 0 0.0684947669506073
44 80 0.03212084248661995
44 160 0.0814867913722992
44 240 0.039260320365428925
44 320 0.041359636932611465
44 400 0.012911325320601463
45 0 0.047770801931619644
45 80 0.020582102239131927
45 160 0.025548573583364487
45 240 0.024944229051470757
45 320 0.04723846912384033
45 400 0.02946820855140686
46 0 0.014457911252975464
46 80 0.03550589084625244
46 160 0.03243391960859299
46 240 0.020875299349427223
46 320 0.04320609197020531
46 400 0.04626011103391647
47 0 0.037165362387895584
47 80 0.033838119357824326
47 160 0.025466566905379295
47 240 0.019065652042627335
47 320 0.036410097032785416
47 400 0.0170256569981575
48 0 0.05580506473779678
48 80 0.055830780416727066
48 160 0.03974366560578346
48 240 0.0072748395614326
48 320 0.016983702778816223
48 400 0.034329112619161606
49 0 0.041918329894542694
49 80 0.036576416343450546
49 160 0.0218369048088789
49 240 0.01196472067385912
49 320 0.02630687691271305
49 400 0.02525825798511505
50 0 0.02598104067146778
50 80 0.034199438989162445
50 160 0.04447290301322937
50 240 0.014419014565646648
50 320 0.023147355765104294
50 400 0.009416135959327221
51 0 0.024188417941331863
51 80 0.03203652426600456
51 160 0.03630476072430611
51 240 0.017138220369815826
51 320 0.018602263182401657
51 400 0.06774863600730896
52 0 0.019811077043414116
52 80 0.1094595342874527
52 160 0.027159862220287323
52 240 0.015447503887116909
52 320 0.016351737082004547
52 400 0.011426148936152458
53 0 0.021827036514878273
53 80 0.028426039963960648
53 160 0.028308816254138947
53 240 0.030356431379914284
53 320 0.01834055967628956
53 400 0.020067943260073662
54 0 0.028980134055018425
54 80 0.014271668158471584
54 160 0.021773312240839005
54 240 0.03359406813979149
54 320 0.030969923362135887
54 400 0.03563617542386055
55 0 0.019718069583177567
55 80 0.027225399389863014
55 160 0.027566075325012207
55 240 0.03387639671564102
55 320 0.0315515361726284
55 400 0.02858901582658291
56 0 0.014402381144464016
56 80 0.012982194311916828
56 160 0.022309770807623863
56 240 0.011363339610397816
56 320 0.02601868286728859
56 400 0.03278250992298126
57 0 0.020754843950271606
57 80 0.02976907230913639
57 160 0.02073328197002411
57 240 0.018402740359306335
57 320 0.02295559085905552
57 400 0.012340163812041283
58 0 0.027087699621915817
58 80 0.04146382212638855
58 160 0.014643635600805283
58 240 0.021493401378393173
58 320 0.029941190034151077
58 400 0.03393655642867088
59 0 0.03197949379682541
59 80 0.015528921037912369
59 160 0.02341601438820362
59 240 0.016913408413529396
59 320 0.019564174115657806
59 400 0.02391505427658558
60 0 0.01005081832408905
60 80 0.01753581129014492
60 160 0.022820595651865005
60 240 0.019417382776737213
60 320 0.01493396982550621
60 400 0.014080171473324299
61 0 0.024767031893134117
61 80 0.009896623902022839
61 160 0.03143532946705818
61 240 0.021721623837947845
61 320 0.01904257945716381
61 400 0.03475664183497429
62 0 0.02537919394671917
62 80 0.017586564645171165
62 160 0.020019426941871643
62 240 0.01783158630132675
62 320 0.021755177527666092
62 400 0.0227259062230587
63 0 0.03271647170186043
63 80 0.031229820102453232
63 160 0.04234744980931282
63 240 0.021001730114221573
63 320 0.03754906728863716
63 400 0.01259712316095829
64 0 0.019030887633562088
64 80 0.01748943142592907
64 160 0.012220798060297966
64 240 0.017750512808561325
64 320 0.013554609380662441
64 400 0.0164201483130455
65 0 0.040605608373880386
65 80 0.03689389303326607
65 160 0.019017744809389114
65 240 0.046534135937690735
65 320 0.017612185329198837
65 400 0.03025870956480503
66 0 0.01629391312599182
66 80 0.020388415083289146
66 160 0.011469156481325626
66 240 0.020399805158376694
66 320 0.004552104510366917
66 400 0.017294447869062424
67 0 0.02378111705183983
67 80 0.011615856550633907
67 160 0.02986784651875496
67 240 0.02342142164707184
67 320 0.018478332087397575
67 400 0.005309346131980419
68 0 0.02372104860842228
68 80 0.010199243202805519
68 160 0.02171122469007969
68 240 0.012034151703119278
68 320 0.024772165343165398
68 400 0.011942206881940365
69 0 0.016400683671236038
69 80 0.03237485513091087
69 160 0.006531710270792246
69 240 0.020590979605913162
69 320 0.02398938685655594
69 400 0.01647680439054966
70 0 0.02226955257356167
70 80 0.015889715403318405
70 160 0.009748208336532116
70 240 0.01437806710600853
70 320 0.015864169225096703
70 400 0.014467003755271435
71 0 0.048450082540512085
71 80 0.023920724168419838
71 160 0.01714242435991764
71 240 0.023803947493433952
71 320 0.011496908031404018
71 400 0.010998035781085491
72 0 0.012445000000298023
72 80 0.027912171557545662
72 160 0.027807289734482765
72 240 0.007501952815800905
72 320 0.013793843798339367
72 400 0.0185221079736948
73 0 0.028197459876537323
73 80 0.007390312850475311
73 160 0.012315090745687485
73 240 0.02048575133085251
73 320 0.016970079392194748
73 400 0.01179078221321106
74 0 0.019115904346108437
74 80 0.0059068347327411175
74 160 0.008675183169543743
74 240 0.014032584615051746
74 320 0.04018426686525345
74 400 0.01342646311968565
75 0 0.01580856367945671
75 80 0.02010386809706688
75 160 0.012011784128844738
75 240 0.01168146263808012
75 320 0.01283449586480856
75 400 0.014145293273031712
76 0 0.015552925877273083
76 80 0.012946142815053463
76 160 0.015895269811153412
76 240 0.014064707793295383
76 320 0.01138894259929657
76 400 0.00813810434192419
77 0 0.013950484804809093
77 80 0.019952628761529922
77 160 0.017980415374040604
77 240 0.024506505578756332
77 320 0.008779575116932392
77 400 0.005733715370297432
78 0 0.012894182465970516
78 80 0.011313932947814465
78 160 0.016384722664952278
78 240 0.0129519859328866
78 320 0.011436009779572487
78 400 0.014969305135309696
79 0 0.019910359755158424
79 80 0.010747154243290424
79 160 0.024078816175460815
79 240 0.004922476131469011
79 320 0.018773701041936874
79 400 0.03985948860645294
80 0 0.025637174025177956
80 80 0.007952040061354637
80 160 0.017922144383192062
80 240 0.02794971689581871
80 320 0.005470873787999153
80 400 0.02271527424454689
81 0 0.016469035297632217
81 80 0.006918838247656822
81 160 0.00887992512434721
81 240 0.013623018749058247
81 320 0.013659765012562275
81 400 0.009332988411188126
82 0 0.011080773547291756
82 80 0.013564959168434143
82 160 0.014451881870627403
82 240 0.010120528750121593
82 320 0.01308312825858593
82 400 0.013277370482683182
83 0 0.01834191009402275
83 80 0.016565337777137756
83 160 0.011803528293967247
83 240 0.013613500632345676
83 320 0.012891522608697414
83 400 0.012023981660604477
84 0 0.005940149072557688
84 80 0.013013598509132862
84 160 0.04364287480711937
84 240 0.010615282692015171
84 320 0.018329141661524773
84 400 0.046770669519901276
85 0 0.007558285724371672
85 80 0.009783623740077019
85 160 0.00881712231785059
85 240 0.008733449503779411
85 320 0.014005943201482296
85 400 0.007615814916789532
86 0 0.016653208062052727
86 80 0.016124745830893517
86 160 0.014247049577534199
86 240 0.004995859693735838
86 320 0.017429416999220848
86 400 0.00787237100303173
87 0 0.015228254720568657
87 80 0.009212952107191086
87 160 0.028741754591464996
87 240 0.014922288246452808
87 320 0.011069909669458866
87 400 0.009202362038195133
88 0 0.013791314326226711
88 80 0.011119270697236061
88 160 0.010549277067184448
88 240 0.004317430313676596
88 320 0.007222926244139671
88 400 0.009877430275082588
89 0 0.011511951684951782
89 80 0.012145140208303928
89 160 0.015070794150233269
89 240 0.012086893431842327
89 320 0.012614178471267223
89 400 0.013513012789189816
90 0 0.00985707901418209
90 80 0.013132275082170963
90 160 0.006189374718815088
90 240 0.013301694765686989
90 320 0.012549188919365406
90 400 0.009079977869987488
91 0 0.019535798579454422
91 80 0.007049719337373972
91 160 0.017546391114592552
91 240 0.015101504512131214
91 320 0.04248717054724693
91 400 0.01652243174612522
92 0 0.010402261279523373
92 80 0.00445033423602581
92 160 0.0034013567492365837
92 240 0.008589374832808971
92 320 0.01737293228507042
92 400 0.02185683324933052
93 0 0.014918562024831772
93 80 0.009398551657795906
93 160 0.01342089381068945
93 240 0.017320487648248672
93 320 0.01348196342587471
93 400 0.010718625038862228
94 0 0.023127615451812744
94 80 0.010279995389282703
94 160 0.01990962028503418
94 240 0.01107605267316103
94 320 0.004167703911662102
94 400 0.012650205753743649
95 0 0.018465369939804077
95 80 0.017765481024980545
95 160 0.010012449696660042
95 240 0.018078086897730827
95 320 0.019264694303274155
95 400 0.008034070953726768
96 0 0.009010500274598598
96 80 0.019630858674645424
96 160 0.008963149972259998
96 240 0.007092899177223444
96 320 0.014406084083020687
96 400 0.019037561491131783
97 0 0.026928214356303215
97 80 0.007774150464683771
97 160 0.008465609513223171
97 240 0.010752836242318153
97 320 0.015287965536117554
97 400 0.011696630157530308
98 0 0.019938897341489792
98 80 0.009742142632603645
98 160 0.01180692296475172
98 240 0.015972308814525604
98 320 0.01998516172170639
98 400 0.009126659482717514
99 0 0.020247306674718857
99 80 0.005246036220341921
99 160 0.005421352572739124
99 240 0.00482278224080801
99 320 0.005260143894702196
99 400 0.009751126170158386
100 0 0.01168006844818592
100 80 0.006347987335175276
100 160 0.005805216729640961
100 240 0.006859262008219957
100 320 0.01344543881714344
100 400 0.009910689666867256
101 0 0.009207061491906643
101 80 0.007905907928943634
101 160 0.007472975179553032
101 240 0.014435741119086742
101 320 0.010640467517077923
101 400 0.01203871425241232
102 0 0.00505978474393487
102 80 0.009925248101353645
102 160 0.007580676581710577
102 240 0.018605796620249748
102 320 0.012627923861145973
102 400 0.013108410872519016
103 0 0.005707132164388895
103 80 0.01239180751144886
103 160 0.0033236441668123007
103 240 0.012937256135046482
103 320 0.011328374966979027
103 400 0.00987008772790432
104 0 0.013549190014600754
104 80 0.009888449683785439
104 160 0.019235949963331223
104 240 0.005456427577883005
104 320 0.005054254084825516
104 400 0.011138424277305603
105 0 0.014221236109733582
105 80 0.018481051549315453
105 160 0.012247368693351746
105 240 0.013218267820775509
105 320 0.008475466631352901
105 400 0.014202900230884552
106 0 0.012273699976503849
106 80 0.008659941144287586
106 160 0.007964253425598145
106 240 0.007590613327920437
106 320 0.009449347853660583
106 400 0.004397697281092405
107 0 0.014252119697630405
107 80 0.011225035414099693
107 160 0.007638189010322094
107 240 0.011253234930336475
107 320 0.00464452151209116
107 400 0.003270604880526662
108 0 0.0074850888922810555
108 80 0.0105469124391675
108 160 0.011349373497068882
108 240 0.02663716860115528
108 320 0.008310011588037014
108 400 0.013679795898497105
109 0 0.010818864218890667
109 80 0.0074416836723685265
109 160 0.00569263007491827
109 240 0.010996898636221886
109 320 0.007058121729642153
109 400 0.004458621609956026
110 0 0.01344449631869793
110 80 0.004736145492643118
110 160 0.008324879221618176
110 240 0.01030435785651207
110 320 0.006078233011066914
110 400 0.004880689084529877
111 0 0.01742745377123356
111 80 0.008607940748333931
111 160 0.009958415292203426
111 240 0.009150871075689793
111 320 0.0063150664791464806
111 400 0.003657248569652438
112 0 0.008865629322826862
112 80 0.005889051593840122
112 160 0.004771903157234192
112 240 0.004587586037814617
112 320 0.003977180924266577
112 400 0.009788210503757
113 0 0.006781106814742088
113 80 0.003950563259422779
113 160 0.01184867788106203
113 240 0.012174690142273903
113 320 0.009207961149513721
113 400 0.008092219941318035
114 0 0.013604081235826015
114 80 0.00961616262793541
114 160 0.005814610980451107
114 240 0.010879111476242542
114 320 0.008504409343004227
114 400 0.006609015166759491
115 0 0.00856185145676136
115 80 0.0034001420717686415
115 160 0.017484111711382866
115 240 0.010931376367807388
115 320 0.00417674146592617
115 400 0.014603487215936184
116 0 0.004534888546913862
116 80 0.004952927585691214
116 160 0.005471101496368647
116 240 0.002842995570972562
116 320 0.003591802204027772
116 400 0.013670412823557854
117 0 0.003443104913458228
117 80 0.009032349102199078
117 160 0.006680837832391262
117 240 0.010984412394464016
117 320 0.005838966928422451
117 400 0.012073716148734093
118 0 0.0082468306645751
118 80 0.006464694160968065
118 160 0.01065126247704029
118 240 0.005693624261766672
118 320 0.007154157385230064
118 400 0.010462487116456032
119 0 0.007053258363157511
119 80 0.005404362920671701
119 160 0.011591550894081593
119 240 0.004772651474922895
119 320 0.013998949900269508
119 400 0.006301102694123983
120 0 0.010335663333535194
120 80 0.007853550836443901
120 160 0.00894535519182682
120 240 0.009683480486273766
120 320 0.009102808311581612
120 400 0.0038672504015266895
121 0 0.005500985775142908
121 80 0.009611977264285088
121 160 0.00884335394948721
121 240 0.00640129903331399
121 320 0.012975904159247875
121 400 0.003783236490562558
122 0 0.008201157674193382
122 80 0.004768371116369963
122 160 0.005316799506545067
122 240 0.009766447357833385
122 320 0.012204884551465511
122 400 0.005266652442514896
123 0 0.010549774393439293
123 80 0.005007029511034489
123 160 0.011604945175349712
123 240 0.003995470702648163
123 320 0.007408263627439737
123 400 0.003931143786758184
124 0 0.008655422367155552
124 80 0.010755270719528198
124 160 0.009240048006176949
124 240 0.0075689647346735
124 320 0.008551659993827343
124 400 0.004506727214902639
125 0 0.0064890021458268166
125 80 0.005552978254854679
125 160 0.008230148814618587
125 240 0.004104506224393845
125 320 0.00842980481684208
125 400 0.010173363611102104
126 0 0.004487714730203152
126 80 0.006357095204293728
126 160 0.009533156640827656
126 240 0.006430832669138908
126 320 0.004923498723655939
126 400 0.004214176442474127
127 0 0.00966761726886034
127 80 0.0073514338582754135
127 160 0.010310051031410694
127 240 0.006406708154827356
127 320 0.006831289269030094
127 400 0.008795339614152908
128 0 0.007190020754933357
128 80 0.007375431712716818
128 160 0.016473347321152687
128 240 0.008397838100790977
128 320 0.009483736008405685
128 400 0.005449305288493633
129 0 0.007490043994039297
129 80 0.004539881367236376
129 160 0.010344778187572956
129 240 0.0076520927250385284
129 320 0.01593569852411747
129 400 0.007276968099176884
130 0 0.004325097426772118
130 80 0.004298530053347349
130 160 0.007797448430210352
130 240 0.009577822871506214
130 320 0.010781445540487766
130 400 0.008877639658749104
131 0 0.0031284610740840435
131 80 0.007574834395200014
131 160 0.007404569536447525
131 240 0.010255887173116207
131 320 0.01311683002859354
131 400 0.010572181083261967
132 0 0.00389287993311882
132 80 0.00532430037856102
132 160 0.0072817690670490265
132 240 0.00622577266767621
132 320 0.0054162051528692245
132 400 0.00894967745989561
133 0 0.008017639629542828
133 80 0.005560014396905899
133 160 0.006824794691056013
133 240 0.003594175213947892
133 320 0.006019389722496271
133 400 0.007316158153116703
134 0 0.006133686285465956
134 80 0.006178684998303652
134 160 0.0033787463326007128
134 240 0.00908631831407547
134 320 0.0033919259440153837
134 400 0.011388486251235008
135 0 0.005032253451645374
135 80 0.007370259612798691
135 160 0.004175082314759493
135 240 0.00578685337677598
135 320 0.004763923119753599
135 400 0.00965091586112976
136 0 0.008511905558407307
136 80 0.006205823738127947
136 160 0.0070588719099760056
136 240 0.005949882324784994
136 320 0.008532371371984482
136 400 0.00580592593178153
137 0 0.007639916148036718
137 80 0.006455881521105766
137 160 0.005065500270575285
137 240 0.007754708174616098
137 320 0.004198275040835142
137 400 0.008760015480220318
138 0 0.006115870550274849
138 80 0.006126543041318655
138 160 0.004681580699980259
138 240 0.005738856736570597
138 320 0.0027623274363577366
138 400 0.012749862857162952
139 0 0.0076980902813375
139 80 0.004142628517001867
139 160 0.0057559809647500515
139 240 0.004909830633550882
139 320 0.005260676611214876
139 400 0.004875326529145241
140 0 0.007096839137375355
140 80 0.007272433489561081
140 160 0.005757374223321676
140 240 0.006141315214335918
140 320 0.007964610122144222
140 400 0.007109307684004307
141 0 0.005471452139317989
141 80 0.00498192710801959
141 160 0.003042942378669977
141 240 0.005630612839013338
141 320 0.005394652020186186
141 400 0.009880892932415009
142 0 0.006716395728290081
142 80 0.0069535779766738415
142 160 0.0073061552830040455
142 240 0.00869716051965952
142 320 0.003263001563027501
142 400 0.008490210399031639
143 0 0.002457163529470563
143 80 0.004604982677847147
143 160 0.006585938390344381
143 240 0.006895367056131363
143 320 0.0073711764998734
143 400 0.010292785242199898
144 0 0.004014378879219294
144 80 0.005136206280440092
144 160 0.005831454880535603
144 240 0.010153235867619514
144 320 0.006013992242515087
144 400 0.01047405693680048
145 0 0.0039657047018408775
145 80 0.00614324864000082
145 160 0.009154261089861393
145 240 0.009191310033202171
145 320 0.004398579243570566
145 400 0.005391248967498541
146 0 0.0076344311237335205
146 80 0.004065301734954119
146 160 0.004000372719019651
146 240 0.00501134991645813
146 320 0.0036780608352273703
146 400 0.006394577212631702
147 0 0.0028997657354921103
147 80 0.008278709836304188
147 160 0.011979417875409126
147 240 0.005581510253250599
147 320 0.004290127661079168
147 400 0.0074859196320176125
148 0 0.005262396298348904
148 80 0.006926634348928928
148 160 0.005629196297377348
148 240 0.005676588974893093
148 320 0.005514848977327347
148 400 0.006854389328509569
149 0 0.008083022199571133
149 80 0.00411006947979331
149 160 0.0027245974633842707
149 240 0.006713136099278927
149 320 0.005555649753659964
149 400 0.007727874908596277
150 0 0.0048959688283503056
150 80 0.0030001052655279636
150 160 0.004303698893636465
150 240 0.007783567067235708
150 320 0.005672679282724857
150 400 0.004200049676001072
151 0 0.013241151347756386
151 80 0.004075960256159306
151 160 0.011286390945315361
151 240 0.006399737671017647
151 320 0.006013254169374704
151 400 0.010856445878744125
152 0 0.003241174155846238
152 80 0.006855509709566832
152 160 0.006707504857331514
152 240 0.004272236488759518
152 320 0.0022886949591338634
152 400 0.0060601504519581795
153 0 0.0032048055436462164
153 80 0.003421874949708581
153 160 0.005993351340293884
153 240 0.008171254768967628
153 320 0.003688666969537735
153 400 0.007746334653347731
154 0 0.00783906877040863
154 80 0.005996554158627987
154 160 0.005856309551745653
154 240 0.002243004972115159
154 320 0.0038188935723155737
154 400 0.004860457498580217
155 0 0.005190828815102577
155 80 0.007997757755219936
155 160 0.002838427433744073
155 240 0.006787641439586878
155 320 0.0049631474539637566
155 400 0.0020852452144026756
156 0 0.007563979364931583
156 80 0.0055002132430672646
156 160 0.007853919640183449
156 240 0.006187465973198414
156 320 0.0023414005991071463
156 400 0.0053032999858260155
157 0 0.0018817773088812828
157 80 0.00412673270329833
157 160 0.009014486335217953
157 240 0.004020245745778084
157 320 0.010845012031495571
157 400 0.004765612538903952
158 0 0.008127819746732712
158 80 0.004623644985258579
158 160 0.0028813686221837997
158 240 0.009999046102166176
158 320 0.009550914168357849
158 400 0.005100766196846962
159 0 0.003666618373245001
159 80 0.006743472069501877
159 160 0.005027460400015116
159 240 0.0026793561410158873
159 320 0.0062245652079582214
159 400 0.006689864676445723
160 0 0.004132512491196394
160 80 0.006904461421072483
160 160 0.004481233190745115
160 240 0.002586021786555648
160 320 0.003991257399320602
160 400 0.006335399579256773
161 0 0.005464056972414255
161 80 0.0036708537954837084
161 160 0.005347731988877058
161 240 0.0064164032228291035
161 320 0.005195246543735266
161 400 0.004550691228359938
162 0 0.005735722370445728
162 80 0.007372666150331497
162 160 0.003539205761626363
162 240 0.0015168554382398725
162 320 0.005459237843751907
162 400 0.004664942622184753
163 0 0.007818428799510002
163 80 0.0036481760907918215
163 160 0.004518585279583931
163 240 0.003782514249905944
163 320 0.005365677177906036
163 400 0.00870423298329115
164 0 0.00816252175718546
164 80 0.003965999931097031
164 160 0.004511902574449778
164 240 0.0071933879517018795
164 320 0.01220411341637373
164 400 0.005926947109401226
165 0 0.003285890445113182
165 80 0.006328478455543518
165 160 0.009603983722627163
165 240 0.003606395563110709
165 320 0.005298890173435211
165 400 0.003732826327905059
166 0 0.00850377231836319
166 80 0.005972755141556263
166 160 0.003931387793272734
166 240 0.007866813801229
166 320 0.006587638519704342
166 400 0.0020688315853476524
167 0 0.002104321727529168
167 80 0.0032575547229498625
167 160 0.006525264587253332
167 240 0.0026860565412789583
167 320 0.002344823442399502
167 400 0.004218273796141148
168 0 0.007104997057467699
168 80 0.0020720798056572676
168 160 0.004161454737186432
168 240 0.0052118124440312386
168 320 0.002605924615636468
168 400 0.0037551464047282934
169 0 0.0029370381962507963
169 80 0.00363519717939198
169 160 0.0011055864160880446
169 240 0.004459374118596315
169 320 0.005623428151011467
169 400 0.006662527099251747
170 0 0.0023920400999486446
170 80 0.003941838163882494
170 160 0.004177571274340153
170 240 0.002726400038227439
170 320 0.0032946786377578974
170 400 0.006580231711268425
171 0 0.006501112133264542
171 80 0.007905116304755211
171 160 0.0068819038569927216
171 240 0.0018899039132520556
171 320 0.004163791891187429
171 400 0.0031174723990261555
172 0 0.005188223905861378
172 80 0.006585471797734499
172 160 0.004032425582408905
172 240 0.0025507844984531403
172 320 0.006090751849114895
172 400 0.0027280801441520452
173 0 0.002606486901640892
173 80 0.00405424227938056
173 160 0.002941213548183441
173 240 0.0026389900594949722
173 320 0.006819907575845718
173 400 0.0062860227189958096
174 0 0.004466445185244083
174 80 0.002364439656957984
174 160 0.005989539436995983
174 240 0.004013175144791603
174 320 0.0027362906839698553
174 400 0.002382264006882906
175 0 0.004833335522562265
175 80 0.009055076166987419
175 160 0.0033139181323349476
175 240 0.005382428877055645
175 320 0.00419964361935854
175 400 0.005206645000725985
176 0 0.010620079934597015
176 80 0.0049952054396271706
176 160 0.007536183577030897
176 240 0.004730837419629097
176 320 0.003369415644556284
176 400 0.004474086221307516
177 0 0.002139235846698284
177 80 0.006398191209882498
177 160 0.004066233057528734
177 240 0.0051809148862957954
177 320 0.0038356080185621977
177 400 0.005371957551687956
178 0 0.0033269652631133795
178 80 0.006734612863510847
178 160 0.0031243853736668825
178 240 0.00543937599286437
178 320 0.003770667128264904
178 400 0.0035948967561125755
179 0 0.004853767808526754
179 80 0.006447717547416687
179 160 0.0028195681516081095
179 240 0.005464980378746986
179 320 0.0032491330057382584
179 400 0.009564261883497238
180 0 0.0018617173191159964
180 80 0.00637086620554328
180 160 0.0024799879174679518
180 240 0.005643873941153288
180 320 0.0035404216032475233
180 400 0.004352585878223181
181 0 0.006504065357148647
181 80 0.0026689604856073856
181 160 0.006407941225916147
181 240 0.005290774162858725
181 320 0.004323076456785202
181 400 0.003982435911893845
182 0 0.004634556360542774
182 80 0.0025131565053015947
182 160 0.0024638217873871326
182 240 0.006499708164483309
182 320 0.002957476070150733
182 400 0.002455557696521282
183 0 0.002423045691102743
183 80 0.005378030706197023
183 160 0.002105333376675844
183 240 0.002783733420073986
183 320 0.0034923881758004427
183 400 0.0021600965410470963
184 0 0.0053441463969647884
184 80 0.0034958210308104753
184 160 0.006659559439867735
184 240 0.0027289807330816984
184 320 0.002858238760381937
184 400 0.003143889596685767
185 0 0.005741927307099104
185 80 0.006248796824365854
185 160 0.005154949612915516
185 240 0.0054011051543056965
185 320 0.006486762780696154
185 400 0.005288485437631607
186 0 0.0023130804765969515
186 80 0.002422443125396967
186 160 0.005138079170137644
186 240 0.0035122446715831757
186 320 0.0020358981564641
186 400 0.004085251595824957
187 0 0.0022610872983932495
187 80 0.004602994304150343
187 160 0.006485640071332455
187 240 0.00407390994951129
187 320 0.007004812825471163
187 400 0.0037618540227413177
188 0 0.002937865676358342
188 80 0.0049179610796272755
188 160 0.0038875997997820377
188 240 0.004485939163714647
188 320 0.0030890842899680138
188 400 0.00224427692592144
189 0 0.003048230893909931
189 80 0.005835902411490679
189 160 0.003261333564296365
189 240 0.0051616826094686985
189 320 0.009327145293354988
189 400 0.005077420733869076
190 0 0.008689673617482185
190 80 0.0034907995723187923
190 160 0.007502953056246042
190 240 0.006552610546350479
190 320 0.002925724955275655
190 400 0.00604759668931365
191 0 0.003490461502224207
191 80 0.0034775868989527225
191 160 0.005627157166600227
191 240 0.005623354576528072
191 320 0.006665745284408331
191 400 0.004686661995947361
192 0 0.002626122208312154
192 80 0.005372345447540283
192 160 0.0049124485813081264
192 240 0.0023204926401376724
192 320 0.00382870901376009
192 400 0.002027827547863126
193 0 0.002424957463517785
193 80 0.0029033664613962173
193 160 0.006601227913051844
193 240 0.003231697017326951
193 320 0.005015950184315443
193 400 0.0047880238853394985
194 0 0.0013536186888813972
194 80 0.0014983477303758264
194 160 0.00240906048566103
194 240 0.004327396862208843
194 320 0.0033908074256032705
194 400 0.005175611935555935
195 0 0.004630523733794689
195 80 0.004155265633016825
195 160 0.004890951327979565
195 240 0.0061974478885531425
195 320 0.005493510514497757
195 400 0.0024001910351216793
196 0 0.0017540190601721406
196 80 0.0057627554051578045
196 160 0.002910019364207983
196 240 0.003991548903286457
196 320 0.001897204201668501
196 400 0.007380490656942129
197 0 0.002008409472182393
197 80 0.005008863750845194
197 160 0.0021861351560801268
197 240 0.006896350998431444
197 320 0.0015897180419415236
197 400 0.0047747427597641945
198 0 0.0024664595257490873
198 80 0.005554371979087591
198 160 0.004739589989185333
198 240 0.0027412939816713333
198 320 0.0021788375452160835
198 400 0.0031510433182120323
199 0 0.004598195664584637
199 80 0.002615555888041854
199 160 0.001812646514736116
199 240 0.0023636252153664827
199 320 0.002778671681880951
199 400 0.004638791549950838
200 0 0.0035681615117937326
200 80 0.004979731049388647
200 160 0.004325798247009516
200 240 0.0023054948542267084
200 320 0.003120475448668003
200 400 0.00284472550265491
201 0 0.0013784472830593586
201 80 0.0023506348952651024
201 160 0.0010882196947932243
201 240 0.0014708171365782619
201 320 0.001239265315234661
201 400 0.0029442766681313515
202 0 0.0025746426545083523
202 80 0.004277009051293135
202 160 0.0031955945305526257
202 240 0.00458875996991992
202 320 0.005387545097619295
202 400 0.004342938773334026
203 0 0.0021861137356609106
203 80 0.003458102000877261
203 160 0.0072494689375162125
203 240 0.006718968041241169
203 320 0.004630541428923607
203 400 0.0028099098708480597
204 0 0.002876038197427988
204 80 0.0008584365714341402
204 160 0.0031338389962911606
204 240 0.002003210363909602
204 320 0.00902598351240158
204 400 0.0017467120196670294
205 0 0.0021043657325208187
205 80 0.006298188120126724
205 160 0.004611289128661156
205 240 0.010003163479268551
205 320 0.006012311205267906
205 400 0.007368179038167
206 0 0.0015330909518525004
206 80 0.005493348930031061
206 160 0.005157109349966049
206 240 0.0032107047736644745
206 320 0.0020663354080170393
206 400 0.0036554832477122545
207 0 0.003274105489253998
207 80 0.004562935326248407
207 160 0.0023081160616129637
207 240 0.004082452040165663
207 320 0.0020886820275336504
207 400 0.006587764248251915
208 0 0.0045807696878910065
208 80 0.0024141070898622274
208 160 0.0037279047537595034
208 240 0.0012986866058781743
208 320 0.002808666555210948
208 400 0.00181508285459131
209 0 0.002171010710299015
209 80 0.008245706558227539
209 160 0.004598076920956373
209 240 0.0033856513909995556
209 320 0.0030090578366070986
209 400 0.0022320388816297054
210 0 0.0028202002868056297
210 80 0.0012540505267679691
210 160 0.0029631112702190876
210 240 0.004105088301002979
210 320 0.004795294255018234
210 400 0.004450860433280468
211 0 0.002444738522171974
211 80 0.0013732772786170244
211 160 0.006811082828789949
211 240 0.0034303038846701384
211 320 0.0023398397024720907
211 400 0.0029461767990142107
212 0 0.00333095109090209
212 80 0.0022908991668373346
212 160 0.003689937060698867
212 240 0.00289906351827085
212 320 0.0023952850606292486
212 400 0.002037090016528964
213 0 0.0016744357999414206
213 80 0.001932017388753593
213 160 0.003344122087582946
213 240 0.002943128114566207
213 320 0.003916551824659109
213 400 0.003677188418805599
214 0 0.004182212054729462
214 80 0.00982777401804924
214 160 0.00694238068535924
214 240 0.0027016778476536274
214 320 0.002944406121969223
214 400 0.006218332797288895
215 0 0.0038475655019283295
215 80 0.003205136861652136
215 160 0.0024639286566525698
215 240 0.0030814302153885365
215 320 0.0042200214229524136
215 400 0.002698456170037389
216 0 0.0014759167097508907
216 80 0.0030263634398579597
216 160 0.004530203063040972
216 240 0.0035037582274526358
216 320 0.002428518608212471
216 400 0.00709894485771656
217 0 0.0019187870202586055
217 80 0.00424633314833045
217 160 0.003113511484116316
217 240 0.003066089702770114
217 320 0.003907917533069849
217 400 0.0037195482291281223
218 0 0.004411627538502216
218 80 0.002772066742181778
218 160 0.004985357169061899
218 240 0.00454717455431819
218 320 0.004499261267483234
218 400 0.003211433533579111
219 0 0.005647215060889721
219 80 0.0026316645089536905
219 160 0.0032917079515755177
219 240 0.006559931673109531
219 320 0.0033139162696897984
219 400 0.003864426165819168
220 0 0.0033139786683022976
220 80 0.004792381078004837
220 160 0.004465603269636631
220 240 0.0041253226809203625
220 320 0.0046981447376310825
220 400 0.0034759656991809607
221 0 0.002291470766067505
221 80 0.0030983840115368366
221 160 0.0042600431479513645
221 240 0.006264294497668743
221 320 0.004005171358585358
221 400 0.002236353000625968
222 0 0.001812592032365501
222 80 0.0039865244179964066
222 160 0.003485673340037465
222 240 0.0032639221753925085
222 320 0.006465413607656956
222 400 0.0016973728779703379
223 0 0.0018484212923794985
223 80 0.00656735897064209
223 160 0.0026109926402568817
223 240 0.0030521040316671133
223 320 0.0016879745526239276
223 400 0.002398060169070959
224 0 0.005783481523394585
224 80 0.0019290671916678548
224 160 0.004871542099863291
224 240 0.0023947095032781363
224 320 0.0031631016172468662
224 400 0.004125647246837616
225 0 0.0019293453078716993
225 80 0.0026820492930710316
225 160 0.004785117693245411
225 240 0.0025920059997588396
225 320 0.004541754722595215
225 400 0.003676116932183504
226 0 0.002521694637835026
226 80 0.0013421718031167984
226 160 0.0055522434413433075
226 240 0.002281514462083578
226 320 0.001999147003516555
226 400 0.003451652592048049
227 0 0.003639178816229105
227 80 0.0018118744483217597
227 160 0.006464793812483549
227 240 0.0027164113707840443
227 320 0.003813936375081539
227 400 0.0018601156771183014
228 0 0.00408204784616828
228 80 0.0009739031083881855
228 160 0.0035981154069304466
228 240 0.002457116497680545
228 320 0.0023772921413183212
228 400 0.0026876486372202635
229 0 0.0027375067584216595
229 80 0.0026064224075526
229 160 0.0017303843051195145
229 240 0.0027400581166148186
229 320 0.0026241259183734655
229 400 0.0015658612828701735
230 0 0.005283751059323549
230 80 0.0030638782773166895
230 160 0.0035163508728146553
230 240 0.0032492291647940874
230 320 0.0029289284721016884
230 400 0.002595848636701703
231 0 0.0039023959543555975
231 80 0.002635619370266795
231 160 0.0021201593335717916
231 240 0.003729782532900572
231 320 0.004646414890885353
231 400 0.00270895310677588
232 0 0.0035518158692866564
232 80 0.0035728332586586475
232 160 0.0035048285499215126
232 240 0.003804424311965704
232 320 0.003573621856048703
232 400 0.002279906300827861
233 0 0.0035274126566946507
233 80 0.002776676556095481
233 160 0.002638903446495533
233 240 0.0059211584739387035
233 320 0.004755172412842512
233 400 0.003107097465544939
234 0 0.003073211060836911
234 80 0.002517182379961014
234 160 0.0024069601204246283
234 240 0.003769765142351389
234 320 0.0037933839485049248
234 400 0.001971681136637926
235 0 0.0016472109127789736
235 80 0.00241212360560894
235 160 0.0016833686968311667
235 240 0.00564026040956378
235 320 0.004236472304910421
235 400 0.0009173911530524492
236 0 0.0010543132666498423
236 80 0.0021189989056438208
236 160 0.002636180492118001
236 240 0.003948443103581667
236 320 0.0027941856533288956
236 400 0.0031851311214268208
237 0 0.0014181979931890965
237 80 0.0031203588005155325
237 160 0.0015359256649389863
237 240 0.005656644701957703
237 320 0.0044185263104736805
237 400 0.0030903799924999475
238 0 0.0023797345347702503
238 80 0.0029354686848819256
238 160 0.0044324095360934734
238 240 0.003282862016931176
238 320 0.0028097645845264196
238 400 0.001638173358514905
239 0 0.001467259251512587
239 80 0.0030087826307862997
239 160 0.0022408245131373405
239 240 0.004387590102851391
239 320 0.001344994641840458
239 400 0.002890551695600152
240 0 0.004646929446607828
240 80 0.0018883014563471079
240 160 0.00263077300041914
240 240 0.004022097215056419
240 320 0.0009753921767696738
240 400 0.004163640085607767
241 0 0.001707830699160695
241 80 0.00453730346634984
241 160 0.0024878650438040495
241 240 0.004262497648596764
241 320 0.0018152951961383224
241 400 0.0031759976409375668
242 0 0.0019158287905156612
242 80 0.0026627606712281704
242 160 0.0025612241588532925
242 240 0.0024546042550355196
242 320 0.0033971136435866356
242 400 0.00245287106372416
243 0 0.003679422428831458
243 80 0.004570572637021542
243 160 0.0033352733589708805
243 240 0.0033842730335891247
243 320 0.003225205931812525
243 400 0.0016925787786021829
244 0 0.001406484516337514
244 80 0.005255492404103279
244 160 0.00222739833407104
244 240 0.003499964252114296
244 320 0.004036081023514271
244 400 0.002506272867321968
245 0 0.005478162318468094
245 80 0.001742970896884799
245 160 0.004310826770961285
245 240 0.0019538970664143562
245 320 0.004040316678583622
245 400 0.0033152869436889887
246 0 0.0040190815925598145
246 80 0.0026226891204714775
246 160 0.0013625118881464005
246 240 0.0017051963368430734
246 320 0.003360690549015999
246 400 0.003028259379789233
247 0 0.0027233539149165154
247 80 0.003339168382808566
247 160 0.002419799566268921
247 240 0.0035335030406713486
247 320 0.005725468508899212
247 400 0.0021750852465629578
248 0 0.006752816028892994
248 80 0.0039205653592944145
248 160 0.0019889019895344973
248 240 0.0034064233768731356
248 320 0.00254265870898962
248 400 0.0029618670232594013
249 0 0.004200082737952471
249 80 0.005670703481882811
249 160 0.0024466675240546465
249 240 0.0015848340699449182
249 320 0.0030562065076082945
249 400 0.003842252306640148
250 0 0.0019326673354953527
250 80 0.0027153342962265015
250 160 0.003498636418953538
250 240 0.0018183261854574084
250 320 0.0036648360546678305
250 400 0.001967080170288682
251 0 0.002130151027813554
251 80 0.0036816278006881475
251 160 0.002856291364878416
251 240 0.0037573673762381077
251 320 0.003606487065553665
251 400 0.004449261352419853
252 0 0.001064840704202652
252 80 0.004220858681946993
252 160 0.00224390160292387
252 240 0.0020065323915332556
252 320 0.0024028285406529903
252 400 0.0016097057377919555
253 0 0.0021428302861750126
253 80 0.0018104489427059889
253 160 0.002169764367863536
253 240 0.002900233492255211
253 320 0.0013973317109048367
253 400 0.004235868342220783
254 0 0.002510268008336425
254 80 0.0034909220412373543
254 160 0.00261600106023252
254 240 0.0029771781992167234
254 320 0.0028086050879210234
254 400 0.0027329823933541775
255 0 0.003784304251894355
255 80 0.0012722841929644346
255 160 0.004123946186155081
255 240 0.002335852477699518
255 320 0.0029139153193682432
255 400 0.003528550500050187
256 0 0.0017543206922709942
256 80 0.00257094856351614
256 160 0.001846159459091723
256 240 0.004635743331164122
256 320 0.0017024611588567495
256 400 0.0020878291688859463
257 0 0.0013800765154883265
257 80 0.003815403673797846
257 160 0.0016311084618791938
257 240 0.0015151952393352985
257 320 0.0028330665081739426
257 400 0.0007875158335082233
258 0 0.00162582378834486
258 80 0.0017159042181447148
258 160 0.0027047493495047092
258 240 0.004337214399129152
258 320 0.0034749056212604046
258 400 0.0010603917762637138
259 0 0.002506536664441228
259 80 0.0030356678180396557
259 160 0.0035987745504826307
259 240 0.0035382267087697983
259 320 0.0032022197265177965
259 400 0.003628213657066226
260 0 0.005139949265867472
260 80 0.0015155664877966046
260 160 0.003215598175302148
260 240 0.0019531461875885725
260 320 0.0022682154085487127
260 400 0.0007841367623768747
261 0 0.00252807536162436
261 80 0.0024643242359161377
261 160 0.0020310510881245136
261 240 0.002703574951738119
261 320 0.0042783948592841625
261 400 0.0031697330996394157
262 0 0.001375034567900002
262 80 0.0036328905262053013
262 160 0.002496785717085004
262 240 0.005103312432765961
262 320 0.002483343007043004
262 400 0.004089143592864275
263 0 0.0027144341729581356
263 80 0.002631427487358451
263 160 0.0020908440928906202
263 240 0.00317879649810493
263 320 0.002140805358067155
263 400 0.0049118585884571075
264 0 0.0030531801749020815
264 80 0.003295095404610038
264 160 0.003080527763813734
264 240 0.006873174104839563
264 320 0.0022028395906090736
264 400 0.002681834390386939
265 0 0.001464713248424232
265 80 0.002781912684440613
265 160 0.0011914613423869014
265 240 0.0032278718426823616
265 320 0.002002504887059331
265 400 0.003521885024383664
266 0 0.003975791856646538
266 80 0.001914758118800819
266 160 0.003387461882084608
266 240 0.0025033894926309586
266 320 0.006087072659283876
266 400 0.0018547617364674807
267 0 0.0021459811832755804
267 80 0.0031882442999631166
267 160 0.0024097724817693233
267 240 0.002724835416302085
267 320 0.0020774793811142445
267 400 0.001908292411826551
268 0 0.0013579559745267034
268 80 0.0018744546687230468
268 160 0.00405304878950119
268 240 0.002269875258207321
268 320 0.0019031820120289922
268 400 0.0026978636160492897
269 0 0.0033075802493840456
269 80 0.0017496675718575716
269 160 0.0023791056592017412
269 240 0.0035142151173204184
269 320 0.004695085808634758
269 400 0.003345382632687688
270 0 0.0016583233373239636
270 80 0.002476399764418602
270 160 0.0034613553434610367
270 240 0.0019954959861934185
270 320 0.0013311323709785938
270 400 0.0023162472061812878
271 0 0.0021158112213015556
271 80 0.002405415987595916
271 160 0.004457511473447084
271 240 0.0013323375023901463
271 320 0.0026837787590920925
271 400 0.000976758310571313
272 0 0.0016359568107873201
272 80 0.002100234618410468
272 160 0.00214146520011127
272 240 0.0015679642092436552
272 320 0.002764172852039337
272 400 0.0032843926455825567
273 0 0.0020002613309770823
273 80 0.0027813289780169725
273 160 0.0010619089007377625
273 240 0.003270536893978715
273 320 0.0039148274809122086
273 400 0.0016685229493305087
274 0 0.0021606236696243286
274 80 0.0037019525188952684
274 160 0.0023820572532713413
274 240 0.001140956417657435
274 320 0.0015461994335055351
274 400 0.0024664802476763725
275 0 0.0022936442401260138
275 80 0.002377772470936179
275 160 0.0022307371255010366
275 240 0.0016912725986912847
275 320 0.0018683047965168953
275 400 0.0041742571629583836
276 0 0.00399033073335886
276 80 0.002363842446357012
276 160 0.0014451415045186877
276 240 0.002256941981613636
276 320 0.001568961190059781
276 400 0.0025027485098689795
277 0 0.0025622311513870955
277 80 0.0016303847078233957
277 160 0.0018424347508698702
277 240 0.0025868527591228485
277 320 0.003425522241741419
277 400 0.0021761609241366386
278 0 0.0026066775899380445
278 80 0.0007810053648427129
278 160 0.002922231564298272
278 240 0.0020414514001458883
278 320 0.0020567509345710278
278 400 0.00303779449313879
279 0 0.003581196302548051
279 80 0.0020486866123974323
279 160 0.004130178596824408
279 240 0.0032455199398100376
279 320 0.001231026602908969
279 400 0.002068666974082589
280 0 0.002741862554103136
280 80 0.0015841936692595482
280 160 0.0022933739237487316
280 240 0.0022410741075873375
280 320 0.002387760207056999
280 400 0.0019746734760701656
281 0 0.0032640842255204916
281 80 0.001539611374028027
281 160 0.0015610783593729138
281 240 0.0012660976499319077
281 320 0.002259174594655633
281 400 0.0015875097597017884
282 0 0.0032226520124822855
282 80 0.0011476381914690137
282 160 0.0030311120208352804
282 240 0.0029845982789993286
282 320 0.0011607952183112502
282 400 0.000550673168618232
283 0 0.0015661006327718496
283 80 0.0014762169448658824
283 160 0.003235575743019581
283 240 0.0014263509074226022
283 320 0.0021018139086663723
283 400 0.0007221316336654127
284 0 0.004144981503486633
284 80 0.002083235653117299
284 160 0.002598790917545557
284 240 0.00308256596326828
284 320 0.004840597975999117
284 400 0.0025167677085846663
285 0 0.0012690579751506448
285 80 0.0018808406312018633
285 160 0.0023148278705775738
285 240 0.002062964951619506
285 320 0.002963823266327381
285 400 0.003506601555272937
286 0 0.002104859333485365
286 80 0.0044540464878082275
286 160 0.004527407232671976
286 240 0.004364562686532736
286 320 0.002581668784841895
286 400 0.0015223802765831351
287 0 0.0034387370105832815
287 80 0.0012668356066569686
287 160 0.0023099312093108892
287 240 0.002777324290946126
287 320 0.0019038284663110971
287 400 0.0013049774570390582
288 0 0.001901437877677381
288 80 0.002662250306457281
288 160 0.0015648603439331055
288 240 0.0028694134671241045
288 320 0.0048149521462619305
288 400 0.0034645795822143555
289 0 0.003254415700212121
289 80 0.0027839920949190855
289 160 0.002793970750644803
289 240 0.002070681657642126
289 320 0.001221237936988473
289 400 0.0019306681351736188
290 0 0.0024490593932569027
290 80 0.002616934711113572
290 160 0.0012109017698094249
290 240 0.0019782616291195154
290 320 0.001929852762259543
290 400 0.0018028231570497155
291 0 0.0026005450636148453
291 80 0.001662363763898611
291 160 0.0019443866331130266
291 240 0.0011995555832982063
291 320 0.0015323003754019737
291 400 0.001963888294994831
292 0 0.0024014113005250692
292 80 0.0016307862242683768
292 160 0.0015011929208412766
292 240 0.0045666685327887535
292 320 0.003273771144449711
292 400 0.0031824845355004072
293 0 0.0008941909181885421
293 80 0.004147476051002741
293 160 0.002236689440906048
293 240 0.001987909199669957
293 320 0.001811280264519155
293 400 0.002784385345876217
294 0 0.0015558685408905149
294 80 0.0021905393805354834
294 160 0.0019063156796619296
294 240 0.001424433197826147
294 320 0.0014151434879750013
294 400 0.004152494017034769
295 0 0.0014576786197721958
295 80 0.0011077437084168196
295 160 0.0024831220507621765
295 240 0.00088325678370893
295 320 0.002269429387524724
295 400 0.002073554554954171
296 0 0.0025526680983603
296 80 0.001373266102746129
296 160 0.0035128064919263124
296 240 0.002601867774501443
296 320 0.0034881005994975567
296 400 0.002230691723525524
297 0 0.0020183592569082975
297 80 0.002665666164830327
297 160 0.0009777384111657739
297 240 0.0017928362358361483
297 320 0.0015783975832164288
297 400 0.0029429211281239986
298 0 0.004297923296689987
298 80 0.0028097196482121944
298 160 0.0016537313349545002
298 240 0.0010573448380455375
298 320 0.0018245099345222116
298 400 0.0015194239094853401
299 0 0.002556932857260108
299 80 0.0022396317217499018
299 160 0.002878396539017558
299 240 0.0013077358016744256
299 320 0.0018464116146788
299 400 0.0019720138516277075
300 0 0.0017122129211202264
300 80 0.0022093306761235
300 160 0.0016378024592995644
300 240 0.0028617288917303085
300 320 0.0021008832845836878
300 400 0.001939931302331388
