1 0.4740098152778296 0.8642666666666666
2 0.2693903399174656 0.9237833333333333
3 0.22544253607993442 0.9373
4 0.19894348841104934 0.9443333333333334
5 0.17895976058455673 0.9500166666666666
6 0.16383908940022435 0.9539666666666666
7 0.15131341087729183 0.9574333333333334
8 0.14094487730183328 0.9613333333333334
9 0.13182259810123362 0.9638833333333333
10 0.12393945168807054 0.9659666666666666
11 0.11713876012863635 0.9682333333333333
12 0.11100090034544341 0.96995
13 0.10525752234655911 0.9714333333333334
14 0.10042388979464706 0.9729666666666666
15 0.0957883241604259 0.97465
16 0.09152739097886502 0.97575
17 0.08756612266685918 0.9767333333333333
18 0.0839587425284866 0.9783166666666666
19 0.08066638061073797 0.97885
20 0.07753942807568416 0.98
21 0.07449089042318147 0.9807666666666667
22 0.07171409501672299 0.9817833333333333
23 0.0693598029011094 0.9823
24 0.06673719594950106 0.9833666666666666
25 0.06452874480280033 0.9837833333333333
26 0.062239341870712825 0.9846833333333334
27 0.06029704742943808 0.9853666666666666
28 0.058224638784999276 0.98585
29 0.05651161793881515 0.98645
30 0.054697097432035116 0.9869833333333333
31 0.05303944769635129 0.9874833333333334
32 0.05145833421665341 0.9878666666666667
33 0.0498211765641978 0.9884166666666667
34 0.0484562279191861 0.9887
35 0.046976268525793355 0.9892333333333333
36 0.04562817297097462 0.9898166666666667
37 0.044455468825408136 0.9900666666666667
38 0.04310978036016416 0.9904666666666667
39 0.0419982558549213 0.9906666666666667
40 0.040687855166285786 0.9912833333333333
41 0.039646107878194434 0.9913833333333333
42 0.038605489364978096 0.9916166666666667
43 0.0377444418500672 0.9919
44 0.03664977653527946 0.9921
45 0.03575563647234237 0.99275
46 0.03479621554615655 0.99295
47 0.0339671032213326 0.9929833333333333
48 0.03313217533112907 0.9933333333333333
49 0.03234089088481245 0.9937166666666667
50 0.03156004093988522 0.9938333333333333
51 0.030762767033981106 0.99435
52 0.030041573481805035 0.9944666666666667
53 0.029356719510975297 0.9947333333333334
54 0.02861562343056141 0.9950166666666667
55 0.028014296999395782 0.9950666666666667
56 0.02736318367980182 0.9953833333333333
57 0.02672620510845296 0.99565
58 0.026141837235293917 0.99575
59 0.02557750489872529 0.9959833333333333
60 0.025035430536245996 0.99605
61 0.024499921606722545 0.9961666666666666
62 0.02395230613108764 0.9963666666666666
63 0.023433928248851793 0.9966833333333334
64 0.022927348805801957 0.9967166666666667
65 0.022448059240939903 0.9969166666666667
66 0.021996327153623485 0.9969666666666667
67 0.021524643384492094 0.9970833333333333
68 0.0211346120492164 0.9971666666666666
69 0.02066104139870545 0.9973833333333333
70 0.020298551656861803 0.9975166666666667
71 0.019889460165681105 0.9974
72 0.019533907661019867 0.9976666666666667
73 0.01912502781239781 0.9977333333333334
74 0.018744660461984718 0.9977666666666667
75 0.01841578356969331 0.9978333333333333
76 0.018040262966919175 0.9979
77 0.01773516243613605 0.9980666666666667
78 0.0173867540692152 0.9980833333333333
79 0.017033235896736193 0.9982833333333333
80 0.01675535640570083 0.9982666666666666
81 0.01641574885243419 0.9983666666666666
82 0.016148543203753956 0.9983666666666666
83 0.015869220613496007 0.9984333333333333
84 0.015598424855294004 0.9985166666666667
85 0.01532565083092591 0.9985666666666667
86 0.01505631135542319 0.99855
87 0.01479593748802633 0.9985666666666667
88 0.014565320467072 0.9987333333333334
89 0.014301208968856123 0.9988166666666667
90 0.014081929202701873 0.9988
91 0.013822657070053158 0.9988
92 0.013615372022792602 0.9988333333333334
93 0.013388839915696619 0.9988833333333333
94 0.013187301081063143 0.99895
95 0.012976614051440885 0.9989666666666667
96 0.012762021407413521 0.99895
97 0.01257864271661938 0.9990333333333333
98 0.012383719846638027 0.9991
99 0.012197923387831716 0.9991333333333333
100 0.011975561207069009 0.9991833333333333
101 0.011847484084382368 0.9990666666666667
102 0.011642062321686542 0.9992333333333333
103 0.011460706560826822 0.9992
104 0.011290844500080737 0.99925
105 0.011118686050057475 0.9993333333333333
106 0.010969403094606105 0.9992833333333333
107 0.010835409005567717 0.99935
108 0.010656640022945429 0.9993666666666666
109 0.010505586443568216 0.9994166666666666
110 0.01036785316985172 0.9994166666666666
111 0.010236588685012767 0.9994333333333333
112 0.010053289982714632 0.99945
113 0.009948113876611375 0.9995
114 0.00981551874031835 0.9995333333333334
115 0.009679760287470146 0.9995166666666667
116 0.009552344675860934 0.9996166666666667
117 0.009429048870934416 0.99955
118 0.009308532502915242 0.9995666666666667
119 0.009183192266218825 0.9996333333333334
120 0.009065169999912095 0.9996333333333334
121 0.008950846303484715 0.9997166666666667
122 0.008826180939068165 0.9996666666666667
123 0.008721117007691088 0.9996833333333334
124 0.008612942230552117 0.9996833333333334
125 0.008500562452558261 0.9997
126 0.008394707013159863 0.9997
127 0.00830534547229788 0.99975
128 0.008190553276928693 0.9997833333333334
129 0.00810896680315039 0.99975
130 0.007999266283328471 0.9997666666666667
131 0.0079060837870706 0.9998
132 0.0078186634878344 0.9997833333333334
133 0.0077350021067903495 0.9997833333333334
134 0.007634019771062616 0.9998166666666667
135 0.007549126330675728 0.9998166666666667
136 0.007467155885904519 0.9998333333333334
137 0.007376785396036309 0.9998
138 0.007286106929310095 0.9998
139 0.007213996776413403 0.9998333333333334
140 0.007145670215799801 0.9998333333333334
141 0.007060824412860469 0.9998333333333334
142 0.006975508935407979 0.99985
143 0.006903403819894105 0.9998333333333334
144 0.006822725592641784 0.9998833333333333
145 0.006762549670329734 0.9998833333333333
146 0.0066887014480963 0.99985
147 0.006621754494930572 0.9998666666666667
148 0.006551206945928175 0.9998833333333333
149 0.006486978940864298 0.99985
150 0.00642185699718911 0.99985
151 0.006352841187872167 0.99985
152 0.006290473260366713 0.9999
153 0.006226230528888735 0.99985
154 0.00616258816785618 0.9999
155 0.006099865920762264 0.9998833333333333
156 0.006040710039925315 0.9999333333333333
157 0.0059803607536038994 0.9999
158 0.00591023478692751 0.9999166666666667
159 0.005860094325557383 0.9999
160 0.005808757523745934 0.9999
161 0.005758793512259973 0.9999166666666667
162 0.005697441224787218 0.9999166666666667
163 0.005648699097101018 0.9999166666666667
164 0.005597237567069815 0.9999166666666667
165 0.005543908012955428 0.9999
166 0.005488532920008593 0.9999333333333333
167 0.00543963471735353 0.9999333333333333
168 0.005387961902697362 0.9999333333333333
169 0.005341153963208834 0.9999166666666667
170 0.005289986375163295 0.99995
171 0.00524252241671975 0.9999333333333333
172 0.005207010285694525 0.99995
173 0.0051509326811371514 0.9999333333333333
174 0.005104753715015932 0.9999166666666667
175 0.005064400745484271 0.9999666666666667
176 0.005018235989727143 0.99995
177 0.00497579155191938 0.9999666666666667
178 0.004939863530756123 0.99995
179 0.004891156773966576 0.9999666666666667
180 0.004847921788501841 0.9999666666666667
181 0.004812927184396112 0.9999666666666667
182 0.0047652397437819415 0.9999666666666667
183 0.0047361034083801675 0.9999666666666667
184 0.004691782960497431 0.9999666666666667
185 0.004660536272963608 0.9999666666666667
186 0.00461611825265864 0.9999833333333333
187 0.0045787630382297774 0.9999666666666667
188 0.004535385789270245 0.9999833333333333
189 0.0045070359493290055 0.9999833333333333
190 0.004470333464936153 0.9999833333333333
191 0.004440706135875889 0.9999833333333333
192 0.004395416717348831 0.9999833333333333
193 0.004369256470892539 0.9999833333333333
194 0.004335245413423728 0.9999833333333333
195 0.004297771936417547 0.9999833333333333
196 0.004273270329297669 0.9999833333333333
197 0.004235010519911692 0.9999833333333333
198 0.004202260304170885 0.9999833333333333
199 0.004174572345155325 0.9999833333333333
200 0.004141946175276661 0.9999833333333333
201 0.004113500231880941 0.9999833333333333
202 0.004076535296715748 0.9999833333333333
203 0.0040547938824796095 0.9999833333333333
204 0.004022641575087044 0.9999833333333333
205 0.004000085614510437 0.9999833333333333
206 0.003966623878499656 0.9999833333333333
207 0.003936166450607656 0.9999833333333333
208 0.003907627999973196 0.9999833333333333
209 0.0038803832417826597 0.9999833333333333
210 0.0038547984191349576 0.9999833333333333
211 0.0038301315593487545 1.0
212 0.003801343720287148 1.0
213 0.003774888583147195 0.9999833333333333
214 0.0037513702247998736 0.9999833333333333
215 0.0037275943964688 0.9999833333333333
216 0.003699740673949533 1.0
217 0.0036705982819723805 0.9999833333333333
218 0.0036460987499742302 0.9999833333333333
219 0.00362634033695467 1.0
220 0.003598947615634753 1.0
221 0.0035764133400802037 1.0
222 0.0035537138485959344 0.9999833333333333
223 0.003528044043259739 1.0
224 0.0035037383167092987 1.0
225 0.003484729388510304 1.0
226 0.0034602159670969125 1.0
227 0.0034326402034098183 1.0
228 0.0034188680511627245 0.9999833333333333
229 0.0033951106656001195 1.0
230 0.0033707587924132597 1.0
231 0.003350937287750116 1.0
232 0.0033316235609058696 1.0
233 0.0033086762785403206 1.0
234 0.003287273739128987 1.0
235 0.0032658823304124542 1.0
236 0.0032500974572837542 1.0
237 0.0032274409223085783 1.0
238 0.003209620224200745 1.0
239 0.003187268969666427 1.0
240 0.0031712589565037028 1.0
241 0.0031544428685112104 1.0
242 0.0031321859376918057 1.0
243 0.0031139827953941468 1.0
244 0.0030980990154108705 1.0
245 0.003077828781560127 1.0
246 0.003058189644104938 1.0
247 0.0030407011484119622 1.0
248 0.003022105134437794 1.0
249 0.003008023664446623 1.0
250 0.002988846484087169 1.0
251 0.0029724311845095107 1.0
252 0.002955609748362383 1.0
253 0.0029380271118928567 1.0
254 0.0029223472617669844 1.0
255 0.0029059171270547327 1.0
256 0.0028895091981307338 1.0
257 0.0028736574524668044 1.0
258 0.0028590618365648777 1.0
259 0.0028417011681221315 1.0
260 0.002823332415969133 1.0
261 0.0028138129464559147 1.0
262 0.0027959852162669145 1.0
263 0.0027792486411803313 1.0
264 0.002767583425802145 1.0
265 0.002748994059912336 1.0
266 0.0027351589195295247 1.0
267 0.002720492128938087 1.0
268 0.0027079412605422837 1.0
269 0.0026919921092601663 1.0
270 0.0026805108276082637 1.0
271 0.0026643346882919703 1.0
272 0.0026502464505742543 1.0
273 0.00263622462717709 1.0
274 0.0026178903898089203 1.0
275 0.0026106380759232015 1.0
276 0.0025991137935789917 1.0
277 0.002581571160665731 1.0
278 0.0025707204728873806 1.0
279 0.0025574096849859396 1.0
280 0.0025454271760489196 1.0
281 0.002531433007868527 1.0
282 0.002520266478496002 1.0
283 0.002507125216125171 1.0
284 0.0024911481981425843 1.0
285 0.0024815861298057283 1.0
286 0.002468943132707146 1.0
287 0.002456492410033449 1.0
288 0.0024439362860691825 1.0
289 0.0024318158912506184 1.0
290 0.0024222496873153045 1.0
291 0.0024113931880791243 1.0
292 0.0023970337639719662 1.0
293 0.002386580519839875 1.0
294 0.002378999146380658 1.0
295 0.002365096230685377 1.0
296 0.0023506095455184993 1.0
297 0.002343461912836252 1.0
298 0.0023324787487655177 1.0
299 0.002319411610934272 1.0
300 0.002307176412488304 1.0
9999 0.0022792683448642492 1.0
