1 0 2.733266592025757
1 80 0.42626434564590454
1 160 0.4879223108291626
1 240 0.4309987425804138
1 320 0.35579055547714233
1 400 0.299099326133728
2 0 0.35374417901039124
2 80 0.3755897879600525
2 160 0.4100876450538635
2 240 0.2452220618724823
2 320 0.22173583507537842
2 400 0.20134809613227844
3 0 0.329987108707428
3 80 0.19134631752967834
3 160 0.21789947152137756
3 240 0.3172864615917206
3 320 0.15723943710327148
3 400 0.23135295510292053
4 0 0.20619849860668182
4 80 0.1465306431055069
4 160 0.20093876123428345
4 240 0.1952035129070282
4 320 0.21249569952487946
4 400 0.19722232222557068
5 0 0.24612699449062347
5 80 0.24072429537773132
5 160 0.2070964127779007
5 240 0.3838118314743042
5 320 0.12915468215942383
5 400 0.1412585973739624
6 0 0.23621100187301636
6 80 0.11502312868833542
6 160 0.1284913420677185
6 240 0.11485523730516434
6 320 0.08901065587997437
6 400 0.2191634476184845
7 0 0.23674753308296204
7 80 0.18395164608955383
7 160 0.12791913747787476
7 240 0.13095396757125854
7 320 0.18465740978717804
7 400 0.08945152163505554
8 0 0.10978326201438904
8 80 0.18397605419158936
8 160 0.11171946674585342
8 240 0.17195042967796326
8 320 0.11632108688354492
8 400 0.14655500650405884
9 0 0.1718730330467224
9 80 0.12221702188253403
9 160 0.22266045212745667
9 240 0.17928779125213623
9 320 0.14675812423229218
9 400 0.09638364613056183
10 0 0.16997408866882324
10 80 0.13061997294425964
10 160 0.10207078605890274
10 240 0.09687978774309158
10 320 0.0525173619389534
10 400 0.16797423362731934
11 0 0.2994007170200348
11 80 0.09823315590620041
11 160 0.1928408145904541
11 240 0.1043078750371933
11 320 0.1410028636455536
11 400 0.11029376834630966
12 0 0.0895427018404007
12 80 0.1327848732471466
12 160 0.11674481630325317
12 240 0.08928441256284714
12 320 0.07529786974191666
12 400 0.08114367723464966
13 0 0.12688370048999786
13 80 0.06261107325553894
13 160 0.11434303969144821
13 240 0.05936060845851898
13 320 0.05535922944545746
13 400 0.05982503667473793
14 0 0.04718239605426788
14 80 0.08704835176467896
14 160 0.14723169803619385
14 240 0.10166677832603455
14 320 0.06066799908876419
14 400 0.08263874799013138
15 0 0.08357755839824677
15 80 0.11142029613256454
15 160 0.1262379139661789
15 240 0.09348692744970322
15 320 0.06365204602479935
15 400 0.11362934857606888
16 0 0.11228103935718536
16 80 0.09620770812034607
16 160 0.06264204531908035
16 240 0.0815248116850853
16 320 0.10799635201692581
16 400 0.04583045467734337
17 0 0.04752431809902191
17 80 0.07885725796222687
17 160 0.05048530548810959
17 240 0.15578195452690125
17 320 0.09965687245130539
17 400 0.09955804795026779
18 0 0.062471795827150345
18 80 0.05541415885090828
18 160 0.18548478186130524
18 240 0.13802050054073334
18 320 0.030409477651119232
18 400 0.0633048564195633
19 0 0.08938165754079819
19 80 0.050242435187101364
19 160 0.04378395155072212
19 240 0.04682780057191849
19 320 0.06262224912643433
19 400 0.0779222771525383
20 0 0.054131828248500824
20 80 0.07363312691450119
20 160 0.06834807991981506
20 240 0.08038530498743057
20 320 0.12595143914222717
20 400 0.037628963589668274
21 0 0.055537231266498566
21 80 0.07535114139318466
21 160 0.0937153697013855
21 240 0.05336965620517731
21 320 0.07815853506326675
21 400 0.09155945479869843
22 0 0.0804280936717987
22 80 0.03410477191209793
22 160 0.07385801523923874
22 240 0.1050347164273262
22 320 0.06574681401252747
22 400 0.05974123999476433
23 0 0.052463073283433914
23 80 0.17439067363739014
23 160 0.036711424589157104
23 240 0.07694417983293533
23 320 0.14977630972862244
23 400 0.08059847354888916
24 0 0.09914851188659668
24 80 0.05322533845901489
24 160 0.13205042481422424
24 240 0.05561333894729614
24 320 0.05377958342432976
24 400 0.037101391702890396
25 0 0.03947742283344269
25 80 0.06552545726299286
25 160 0.06402621418237686
25 240 0.09463179111480713
25 320 0.05499447509646416
25 400 0.06818003207445145
26 0 0.08640868216753006
26 80 0.1453145295381546
26 160 0.03982507437467575
26 240 0.07048090547323227
26 320 0.04981037601828575
26 400 0.05088663473725319
27 0 0.09007827192544937
27 80 0.03136996924877167
27 160 0.11107192933559418
27 240 0.048401955515146255
27 320 0.08093656599521637
27 400 0.06673987209796906
28 0 0.026020366698503494
28 80 0.09229934215545654
28 160 0.033875323832035065
28 240 0.08805263787508011
28 320 0.06257705390453339
28 400 0.10097208619117737
29 0 0.019077785313129425
29 80 0.059208665043115616
29 160 0.04120918735861778
29 240 0.02336825802922249
29 320 0.06222281605005264
29 400 0.03606206178665161
30 0 0.06337997317314148
30 80 0.058705102652311325
30 160 0.02578197792172432
30 240 0.0727444514632225
30 320 0.056185536086559296
30 400 0.06775401532649994
31 0 0.05759077146649361
31 80 0.07367381453514099
31 160 0.07535337656736374
31 240 0.059816475957632065
31 320 0.036928411573171616
31 400 0.057414017617702484
32 0 0.05746031180024147
32 80 0.04751597344875336
32 160 0.025227267295122147
32 240 0.04003288969397545
32 320 0.09390243142843246
32 400 0.029668446630239487
33 0 0.05043609440326691
33 80 0.03829319030046463
33 160 0.04903184622526169
33 240 0.0320032574236393
33 320 0.03157420456409454
33 400 0.06356936693191528
34 0 0.07024355977773666
34 80 0.06298110634088516
34 160 0.030966315418481827
34 240 0.06473085284233093
34 320 0.04754597693681717
34 400 0.04694431275129318
35 0 0.03262348473072052
35 80 0.08370476961135864
35 160 0.04594957083463669
35 240 0.019675226882100105
35 320 0.0696602612733841
35 400 0.052337512373924255
36 0 0.043592967092990875
36 80 0.01891932636499405
36 160 0.056467413902282715
36 240 0.036348991096019745
36 320 0.05895532667636871
36 400 0.05856623500585556
37 0 0.05048231780529022
37 80 0.03003469854593277
37 160 0.04216068610548973
37 240 0.06132996454834938
37 320 0.0371471643447876
37 400 0.025151874870061874
38 0 0.048647191375494
38 80 0.06106860935688019
38 160 0.03340346738696098
38 240 0.061047621071338654
38 320 0.04894905909895897
38 400 0.05896831676363945
39 0 0.04103417694568634
39 80 0.03201814368367195
39 160 0.04609581083059311
39 240 0.04843923822045326
39 320 0.03167476877570152
39 400 0.03224558010697365
40 0 0.04239855334162712
40 80 0.04499526694417
40 160 0.04887056350708008
40 240 0.04211289808154106
40 320 0.027739327400922775
40 400 0.03668016195297241
41 0 0.0241694413125515
41 80 0.059097934514284134
41 160 0.03300680220127106
41 240 0.04642896726727486
41 320 0.018157798796892166
41 400 0.021665208041667938
42 0 0.06843695789575577
42 80 0.023748766630887985
42 160 0.035051219165325165
42 240 0.030856098979711533
42 320 0.07275289297103882
42 400 0.021674081683158875
43 0 0.045950084924697876
43 80 0.029616177082061768
43 160 0.03505764901638031
43 240 0.03628701716661453
43 320 0.03310354799032211
43 400 0.02979506552219391
44 0 0.033863093703985214
44 80 0.046972714364528656
44 160 0.03375544026494026
44 240 0.03309830278158188
44 320 0.026247572153806686
44 400 0.07641926407814026
45 0 0.021838024258613586
45 80 0.03337133303284645
45 160 0.03348057344555855
45 240 0.07308737188577652
45 320 0.0386519692838192
45 400 0.03618505969643593
46 0 0.0514787919819355
46 80 0.01650487631559372
46 160 0.014697298407554626
46 240 0.013553764671087265
46 320 0.021032128483057022
46 400 0.026592746376991272
47 0 0.024465277791023254
47 80 0.02336011826992035
47 160 0.030362442135810852
47 240 0.01947154477238655
47 320 0.029183700680732727
47 400 0.0508917011320591
48 0 0.04280521720647812
48 80 0.015283893793821335
48 160 0.01888415217399597
48 240 0.03220393881201744
48 320 0.029195081442594528
48 400 0.03793054074048996
49 0 0.02792929857969284
49 80 0.04111514240503311
49 160 0.024417582899332047
49 240 0.015685420483350754
49 320 0.03516683354973793
49 400 0.03827277570962906
50 0 0.03318125009536743
50 80 0.023228775709867477
50 160 0.029906686395406723
50 240 0.033765822649002075
50 320 0.022026769816875458
50 400 0.04012550413608551
51 0 0.011388450860977173
51 80 0.0283622145652771
51 160 0.08974491059780121
51 240 0.024731304496526718
51 320 0.04496580362319946
51 400 0.02428235486149788
52 0 0.020169954746961594
52 80 0.038350675255060196
52 160 0.03270258009433746
52 240 0.016284406185150146
52 320 0.02338845655322075
52 400 0.05342159792780876
53 0 0.03005775436758995
53 80 0.029479119926691055
53 160 0.021635811775922775
53 240 0.036680322140455246
53 320 0.024069875478744507
53 400 0.05874631553888321
54 0 0.014472510665655136
54 80 0.025365419685840607
54 160 0.035300515592098236
54 240 0.02753058820962906
54 320 0.02380995824933052
54 400 0.012432139366865158
55 0 0.02879500389099121
55 80 0.03460778295993805
55 160 0.042915910482406616
55 240 0.04352791607379913
55 320 0.02984677255153656
55 400 0.035293176770210266
56 0 0.019810806959867477
56 80 0.01609985902905464
56 160 0.04043688625097275
56 240 0.025077572092413902
56 320 0.016999036073684692
56 400 0.02458321675658226
57 0 0.03175637871026993
57 80 0.04962463304400444
57 160 0.013075903058052063
57 240 0.022329021245241165
57 320 0.008053053170442581
57 400 0.017055705189704895
58 0 0.019689101725816727
58 80 0.023082882165908813
58 160 0.01438293606042862
58 240 0.016820508986711502
58 320 0.022960446774959564
58 400 0.01910863071680069
59 0 0.01883181929588318
59 80 0.034992583096027374
59 160 0.018615368753671646
59 240 0.021995101124048233
59 320 0.01646978035569191
59 400 0.028915423899888992
60 0 0.021286487579345703
60 80 0.023874085396528244
60 160 0.01667701080441475
60 240 0.025145478546619415
60 320 0.030173514038324356
60 400 0.025118928402662277
61 0 0.011949535459280014
61 80 0.017253462225198746
61 160 0.020264897495508194
61 240 0.020432397723197937
61 320 0.014706779271364212
61 400 0.013492714613676071
62 0 0.020835692062973976
62 80 0.011125735938549042
62 160 0.009790755808353424
62 240 0.02310703694820404
62 320 0.01708763837814331
62 400 0.0367584228515625
63 0 0.019802019000053406
63 80 0.032243870198726654
63 160 0.048317596316337585
63 240 0.019861895591020584
63 320 0.020995724946260452
63 400 0.016657870262861252
64 0 0.01287931203842163
64 80 0.010641973465681076
64 160 0.018113315105438232
64 240 0.02261720970273018
64 320 0.022054579108953476
64 400 0.020565781742334366
65 0 0.027983542531728745
65 80 0.020712748169898987
65 160 0.041723668575286865
65 240 0.019094642251729965
65 320 0.012644458562135696
65 400 0.03638920187950134
66 0 0.056634917855262756
66 80 0.02191472053527832
66 160 0.0219433456659317
66 240 0.0165584497153759
66 320 0.020186498761177063
66 400 0.02131808176636696
67 0 0.009878065437078476
67 80 0.016204509884119034
67 160 0.010879941284656525
67 240 0.013096015900373459
67 320 0.019465520977973938
67 400 0.024826355278491974
68 0 0.01907765492796898
68 80 0.026981446892023087
68 160 0.023125112056732178
68 240 0.01595194637775421
68 320 0.02885943092405796
68 400 0.010664217174053192
69 0 0.10613584518432617
69 80 0.02855576202273369
69 160 0.01910579577088356
69 240 0.018120750784873962
69 320 0.03676840662956238
69 400 0.008780717849731445
70 0 0.01547340676188469
70 80 0.05665398761630058
70 160 0.015073869377374649
70 240 0.01880737394094467
70 320 0.01994658261537552
70 400 0.03229520097374916
71 0 0.013874080032110214
71 80 0.036372680217027664
71 160 0.017227545380592346
71 240 0.012014977633953094
71 320 0.014949910342693329
71 400 0.022090399637818336
72 0 0.01342744380235672
72 80 0.015397951006889343
72 160 0.05340954288840294
72 240 0.021951913833618164
72 320 0.017758868634700775
72 400 0.022795386612415314
73 0 0.022471703588962555
73 80 0.011433999985456467
73 160 0.01675354689359665
73 240 0.026261378079652786
73 320 0.03464081883430481
73 400 0.02043016627430916
74 0 0.016280226409435272
74 80 0.019348129630088806
74 160 0.009161040186882019
74 240 0.023838382214307785
74 320 0.028771523386240005
74 400 0.018952123820781708
75 0 0.014417406171560287
75 80 0.020681004971265793
75 160 0.008998915553092957
75 240 0.017628811299800873
75 320 0.01688341051340103
75 400 0.022326141595840454
76 0 0.049776434898376465
76 80 0.019068069756031036
76 160 0.021588873118162155
76 240 0.015640508383512497
76 320 0.013337068259716034
76 400 0.020915724337100983
77 0 0.03262079134583473
77 80 0.014391835778951645
77 160 0.022294599562883377
77 240 0.015259727835655212
77 320 0.015536259859800339
77 400 0.016018420457839966
78 0 0.022985614836215973
78 80 0.02352013625204563
78 160 0.009619995951652527
78 240 0.019092172384262085
78 320 0.01989932358264923
78 400 0.031727857887744904
79 0 0.02071121707558632
79 80 0.01669192686676979
79 160 0.013763967901468277
79 240 0.016094423830509186
79 320 0.01688358187675476
79 400 0.03452567756175995
80 0 0.014843717217445374
80 80 0.016134530305862427
80 160 0.0055600740015506744
80 240 0.013274606317281723
80 320 0.011852104216814041
80 400 0.010206524282693863
81 0 0.02371389791369438
81 80 0.012572165578603745
81 160 0.010653551667928696
81 240 0.01942615583539009
81 320 0.007377471774816513
81 400 0.00910448282957077
82 0 0.028510836884379387
82 80 0.013623896986246109
82 160 0.014010943472385406
82 240 0.007338777184486389
82 320 0.010679617524147034
82 400 0.029913201928138733
83 0 0.023272663354873657
83 80 0.01241285353899002
83 160 0.006893528625369072
83 240 0.03771355375647545
83 320 0.019782941788434982
83 400 0.02910085767507553
84 0 0.025843016803264618
84 80 0.02857057750225067
84 160 0.01257588341832161
84 240 0.0224975124001503
84 320 0.012549590319395065
84 400 0.009804129600524902
85 0 0.017855055630207062
85 80 0.009648103266954422
85 160 0.011464066803455353
85 240 0.025784410536289215
85 320 0.00941484048962593
85 400 0.010730363428592682
86 0 0.022156689316034317
86 80 0.014519728720188141
86 160 0.018561584874987602
86 240 0.01338198035955429
86 320 0.008696716278791428
86 400 0.012593653053045273
87 0 0.01603062078356743
87 80 0.021058224141597748
87 160 0.012266110628843307
87 240 0.014469228684902191
87 320 0.037128012627363205
87 400 0.027824807912111282
88 0 0.009765833616256714
88 80 0.015792664140462875
88 160 0.008620589971542358
88 240 0.010846719145774841
88 320 0.009531915187835693
88 400 0.0098152756690979
89 0 0.006073694676160812
89 80 0.01672542840242386
89 160 0.008641328662633896
89 240 0.012461323291063309
89 320 0.013030871748924255
89 400 0.009779229760169983
90 0 0.010343823581933975
90 80 0.008087575435638428
90 160 0.017293326556682587
90 240 0.010012466460466385
90 320 0.01943061873316765
90 400 0.010936293751001358
91 0 0.017389878630638123
91 80 0.013103999197483063
91 160 0.01727312058210373
91 240 0.01529417559504509
91 320 0.01995822787284851
91 400 0.016232356429100037
92 0 0.01155664399266243
92 80 0.012206263840198517
92 160 0.008323397487401962
92 240 0.014845240861177444
92 320 0.018071774393320084
92 400 0.020064596086740494
93 0 0.020779777318239212
93 80 0.007841233164072037
93 160 0.013974644243717194
93 240 0.020324740558862686
93 320 0.006484813988208771
93 400 0.005709238350391388
94 0 0.012204635888338089
94 80 0.011731419712305069
94 160 0.008117485791444778
94 240 0.006041053682565689
94 320 0.010273776948451996
94 400 0.012412384152412415
95 0 0.009409181773662567
95 80 0.00996468961238861
95 160 0.008399009704589844
95 240 0.011080961674451828
95 320 0.00842713937163353
95 400 0.018558043986558914
96 0 0.0125967375934124
96 80 0.007123932242393494
96 160 0.010930702090263367
96 240 0.009428665041923523
96 320 0.010900884866714478
96 400 0.008351795375347137
97 0 0.012853831052780151
97 80 0.029857095330953598
97 160 0.003207836300134659
97 240 0.010378729552030563
97 320 0.019155576825141907
97 400 0.009825211018323898
98 0 0.011084035038948059
98 80 0.009952962398529053
98 160 0.0157010480761528
98 240 0.00535939633846283
98 320 0.017312169075012207
98 400 0.012416757643222809
99 0 0.011251062154769897
99 80 0.016102053225040436
99 160 0.008705083280801773
99 240 0.010797176510095596
99 320 0.005550455302000046
99 400 0.008084896951913834
100 0 0.008425015956163406
100 80 0.01140805333852768
100 160 0.006105788052082062
100 240 0.012384556233882904
100 320 0.014149773865938187
100 400 0.015734057873487473
101 0 0.02537177875638008
101 80 0.036285266280174255
101 160 0.013601608574390411
101 240 0.011001110076904297
101 320 0.004686187952756882
101 400 0.009172841906547546
102 0 0.009531848132610321
102 80 0.015334442257881165
102 160 0.008808717131614685
102 240 0.0031541362404823303
102 320 0.01941877231001854
102 400 0.012667443603277206
103 0 0.0043641552329063416
103 80 0.017529930919408798
103 160 0.01932471990585327
103 240 0.011274315416812897
103 320 0.013679903000593185
103 400 0.010193780064582825
104 0 0.008264411240816116
104 80 0.009949181228876114
104 160 0.012371383607387543
104 240 0.022239185869693756
104 320 0.005491819232702255
104 400 0.005847278982400894
105 0 0.009526081383228302
105 80 0.009488500654697418
105 160 0.014213800430297852
105 240 0.009277552366256714
105 320 0.014246754348278046
105 400 0.012389317154884338
106 0 0.00793994590640068
106 80 0.009707529097795486
106 160 0.003545839339494705
106 240 0.006005115807056427
106 320 0.0117664635181427
106 400 0.007450290024280548
107 0 0.01496293768286705
107 80 0.017911061644554138
107 160 0.006404552608728409
107 240 0.008795302361249924
107 320 0.0054498352110385895
107 400 0.014008626341819763
108 0 0.0035225003957748413
108 80 0.017164058983325958
108 160 0.006811477243900299
108 240 0.0071534328162670135
108 320 0.004112597554922104
108 400 0.012454181909561157
109 0 0.010933879762887955
109 80 0.008173663169145584
109 160 0.009436443448066711
109 240 0.011857587844133377
109 320 0.013403918594121933
109 400 0.01337268203496933
110 0 0.009680166840553284
110 80 0.006166975945234299
110 160 0.005285769701004028
110 240 0.0038780756294727325
110 320 0.008672863245010376
110 400 0.013942915946245193
111 0 0.009041111916303635
111 80 0.007914476096630096
111 160 0.00857989490032196
111 240 0.005916353315114975
111 320 0.009845513850450516
111 400 0.021038684993982315
112 0 0.013583410531282425
112 80 0.008426111191511154
112 160 0.01373862475156784
112 240 0.011616755276918411
112 320 0.011958301067352295
112 400 0.012679662555456161
113 0 0.005944490432739258
113 80 0.010871529579162598
113 160 0.011931918561458588
113 240 0.030633743852376938
113 320 0.007814701646566391
113 400 0.0096810944378376
114 0 0.008172135800123215
114 80 0.007056690752506256
114 160 0.012547392398118973
114 240 0.008443858474493027
114 320 0.00450756773352623
114 400 0.011570040136575699
115 0 0.007369808852672577
115 80 0.011846408247947693
115 160 0.01339496299624443
115 240 0.018931107595562935
115 320 0.008347131311893463
115 400 0.010440301150083542
116 0 0.009585652500391006
116 80 0.013184260576963425
116 160 0.0069264136254787445
116 240 0.007821306586265564
116 320 0.012216240167617798
116 400 0.00973748043179512
117 0 0.008604247123003006
117 80 0.010607846081256866
117 160 0.007683265954256058
117 240 0.010772239416837692
117 320 0.011141184717416763
117 400 0.011986210942268372
118 0 0.007166370749473572
118 80 0.009147938340902328
118 160 0.00771326944231987
118 240 0.014447689056396484
118 320 0.01000940427184105
118 400 0.00883808359503746
119 0 0.010288167744874954
119 80 0.007615368813276291
119 160 0.008153554052114487
119 240 0.004186954349279404
119 320 0.012345191091299057
119 400 0.012958865612745285
120 0 0.011498387902975082
120 80 0.007918182760477066
120 160 0.006635967642068863
120 240 0.008341558277606964
120 320 0.0037903524935245514
120 400 0.015617679804563522
121 0 0.007565908133983612
121 80 0.008494433015584946
121 160 0.009461816400289536
121 240 0.007580868899822235
121 320 0.015305690467357635
121 400 0.01424388587474823
122 0 0.006594505161046982
122 80 0.009825676679611206
122 160 0.009070105850696564
122 240 0.003988992422819138
122 320 0.009623873978853226
122 400 0.011005092412233353
123 0 0.011150974780321121
123 80 0.0065003447234630585
123 160 0.0071864500641822815
123 240 0.007981065660715103
123 320 0.018917731940746307
123 400 0.006432842463254929
124 0 0.0237480029463768
124 80 0.009430978447198868
124 160 0.005809664726257324
124 240 0.0077196694910526276
124 320 0.017956234514713287
124 400 0.007873162627220154
125 0 0.00802486389875412
125 80 0.0043542347848415375
125 160 0.0036705881357192993
125 240 0.005027893930673599
125 320 0.0109490305185318
125 400 0.008000209927558899
126 0 0.009772293269634247
126 80 0.005046103149652481
126 160 0.004674099385738373
126 240 0.011429384350776672
126 320 0.005204163491725922
126 400 0.007455609738826752
127 0 0.010811816900968552
127 80 0.005279362201690674
127 160 0.011411532759666443
127 240 0.0036982260644435883
127 320 0.006450403481721878
127 400 0.003915775567293167
128 0 0.00879867747426033
128 80 0.01030576229095459
128 160 0.009424589574337006
128 240 0.006807595491409302
128 320 0.013086896389722824
128 400 0.0037486404180526733
129 0 0.010113142430782318
129 80 0.012866560369729996
129 160 0.006124522536993027
129 240 0.004839632660150528
129 320 0.004641734063625336
129 400 0.005132164806127548
130 0 0.008580893278121948
130 80 0.005418218672275543
130 160 0.006166454404592514
130 240 0.008419852703809738
130 320 0.00939609482884407
130 400 0.007042203098535538
131 0 0.0408860519528389
131 80 0.007020153105258942
131 160 0.018705260008573532
131 240 0.01820184290409088
131 320 0.008055318146944046
131 400 0.009754668921232224
132 0 0.00754895806312561
132 80 0.006713438779115677
132 160 0.007132589817047119
132 240 0.004245445132255554
132 320 0.007102936506271362
132 400 0.007878582924604416
133 0 0.009966880083084106
133 80 0.005122192203998566
133 160 0.00840805098414421
133 240 0.006088905036449432
133 320 0.01025756448507309
133 400 0.010134320706129074
134 0 0.006764903664588928
134 80 0.010875899344682693
134 160 0.009542163461446762
134 240 0.007057037204504013
134 320 0.009551826864480972
134 400 0.0077647678554058075
135 0 0.004636794328689575
135 80 0.009223010390996933
135 160 0.003920361399650574
135 240 0.007629763334989548
135 320 0.013325296342372894
135 400 0.005143661051988602
136 0 0.008225396275520325
136 80 0.0065237246453762054
136 160 0.005365349352359772
136 240 0.003920376300811768
136 320 0.006950270384550095
136 400 0.012745469808578491
137 0 0.004179723560810089
137 80 0.004170496016740799
137 160 0.007899198681116104
137 240 0.01639629900455475
137 320 0.007855705916881561
137 400 0.005138292908668518
138 0 0.005568321794271469
138 80 0.0035821758210659027
138 160 0.0049807727336883545
138 240 0.007604047656059265
138 320 0.0038372352719306946
138 400 0.004221200942993164
139 0 0.006531398743391037
139 80 0.0037744417786598206
139 160 0.010717485100030899
139 240 0.007764942944049835
139 320 0.007813028991222382
139 400 0.006292987614870071
140 0 0.006976529955863953
140 80 0.008244108408689499
140 160 0.004822932183742523
140 240 0.007413126528263092
140 320 0.0042145736515522
140 400 0.0065317898988723755
141 0 0.0038595497608184814
141 80 0.005102686583995819
141 160 0.00714363157749176
141 240 0.008132141083478928
141 320 0.006215982139110565
141 400 0.013905376195907593
142 0 0.006350729614496231
142 80 0.004766944795846939
142 160 0.006210796535015106
142 240 0.010238565504550934
142 320 0.00808032974600792
142 400 0.006703708320856094
143 0 0.004174921661615372
143 80 0.006858129054307938
143 160 0.007969114929437637
143 240 0.01008528470993042
143 320 0.004979681223630905
143 400 0.006191618740558624
144 0 0.00557577982544899
144 80 0.006121885031461716
144 160 0.001988910138607025
144 240 0.008188117295503616
144 320 0.005115378648042679
144 400 0.011507704854011536
145 0 0.0031844452023506165
145 80 0.006132885813713074
145 160 0.0037942714989185333
145 240 0.01012522354722023
145 320 0.008396022021770477
145 400 0.002007853239774704
146 0 0.006520099937915802
146 80 0.004931565374135971
146 160 0.005564246326684952
146 240 0.006409134715795517
146 320 0.007419988512992859
146 400 0.00983688235282898
147 0 0.004623420536518097
147 80 0.009699411690235138
147 160 0.00331072136759758
147 240 0.0033007673919200897
147 320 0.011500630527734756
147 400 0.007699988782405853
148 0 0.0054404959082603455
148 80 0.006235294044017792
148 160 0.006484854966402054
148 240 0.009221594780683517
148 320 0.007471542805433273
148 400 0.01002952829003334
149 0 0.0033580586314201355
149 80 0.008768342435359955
149 160 0.015445351600646973
149 240 0.007979031652212143
149 320 0.0043664053082466125
149 400 0.005849000066518784
150 0 0.008732043206691742
150 80 0.013650115579366684
150 160 0.005723893642425537
150 240 0.013194598257541656
150 320 0.0031358003616333008
150 400 0.009799245744943619
151 0 0.007567472755908966
151 80 0.005989719182252884
151 160 0.005584292113780975
151 240 0.008695684373378754
151 320 0.004405532032251358
151 400 0.006156224757432938
152 0 0.0051812902092933655
152 80 0.007892023772001266
152 160 0.006333246827125549
152 240 0.007365182042121887
152 320 0.0029290318489074707
152 400 0.0059127844870090485
153 0 0.0036893561482429504
153 80 0.013737920671701431
153 160 0.0087335966527462
153 240 0.003219347447156906
153 320 0.006413709372282028
153 400 0.006664928048849106
154 0 0.00693938136100769
154 80 0.006753578782081604
154 160 0.006648559123277664
154 240 0.005868334323167801
154 320 0.006215520203113556
154 400 0.007305998355150223
155 0 0.008152808994054794
155 80 0.008952811360359192
155 160 0.0063871778547763824
155 240 0.004323497414588928
155 320 0.008115053176879883
155 400 0.010166749358177185
156 0 0.0060708969831466675
156 80 0.0032702982425689697
156 160 0.006591241806745529
156 240 0.027059752494096756
156 320 0.005218982696533203
156 400 0.00593692809343338
157 0 0.003921307623386383
157 80 0.008114941418170929
157 160 0.00738072395324707
157 240 0.007046550512313843
157 320 0.006718471646308899
157 400 0.005995728075504303
158 0 0.003622494637966156
158 80 0.0027462393045425415
158 160 0.003959190100431442
158 240 0.00991128385066986
158 320 0.0054128095507621765
158 400 0.00926077738404274
159 0 0.006041102111339569
159 80 0.004579760134220123
159 160 0.005353439599275589
159 240 0.0034768059849739075
159 320 0.008007422089576721
159 400 0.006289292126893997
160 0 0.0049312300980091095
160 80 0.003852628171443939
160 160 0.006879296153783798
160 240 0.007241342216730118
160 320 0.00510028749704361
160 400 0.004153300076723099
161 0 0.006417952477931976
161 80 0.004733838140964508
161 160 0.005597885698080063
161 240 0.003421403467655182
161 320 0.006159838289022446
161 400 0.002380087971687317
162 0 0.005148392170667648
162 80 0.005638856440782547
162 160 0.004640653729438782
162 240 0.004843603819608688
162 320 0.003794252872467041
162 400 0.003659892827272415
163 0 0.0043447427451610565
163 80 0.003866225481033325
163 160 0.00465218722820282
163 240 0.0023169107735157013
163 320 0.00266120582818985
163 400 0.003192700445652008
164 0 0.0027438923716545105
164 80 0.013058040291070938
164 160 0.003853827714920044
164 240 0.003880877047777176
164 320 0.0046504102647304535
164 400 0.004908740520477295
165 0 0.0019883066415786743
165 80 0.009897112846374512
165 160 0.005564037710428238
165 240 0.0033089593052864075
165 320 0.004319190979003906
165 400 0.005837123841047287
166 0 0.0034826062619686127
166 80 0.007665030658245087
166 160 0.004712983965873718
166 240 0.007425449788570404
166 320 0.0029870830476284027
166 400 0.006103593856096268
167 0 0.004750881344079971
167 80 0.0047216713428497314
167 160 0.005848068743944168
167 240 0.003129784017801285
167 320 0.005555860698223114
167 400 0.0054667070508003235
168 0 0.004589017480611801
168 80 0.007012404501438141
168 160 0.010276257991790771
168 240 0.005484193563461304
168 320 0.004368238151073456
168 400 0.0027498528361320496
169 0 0.008270442485809326
169 80 0.0036278031766414642
169 160 0.0031823813915252686
169 240 0.003958091139793396
169 320 0.0048346444964408875
169 400 0.0061760954558849335
170 0 0.005397826433181763
170 80 0.0030553489923477173
170 160 0.0046003833413124084
170 240 0.004283301532268524
170 320 0.0031281858682632446
170 400 0.0036531612277030945
171 0 0.006957408040761948
171 80 0.006852332502603531
171 160 0.006752833724021912
171 240 0.004820678383111954
171 320 0.006313696503639221
171 400 0.006648100912570953
172 0 0.007528424263000488
172 80 0.0048949234187603
172 160 0.004447970539331436
172 240 0.004280649125576019
172 320 0.005598384886980057
172 400 0.003951705992221832
173 0 0.0056872740387916565
173 80 0.0036317184567451477
173 160 0.0042368099093437195
173 240 0.009384013712406158
173 320 0.006086654961109161
173 400 0.003158271312713623
174 0 0.005881957709789276
174 80 0.005674842745065689
174 160 0.009675711393356323
174 240 0.005529697984457016
174 320 0.004564758390188217
174 400 0.010831162333488464
175 0 0.005950313061475754
175 80 0.010927751660346985
175 160 0.005658630281686783
175 240 0.003524698317050934
175 320 0.009113535284996033
175 400 0.0044631510972976685
176 0 0.0053548663854599
176 80 0.002252824604511261
176 160 0.00813455879688263
176 240 0.004026263952255249
176 320 0.003259032964706421
176 400 0.005024980753660202
177 0 0.0037944018840789795
177 80 0.009965397417545319
177 160 0.001066751778125763
177 240 0.003083396703004837
177 320 0.005052577704191208
177 400 0.006561353802680969
178 0 0.00403045117855072
178 80 0.0035516805946826935
178 160 0.005585242062807083
178 240 0.002137213945388794
178 320 0.0031623244285583496
178 400 0.003919709473848343
179 0 0.004856366664171219
179 80 0.00292273610830307
179 160 0.004459414631128311
179 240 0.006745889782905579
179 320 0.002963874489068985
179 400 0.0029713883996009827
180 0 0.003501608967781067
180 80 0.005826737731695175
180 160 0.0032686330378055573
180 240 0.002543766051530838
180 320 0.002437897026538849
180 400 0.005941327661275864
181 0 0.005268260836601257
181 80 0.003950387239456177
181 160 0.0031977035105228424
181 240 0.00390871986746788
181 320 0.00552193820476532
181 400 0.004166904836893082
182 0 0.004618417471647263
182 80 0.007361400872468948
182 160 0.004867099225521088
182 240 0.004660114645957947
182 320 0.005587570369243622
182 400 0.0017015151679515839
183 0 0.006019908934831619
183 80 0.006225451827049255
183 160 0.0032051652669906616
183 240 0.0017779022455215454
183 320 0.007395334541797638
183 400 0.006494145840406418
184 0 0.0021843649446964264
184 80 0.00523994117975235
184 160 0.0021452605724334717
184 240 0.003854610025882721
184 320 0.005427666008472443
184 400 0.004244722425937653
185 0 0.00513598695397377
185 80 0.005294907838106155
185 160 0.003710731863975525
185 240 0.0037071630358695984
185 320 0.0024381279945373535
185 400 0.00361507385969162
186 0 0.004743166267871857
186 80 0.003550749272108078
186 160 0.004261352121829987
186 240 0.0030852146446704865
186 320 0.003634907305240631
186 400 0.005362056195735931
187 0 0.0025323107838630676
187 80 0.0023694001138210297
187 160 0.005442202091217041
187 240 0.0035298317670822144
187 320 0.006114635616540909
187 400 0.004171296954154968
188 0 0.004373081028461456
188 80 0.008097372949123383
188 160 0.006503637880086899
188 240 0.003002159297466278
188 320 0.006174325942993164
188 400 0.0015514902770519257
189 0 0.0046548061072826385
189 80 0.004480540752410889
189 160 0.005680687725543976
189 240 0.003453172743320465
189 320 0.006564483046531677
189 400 0.005551625043153763
190 0 0.003930710256099701
190 80 0.003760136663913727
190 160 0.0026839450001716614
190 240 0.0028293058276176453
190 320 0.007193911820650101
190 400 0.004603102803230286
191 0 0.0013412460684776306
191 80 0.0039288438856601715
191 160 0.006442077457904816
191 240 0.004260864108800888
191 320 0.0058628953993320465
191 400 0.0026598013937473297
192 0 0.003841254860162735
192 80 0.005218662321567535
192 160 0.004862464964389801
192 240 0.0032972246408462524
192 320 0.004986770451068878
192 400 0.004016008228063583
193 0 0.0036874711513519287
193 80 0.002984520047903061
193 160 0.002338860183954239
193 240 0.004616215825080872
193 320 0.003899678587913513
193 400 0.0031353309750556946
194 0 0.01210782676935196
194 80 0.0035430341958999634
194 160 0.00449066236615181
194 240 0.006090961396694183
194 320 0.0023592934012413025
194 400 0.0041997991502285
195 0 0.0035831481218338013
195 80 0.0058921389281749725
195 160 0.005393821746110916
195 240 0.003940399736166
195 320 0.0056691356003284454
195 400 0.0032600238919258118
196 0 0.0027687475085258484
196 80 0.003261260688304901
196 160 0.003918662667274475
196 240 0.002666279673576355
196 320 0.008508346974849701
196 400 0.0013062693178653717
197 0 0.004730440676212311
197 80 0.0062723420560359955
197 160 0.0042458586394786835
197 240 0.0013457238674163818
197 320 0.004460196942090988
197 400 0.0031720511615276337
198 0 0.0037772133946418762
198 80 0.006325539201498032
198 160 0.004168953746557236
198 240 0.0029928460717201233
198 320 0.00308217853307724
198 400 0.006971381604671478
199 0 0.0042610131204128265
199 80 0.003188304603099823
199 160 0.004374191164970398
199 240 0.0038410015404224396
199 320 0.004292678087949753
199 400 0.004527352750301361
200 0 0.004067551344633102
200 80 0.003005579113960266
200 160 0.0025628358125686646
200 240 0.0042256638407707214
200 320 0.0021484196186065674
200 400 0.004849448800086975
201 0 0.005333703011274338
201 80 0.00635683536529541
201 160 0.002554789185523987
201 240 0.005566079169511795
201 320 0.003990098834037781
201 400 0.0021542757749557495
202 0 0.0052050575613975525
202 80 0.005032822489738464
202 160 0.0027114003896713257
202 240 0.004880860447883606
202 320 0.002978842705488205
202 400 0.005194753408432007
203 0 0.007379572838544846
203 80 0.004287566989660263
203 160 0.0025605112314224243
203 240 0.0029222965240478516
203 320 0.003210030496120453
203 400 0.005581069737672806
204 0 0.0037641264498233795
204 80 0.0028777681291103363
204 160 0.004019007086753845
204 240 0.004290878772735596
204 320 0.002994399517774582
204 400 0.003139626234769821
205 0 0.002572920173406601
205 80 0.004470199346542358
205 160 0.0018919296562671661
205 240 0.003648672252893448
205 320 0.005786903202533722
205 400 0.004570644348859787
206 0 0.0034642405807971954
206 80 0.0013096481561660767
206 160 0.004357088357210159
206 240 0.003114767372608185
206 320 0.001952826976776123
206 400 0.0036743134260177612
207 0 0.004334703087806702
207 80 0.00580480694770813
207 160 0.003169029951095581
207 240 0.005163155496120453
207 320 0.005149092525243759
207 400 0.0037659630179405212
208 0 0.006928060203790665
208 80 0.0031016841530799866
208 160 0.0035405904054641724
208 240 0.005798675119876862
208 320 0.006075520068407059
208 400 0.0027764588594436646
209 0 0.004068255424499512
209 80 0.0037500783801078796
209 160 0.006179094314575195
209 240 0.004169676452875137
209 320 0.006143096834421158
209 400 0.0018830150365829468
210 0 0.005559038370847702
210 80 0.0031631216406822205
210 160 0.0024628974497318268
210 240 0.004997793585062027
210 320 0.0035846158862113953
210 400 0.002094678580760956
211 0 0.003670576959848404
211 80 0.004014648497104645
211 160 0.003082066774368286
211 240 0.005251333117485046
211 320 0.0016206949949264526
211 400 0.004459168761968613
212 0 0.00469747930765152
212 80 0.00327860563993454
212 160 0.0027461908757686615
212 240 0.0037846043705940247
212 320 0.0027301162481307983
212 400 0.004681814461946487
213 0 0.005782805383205414
213 80 0.003349781036376953
213 160 0.0021455809473991394
213 240 0.003124147653579712
213 320 0.0036869272589683533
213 400 0.004794646054506302
214 0 0.004666827619075775
214 80 0.0026968158781528473
214 160 0.006268829107284546
214 240 0.0026063472032546997
214 320 0.004701755940914154
214 400 0.0037870891392230988
215 0 0.007002390921115875
215 80 0.0038520433008670807
215 160 0.0036707445979118347
215 240 0.004083737730979919
215 320 0.003863893449306488
215 400 0.00375521183013916
216 0 0.0030264444649219513
216 80 0.004684831947088242
216 160 0.0023086145520210266
216 240 0.004011679440736771
216 320 0.0051085688173770905
216 400 0.004626825451850891
217 0 0.0034740716218948364
217 80 0.002045348286628723
217 160 0.004296157509088516
217 240 0.0008451491594314575
217 320 0.00403960794210434
217 400 0.005638789385557175
218 0 0.0036152228713035583
218 80 0.004580780863761902
218 160 0.0034668967127799988
218 240 0.0034727081656455994
218 320 0.0021898746490478516
218 400 0.001991681754589081
219 0 0.004192635416984558
219 80 0.004801567643880844
219 160 0.0028803423047065735
219 240 0.003214757889509201
219 320 0.0024304911494255066
219 400 0.0033508315682411194
220 0 0.006753627210855484
220 80 0.003054622560739517
220 160 0.0019146166741847992
220 240 0.004258144646883011
220 320 0.002126600593328476
220 400 0.003026619553565979
221 0 0.005094956606626511
221 80 0.0033733993768692017
221 160 0.005181305110454559
221 240 0.0038471706211566925
221 320 0.003759227693080902
221 400 0.00900554284453392
222 0 0.004667811095714569
222 80 0.0037696771323680878
222 160 0.002127721905708313
222 240 0.004923343658447266
222 320 0.0036282502114772797
222 400 0.002579130232334137
223 0 0.003089115023612976
223 80 0.005038559436798096
223 160 0.0030525028705596924
223 240 0.005073100328445435
223 320 0.002597607672214508
223 400 0.004865668714046478
224 0 0.004175141453742981
224 80 0.003093443810939789
224 160 0.0034050941467285156
224 240 0.0035652071237564087
224 320 0.0027488209307193756
224 400 0.004391409456729889
225 0 0.003413476049900055
225 80 0.0036354809999465942
225 160 0.008033275604248047
225 240 0.0026732683181762695
225 320 0.0015078559517860413
225 400 0.0015601962804794312
226 0 0.0031168945133686066
226 80 0.002869933843612671
226 160 0.0030632950365543365
226 240 0.003463953733444214
226 320 0.004522401839494705
226 400 0.004846442490816116
227 0 0.005044754594564438
227 80 0.004423871636390686
227 160 0.003445833921432495
227 240 0.0024306252598762512
227 320 0.003819424659013748
227 400 0.0018624141812324524
228 0 0.002525314688682556
228 80 0.004901908338069916
228 160 0.0033802837133407593
228 240 0.0033068805932998657
228 320 0.0016825348138809204
228 400 0.0032689720392227173
229 0 0.003863699734210968
229 80 0.003707282245159149
229 160 0.002499449998140335
229 240 0.0021320953965187073
229 320 0.00240972638130188
229 400 0.005240149796009064
230 0 0.0029859058558940887
230 80 0.0030881762504577637
230 160 0.0033507458865642548
230 240 0.0037953630089759827
230 320 0.0027201101183891296
230 400 0.002836424857378006
231 0 0.003692295402288437
231 80 0.006475329399108887
231 160 0.0029451586306095123
231 240 0.0040839724242687225
231 320 0.004191674292087555
231 400 0.0015164688229560852
232 0 0.002840489149093628
232 80 0.005430959165096283
232 160 0.003629431128501892
232 240 0.0026465319097042084
232 320 0.003993090242147446
232 400 0.0023761577904224396
233 0 0.0034175924956798553
233 80 0.004724815487861633
233 160 0.0010597780346870422
233 240 0.002436455339193344
233 320 0.004238579422235489
233 400 0.0034532174468040466
234 0 0.0027958452701568604
234 80 0.0017582438886165619
234 160 0.0026240274310112
234 240 0.0054428838193416595
234 320 0.011409640312194824
234 400 0.003041096031665802
235 0 0.00418752059340477
235 80 0.00334109365940094
235 160 0.0020122788846492767
235 240 0.0016798712313175201
235 320 0.0016688965260982513
235 400 0.0020714476704597473
236 0 0.0030961409211158752
236 80 0.0017646029591560364
236 160 0.003453075885772705
236 240 0.0021263733506202698
236 320 0.0028439387679100037
236 400 0.003090985119342804
237 0 0.005130402743816376
237 80 0.00372878834605217
237 160 0.004524894058704376
237 240 0.005709424614906311
237 320 0.0038590244948863983
237 400 0.0047636330127716064
238 0 0.0037620514631271362
238 80 0.0034401975572109222
238 160 0.004389874637126923
238 240 0.001199088990688324
238 320 0.004275284707546234
238 400 0.002237573266029358
239 0 0.0038902871310710907
239 80 0.0016443505883216858
239 160 0.0033690929412841797
239 240 0.0041550323367118835
239 320 0.000858798623085022
239 400 0.0015944764018058777
240 0 0.002273343503475189
240 80 0.007903192192316055
240 160 0.0026584267616271973
240 240 0.002623826265335083
240 320 0.0033337771892547607
240 400 0.001486603170633316
241 0 0.003374159336090088
241 80 0.00359402596950531
241 160 0.002753172069787979
241 240 0.0030509456992149353
241 320 0.0021289847791194916
241 400 0.003837473690509796
242 0 0.0030368827283382416
242 80 0.0035974904894828796
242 160 0.002693038433790207
242 240 0.0022379159927368164
242 320 0.0030860714614391327
242 400 0.0017295554280281067
243 0 0.00447450578212738
243 80 0.00506843626499176
243 160 0.0019734203815460205
243 240 0.003387894481420517
243 320 0.0025706887245178223
243 400 0.002220071852207184
244 0 0.0019845962524414062
244 80 0.0027326270937919617
244 160 0.004285607486963272
244 240 0.003936707973480225
244 320 0.0023585930466651917
244 400 0.003397960215806961
245 0 0.0027073025703430176
245 80 0.0052953362464904785
245 160 0.002926647663116455
245 240 0.0013699978590011597
245 320 0.0018267706036567688
245 400 0.002107582986354828
246 0 0.0025126710534095764
246 80 0.004872530698776245
246 160 0.006323155015707016
246 240 0.0036675631999969482
246 320 0.003433685749769211
246 400 0.0023190155625343323
247 0 0.003106791526079178
247 80 0.002553597092628479
247 160 0.0021088235080242157
247 240 0.0038967765867710114
247 320 0.0017309263348579407
247 400 0.003497924655675888
248 0 0.00255579873919487
248 80 0.0037107281386852264
248 160 0.003045022487640381
248 240 0.0008572861552238464
248 320 0.004756022244691849
248 400 0.0029334798455238342
249 0 0.001795455813407898
249 80 0.0021503716707229614
249 160 0.002478964626789093
249 240 0.00310681015253067
249 320 0.0046439990401268005
249 400 0.0025081150233745575
250 0 0.0022143125534057617
250 80 0.0014882907271385193
250 160 0.004120815545320511
250 240 0.00375371053814888
250 320 0.0030425898730754852
250 400 0.0020893365144729614
251 0 0.002613477408885956
251 80 0.0007503144443035126
251 160 0.0019606873393058777
251 240 0.0016176924109458923
251 320 0.002873636782169342
251 400 0.0023811981081962585
252 0 0.0045491717755794525
252 80 0.004799611866474152
252 160 0.002730961889028549
252 240 0.0026747435331344604
252 320 0.0013610795140266418
252 400 0.004241004586219788
253 0 0.002467021346092224
253 80 0.0038331300020217896
253 160 0.0025499239563941956
253 240 0.003911595791578293
253 320 0.0017753764986991882
253 400 0.002988666296005249
254 0 0.0028525441884994507
254 80 0.0030037015676498413
254 160 0.0027462467551231384
254 240 0.0032265260815620422
254 320 0.003118913620710373
254 400 0.0044906362891197205
255 0 0.004719998687505722
255 80 0.002142239362001419
255 160 0.004709653556346893
255 240 0.0034658387303352356
255 320 0.005077347159385681
255 400 0.001539178192615509
256 0 0.0032805725932121277
256 80 0.002338908612728119
256 160 0.003935649991035461
256 240 0.0029654130339622498
256 320 0.0025090277194976807
256 400 0.0029303282499313354
257 0 0.0032150931656360626
257 80 0.0017895177006721497
257 160 0.0022068768739700317
257 240 0.0018875151872634888
257 320 0.00435255840420723
257 400 0.0048574358224868774
258 0 0.002541095018386841
258 80 0.0030976012349128723
258 160 0.0018459409475326538
258 240 0.002199307084083557
258 320 0.0020197778940200806
258 400 0.0023544207215309143
259 0 0.0016338005661964417
259 80 0.0020138025283813477
259 160 0.0022191107273101807
259 240 0.003702796995639801
259 320 0.0023614242672920227
259 400 0.0026163049042224884
260 0 0.007024973630905151
260 80 0.0024271607398986816
260 160 0.0017249062657356262
260 240 0.002160698175430298
260 320 0.00225018709897995
260 400 0.0035645179450511932
261 0 0.002816352993249893
261 80 0.0031502768397331238
261 160 0.005170155316591263
261 240 0.007259551435709
261 320 0.0028405115008354187
261 400 0.0018646828830242157
262 0 0.0044023096561431885
262 80 0.002934768795967102
262 160 0.002194628119468689
262 240 0.002419404685497284
262 320 0.0030675381422042847
262 400 0.001931115984916687
263 0 0.0015315786004066467
263 80 0.0017096735537052155
263 160 0.004109151661396027
263 240 0.005656491965055466
263 320 0.002125196158885956
263 400 0.0013442635536193848
264 0 0.002883337438106537
264 80 0.0024292245507240295
264 160 0.0014556050300598145
264 240 0.00360184907913208
264 320 0.004343926906585693
264 400 0.0017083808779716492
265 0 0.004175238311290741
265 80 0.005004376173019409
265 160 0.0012168288230895996
265 240 0.00431380420923233
265 320 0.002544701099395752
265 400 0.003910765051841736
266 0 0.002825826406478882
266 80 0.0030201897025108337
266 160 0.002883046865463257
266 240 0.0019921697676181793
266 320 0.0023613348603248596
266 400 0.0023667290806770325
267 0 0.0025130659341812134
267 80 0.001805812120437622
267 160 0.0022669658064842224
267 240 0.0038067400455474854
267 320 0.002019442617893219
267 400 0.001488327980041504
268 0 0.0023468099534511566
268 80 0.0038926415145397186
268 160 0.0025518983602523804
268 240 0.0011891461908817291
268 320 0.0036128871142864227
268 400 0.0035430528223514557
269 0 0.003042135387659073
269 80 0.002586476504802704
269 160 0.002682201564311981
269 240 0.0030013546347618103
269 320 0.0024824216961860657
269 400 0.0034779757261276245
270 0 0.0025178007781505585
270 80 0.003436155617237091
270 160 0.003911927342414856
270 240 0.004027567803859711
270 320 0.0016025081276893616
270 400 0.0021025575697422028
271 0 0.001967012882232666
271 80 0.0043188780546188354
271 160 0.001838885247707367
271 240 0.0018388256430625916
271 320 0.003964811563491821
271 400 0.002578034996986389
272 0 0.001995481550693512
272 80 0.0017898008227348328
272 160 0.002311505377292633
272 240 0.0024194084107875824
272 320 0.003000997006893158
272 400 0.005719173699617386
273 0 0.003302745521068573
273 80 0.002694409340620041
273 160 0.0024712607264518738
273 240 0.0030558407306671143
273 320 0.0019235238432884216
273 400 0.0026499107480049133
274 0 0.0034102126955986023
274 80 0.0023450031876564026
274 160 0.0021654367446899414
274 240 0.0023677274584770203
274 320 0.0024909265339374542
274 400 0.0021038688719272614
275 0 0.0022253766655921936
275 80 0.0022682584822177887
275 160 0.0025097355246543884
275 240 0.0013363435864448547
275 320 0.0022346600890159607
275 400 0.0035343505442142487
276 0 0.0033517032861709595
276 80 0.004657384008169174
276 160 0.0016574114561080933
276 240 0.0020422786474227905
276 320 0.003188095986843109
276 400 0.003956947475671768
277 0 0.00523366779088974
277 80 0.0017512626945972443
277 160 0.0034605227410793304
277 240 0.002055145800113678
277 320 0.0013900324702262878
277 400 0.0017929822206497192
278 0 0.002092212438583374
278 80 0.0019162297248840332
278 160 0.003630947321653366
278 240 0.004674624651670456
278 320 0.0021748654544353485
278 400 0.00351773202419281
279 0 0.0022710412740707397
279 80 0.002725694328546524
279 160 0.0035596489906311035
279 240 0.0017729401588439941
279 320 0.0030022263526916504
279 400 0.002239540219306946
280 0 0.002640463411808014
280 80 0.0030493512749671936
280 160 0.0022437870502471924
280 240 0.0033824220299720764
280 320 0.002761051058769226
280 400 0.007128864526748657
281 0 0.0014026239514350891
281 80 0.001957736909389496
281 160 0.003280583769083023
281 240 0.0013651996850967407
281 320 0.0008769631385803223
281 400 0.00445200502872467
282 0 0.0009861141443252563
282 80 0.0019248351454734802
282 160 0.00257771834731102
282 240 0.0017199069261550903
282 320 0.002234566956758499
282 400 0.003442559391260147
283 0 0.0030394792556762695
283 80 0.0029823482036590576
283 160 0.0030717290937900543
283 240 0.002209387719631195
283 320 0.0021918192505836487
283 400 0.002147272229194641
284 0 0.0033480003476142883
284 80 0.004105661064386368
284 160 0.0018864646553993225
284 240 0.004394650459289551
284 320 0.00449376180768013
284 400 0.002298019826412201
285 0 0.004827301949262619
285 80 0.0013568401336669922
285 160 0.0018765740096569061
285 240 0.002270728349685669
285 320 0.0021244660019874573
285 400 0.003908704966306686
286 0 0.0023478753864765167
286 80 0.0010372772812843323
286 160 0.0033241063356399536
286 240 0.002419412136077881
286 320 0.002844449132680893
286 400 0.0025593116879463196
287 0 0.0025316476821899414
287 80 0.003257162868976593
287 160 0.0032070279121398926
287 240 0.0020116567611694336
287 320 0.002079799771308899
287 400 0.002199508249759674
288 0 0.0030725598335266113
288 80 0.0014749504625797272
288 160 0.0034233257174491882
288 240 0.001228824257850647
288 320 0.0041580237448215485
288 400 0.001861274242401123
289 0 0.0038911625742912292
289 80 0.0020457282662391663
289 160 0.0029202699661254883
289 240 0.0015880763530731201
289 320 0.0039566196501255035
289 400 0.002901323139667511
290 0 0.002761751413345337
290 80 0.0010884851217269897
290 160 0.0031253769993782043
290 240 0.0034467577934265137
290 320 0.0025118552148342133
290 400 0.0017546005547046661
291 0 0.003810729831457138
291 80 0.0021631643176078796
291 160 0.002571217715740204
291 240 0.0024686381220817566
291 320 0.0015017613768577576
291 400 0.0018999353051185608
292 0 0.0014222636818885803
292 80 0.001398727297782898
292 160 0.0019839033484458923
292 240 0.001587308943271637
292 320 0.0023174434900283813
292 400 0.0024151429533958435
293 0 0.0016297325491905212
293 80 0.003245234489440918
293 160 0.002193417400121689
293 240 0.0042563676834106445
293 320 0.002478979527950287
293 400 0.0012471899390220642
294 0 0.0032816827297210693
294 80 0.0022890716791152954
294 160 0.0027801766991615295
294 240 0.0017619878053665161
294 320 0.0024871453642845154
294 400 0.0009824931621551514
295 0 0.0040022507309913635
295 80 0.002695944160223007
295 160 0.0022454261779785156
295 240 0.0032019689679145813
295 320 0.0029142089188098907
295 400 0.0018993392586708069
296 0 0.002121932804584503
296 80 0.002924486994743347
296 160 0.0016186907887458801
296 240 0.0030110403895378113
296 320 0.00307401642203331
296 400 0.002069704234600067
297 0 0.0012560710310935974
297 80 0.0015501007437705994
297 160 0.001645408570766449
297 240 0.003219369798898697
297 320 0.004144217818975449
297 400 0.004418846219778061
298 0 0.003170754760503769
298 80 0.002804987132549286
298 160 0.0013581812381744385
298 240 0.001127690076828003
298 320 0.0025467798113822937
298 400 0.0029274597764015198
299 0 0.0022732242941856384
299 80 0.003139883279800415
299 160 0.0011266618967056274
299 240 0.0036979690194129944
299 320 0.0014750286936759949
299 400 0.001818336546421051
300 0 0.0024437159299850464
300 80 0.0020871199667453766
300 160 0.0014625973999500275
300 240 0.0023378580808639526
300 320 0.002274665981531143
300 400 0.0020329952239990234
