1 0.4645276839481488 0.8648666666666667
2 0.26004233513114805 0.92545
3 0.21715545668594363 0.93795
4 0.19024417463586782 0.9463833333333334
5 0.17128564040861657 0.9523
6 0.15638007611226934 0.9567833333333333
7 0.1441466382253907 0.9602
8 0.13423122252736772 0.9635833333333333
9 0.12548766130291578 0.9659833333333333
10 0.1179028428328444 0.9684666666666667
11 0.11139011174948739 0.9697833333333333
12 0.10542965649780053 0.9718833333333333
13 0.09999397374403629 0.9730333333333333
14 0.09529042950491788 0.9746833333333333
15 0.09104390577800366 0.9760666666666666
16 0.08685375751256308 0.9772666666666666
17 0.08325620511097949 0.9783166666666666
18 0.07962757419707424 0.9793333333333333
19 0.07645712635600999 0.97985
20 0.07361416748242337 0.9810833333333333
21 0.07076259457003842 0.9817333333333333
22 0.06812235625234367 0.9827333333333333
23 0.06565068453264389 0.9831333333333333
24 0.06343355326494302 0.9839666666666667
25 0.06117389351923837 0.9844833333333334
26 0.059229457460995165 0.9850666666666666
27 0.05715556703468185 0.9854333333333334
28 0.055279948285965524 0.9862833333333333
29 0.05361360341493191 0.9868166666666667
30 0.051981234801873596 0.9871666666666666
31 0.05036181644367765 0.9875833333333334
32 0.048846176269450294 0.9880666666666666
33 0.047343320586581604 0.9885
34 0.04606074002434386 0.98885
35 0.044586359717841466 0.9893
36 0.043413065975583566 0.99005
37 0.04213709392741736 0.9904666666666667
38 0.04101659101185832 0.9905833333333334
39 0.03993702593491848 0.9907333333333334
40 0.038807984975688874 0.9913333333333333
41 0.037840974314618844 0.99155
42 0.03681583147940796 0.99215
43 0.03589234692948078 0.9923833333333333
44 0.0349115627045348 0.9925666666666667
45 0.03396557145384647 0.9929166666666667
46 0.03322740944463815 0.9930666666666667
47 0.0323546529828962 0.9934833333333334
48 0.03160613609243558 0.9936833333333334
49 0.030822718226070852 0.9939166666666667
50 0.03005719739498932 0.99425
51 0.029307274143896632 0.9945
52 0.02867768140239661 0.9944166666666666
53 0.02799765426796605 0.9946833333333334
54 0.027316185644766223 0.9950333333333333
55 0.026706417317567732 0.9951166666666666
56 0.026114579341781418 0.9952833333333333
57 0.025461503133765544 0.9954666666666667
58 0.024919462974058157 0.9957666666666667
59 0.024357342556404916 0.99605
60 0.023878111988544337 0.9960833333333333
61 0.02332963849971893 0.9962
62 0.02282211146772162 0.9963833333333333
63 0.022343498563318492 0.9964
64 0.021909800341237646 0.99655
65 0.021441195008239704 0.9967666666666667
66 0.020951651352475575 0.99695
67 0.020566982664922472 0.9970333333333333
68 0.020149495138891978 0.9971333333333333
69 0.019704853216293398 0.9972666666666666
70 0.019305417195026046 0.9974
71 0.018948022714023714 0.9973333333333333
72 0.018553889282087465 0.9976
73 0.018244769652562737 0.9975833333333334
74 0.017802861049525075 0.99785
75 0.01751027293781291 0.99775
76 0.017160014521433856 0.9979666666666667
77 0.016873755545389137 0.9979166666666667
78 0.016514839728110665 0.9981166666666667
79 0.016230686441627836 0.9980666666666667
80 0.01591573021650664 0.9981666666666666
81 0.015622352741396566 0.99835
82 0.015354076744432546 0.9984166666666666
83 0.015071984286159912 0.9983833333333333
84 0.014826277938625737 0.9985833333333334
85 0.014558296019175668 0.9985833333333334
86 0.014310017613364435 0.9985833333333334
87 0.014055808670501083 0.9986833333333334
88 0.013815681527017244 0.99875
89 0.013579378440193753 0.9987666666666667
90 0.013363575584678126 0.9988833333333333
91 0.013139666194147838 0.9988666666666667
92 0.012918775318873558 0.9990333333333333
93 0.012696054268147804 0.99895
94 0.012486028353443373 0.9990666666666667
95 0.012282934454855506 0.9991333333333333
96 0.012097165831473909 0.9991333333333333
97 0.011898174665487015 0.9992333333333333
98 0.011739788917518819 0.9992666666666666
99 0.011520857096159224 0.99925
100 0.01134599329008143 0.9993333333333333
101 0.011197396145978653 0.9993666666666666
102 0.011016876802646689 0.9993333333333333
103 0.010849636862241128 0.9994
104 0.010697390946712512 0.9994166666666666
105 0.010536309717886293 0.9994333333333333
106 0.01038117099976314 0.9995166666666667
107 0.010228898186586115 0.9995333333333334
108 0.010072467251936956 0.9994833333333333
109 0.009931435316318531 0.9995166666666667
110 0.009788944761254895 0.9995666666666667
111 0.009660246105356289 0.9996
112 0.00952975887349491 0.9995666666666667
113 0.009389384219776403 0.9995666666666667
114 0.009255047936711325 0.9996
115 0.009132393811549396 0.9996166666666667
116 0.009015838284222191 0.9996166666666667
117 0.008871595568355244 0.99965
118 0.008775411736664933 0.9996333333333334
119 0.008647873159200112 0.99965
120 0.00853568251117635 0.99965
121 0.008431650907186462 0.9997
122 0.008315087886336548 0.9996833333333334
123 0.00821386094935842 0.9997166666666667
124 0.008097189553042275 0.9997333333333334
125 0.008000907847342063 0.9997166666666667
126 0.007920837039495312 0.9997333333333334
127 0.007805602493703858 0.9997333333333334
128 0.0077179784599596315 0.9997166666666667
129 0.007623418908951475 0.9997333333333334
130 0.007532089318174607 0.9997666666666667
131 0.007442337787970265 0.9997666666666667
132 0.007350524462737652 0.99975
133 0.007256060489949816 0.9997833333333334
134 0.00717694902800516 0.9997833333333334
135 0.007090345499411559 0.9998
136 0.007018469205535233 0.9998
137 0.006932147168196928 0.9998166666666667
138 0.006849822574861046 0.9998333333333334
139 0.006773983537684133 0.9998166666666667
140 0.006695147736548091 0.9998333333333334
141 0.0066220420976179336 0.9998333333333334
142 0.006548777854602251 0.99985
143 0.006474898182360063 0.99985
144 0.006404619554488628 0.99985
145 0.006328562762576348 0.99985
146 0.0062748264659867325 0.9998666666666667
147 0.0061962543979291115 0.9998666666666667
148 0.006131155699092362 0.9998333333333334
149 0.006074367756041875 0.9998833333333333
150 0.006003817941036337 0.9998833333333333
151 0.005946727473286789 0.9998833333333333
152 0.005888380896377522 0.9998833333333333
153 0.005814517517067762 0.9999166666666667
154 0.005770946021324822 0.9999
155 0.00570017742717873 0.9999166666666667
156 0.0056487914161887694 0.9999333333333333
157 0.0055882008153019845 0.99995
158 0.005535596003408419 0.9999
159 0.005488123169599741 0.9999
160 0.005427132934150197 0.9999333333333333
161 0.005375414816061976 0.9999
162 0.005325662172727112 0.99995
163 0.005269132715874294 0.99995
164 0.0052239227578786615 0.99995
165 0.005173142987744275 0.99995
166 0.005129528704778488 0.99995
167 0.005077529843570962 0.9999333333333333
168 0.005029443229215025 0.9999666666666667
169 0.004983495402612539 0.9999333333333333
170 0.004943334268404048 0.9999666666666667
171 0.004897634543454659 0.99995
172 0.004847901416689292 0.99995
173 0.004806628423447071 0.9999666666666667
174 0.004765468759527767 0.9999666666666667
175 0.004722842411485626 0.9999666666666667
176 0.00467934875018291 0.9999666666666667
177 0.004644111524756029 0.9999666666666667
178 0.004598873568627276 0.9999666666666667
179 0.0045634949222894145 0.9999666666666667
180 0.00452203744600938 0.9999666666666667
181 0.004482547961064239 0.9999666666666667
182 0.004447379782706547 0.9999833333333333
183 0.004409400561550406 0.9999833333333333
184 0.004369031546313736 0.9999833333333333
185 0.004335417698419441 0.9999666666666667
186 0.004298450173695943 0.9999833333333333
187 0.004259725577875114 0.9999666666666667
188 0.0042279893060776785 0.9999833333333333
189 0.004197283547177021 0.9999833333333333
190 0.004168207839087668 0.9999833333333333
191 0.004128772354345204 1.0
192 0.004095479604854647 0.9999833333333333
193 0.004070660764493469 1.0
194 0.004036307434436243 0.9999833333333333
195 0.00400031654862687 1.0
196 0.003970342558195024 0.9999833333333333
197 0.0039391550563101065 0.9999833333333333
198 0.003910562148002951 1.0
199 0.0038789438108838142 0.9999833333333333
200 0.003854768150778952 1.0
201 0.0038200837462199237 0.9999833333333333
202 0.00379452974459073 1.0
203 0.0037668644819708504 1.0
204 0.003738831569339389 1.0
205 0.0037099555785606885 1.0
206 0.003679760135779741 1.0
207 0.003658972550004816 1.0
208 0.0036323539897062775 1.0
209 0.003606474884266435 1.0
210 0.003576913857951697 1.0
211 0.0035538201694186133 1.0
212 0.003530440771746745 1.0
213 0.0035036377020990416 1.0
214 0.0034807421760246365 1.0
215 0.003452225483264893 1.0
216 0.0034313682764113298 1.0
217 0.0034056721470638444 1.0
218 0.003387886848646218 1.0
219 0.0033611967424447063 1.0
220 0.003339965976695262 1.0
221 0.003311642834833309 1.0
222 0.00329526491537154 1.0
223 0.0032720177068011657 1.0
224 0.0032475425352676036 1.0
225 0.0032295822242854725 1.0
226 0.003204456487569267 1.0
227 0.003182803411463669 1.0
228 0.0031679642682364865 1.0
229 0.0031460765245328866 1.0
230 0.0031257821637928596 1.0
231 0.0031074533411023664 1.0
232 0.0030874532277830866 1.0
233 0.003066974593999623 1.0
234 0.0030452977480696464 1.0
235 0.003028239616612866 1.0
236 0.0030112858612968054 1.0
237 0.0029909919036665497 1.0
238 0.002969102530768995 1.0
239 0.00295508790538827 1.0
240 0.0029360517494078637 1.0
241 0.002917131809304272 1.0
242 0.002903151791046328 1.0
243 0.0028841709981221697 1.0
244 0.0028658256615831782 1.0
245 0.0028475150504439417 1.0
246 0.002832403127377086 1.0
247 0.0028167866001120095 1.0
248 0.002799540108292183 1.0
249 0.002780359906967539 1.0
250 0.0027670509603643007 1.0
251 0.0027466345300301235 1.0
252 0.002731638262296584 1.0
253 0.0027165656428047415 1.0
254 0.002701875569645379 1.0
255 0.002687272812321242 1.0
256 0.002671463626262142 1.0
257 0.0026558235400358336 1.0
258 0.00264317703670137 1.0
259 0.0026274983524662582 1.0
260 0.0026129480968388333 1.0
261 0.002599047199546941 1.0
262 0.0025830503733980576 1.0
263 0.002568874052099721 1.0
264 0.0025551067842696823 1.0
265 0.002540466134130621 1.0
266 0.002528751914976224 1.0
267 0.0025132023869628415 1.0
268 0.0025007301118167274 1.0
269 0.002486449597688364 1.0
270 0.002474033043904504 1.0
271 0.002460687822634493 1.0
272 0.0024472804612734283 1.0
273 0.002433046175445964 1.0
274 0.002421000085002594 1.0
275 0.002409999367288514 1.0
276 0.002397689593534893 1.0
277 0.002384427046876893 1.0
278 0.0023706648395762147 1.0
279 0.0023593055240105965 1.0
280 0.002346893661776617 1.0
281 0.0023358875837451074 1.0
282 0.002323507036674204 1.0
283 0.0023125345561914503 1.0
284 0.0022982727435391656 1.0
285 0.002287908643012497 1.0
286 0.002277347584205892 1.0
287 0.0022670053433863197 1.0
288 0.002254669577243732 1.0
289 0.002243236252188639 1.0
290 0.0022333303253218007 1.0
291 0.0022225653441664554 1.0
292 0.002211479270440548 1.0
293 0.0022000246626664517 1.0
294 0.002190534845240283 1.0
295 0.002179498696001743 1.0
296 0.0021670620428271164 1.0
297 0.0021576595268393956 1.0
298 0.0021476073649529218 1.0
299 0.002137604739337262 1.0
300 0.002127594050471244 1.0
9999 0.0021011969074606895 1.0
