1 0 2.578028917312622
1 80 0.5018113851547241
1 160 0.42916345596313477
1 240 0.396609365940094
1 320 0.36362066864967346
1 400 0.28273147344589233
2 0 0.28370651602745056
2 80 0.3129105865955353
2 160 0.24862682819366455
2 240 0.3251597285270691
2 320 0.19286896288394928
2 400 0.23221780359745026
3 0 0.2414899319410324
3 80 0.21265959739685059
3 160 0.16298557817935944
3 240 0.2972768247127533
3 320 0.2955544590950012
3 400 0.13957513868808746
4 0 0.2220877707004547
4 80 0.29225748777389526
4 160 0.15768449008464813
4 240 0.17883765697479248
4 320 0.19205772876739502
4 400 0.1505594104528427
5 0 0.1898857206106186
5 80 0.19263453781604767
5 160 0.157903254032135
5 240 0.09036324173212051
5 320 0.14178107678890228
5 400 0.2452600598335266
6 0 0.18813537061214447
6 80 0.19422268867492676
6 160 0.20120933651924133
6 240 0.1809605062007904
6 320 0.16380931437015533
6 400 0.1922631412744522
7 0 0.1462094783782959
7 80 0.0760703831911087
7 160 0.12819363176822662
7 240 0.13118554651737213
7 320 0.08826977759599686
7 400 0.08584245294332504
8 0 0.10970240831375122
8 80 0.1127946525812149
8 160 0.16025084257125854
8 240 0.14684367179870605
8 320 0.15250259637832642
8 400 0.15871348977088928
9 0 0.1671169549226761
9 80 0.1645946204662323
9 160 0.21937352418899536
9 240 0.10981769859790802
9 320 0.07183481007814407
9 400 0.18488729000091553
10 0 0.13008177280426025
10 80 0.11389850825071335
10 160 0.1148180365562439
10 240 0.1860731542110443
10 320 0.1495099514722824
10 400 0.17984391748905182
11 0 0.13777069747447968
11 80 0.06699392944574356
11 160 0.16377247869968414
11 240 0.06796389818191528
11 320 0.1219303086400032
11 400 0.13644415140151978
12 0 0.10662803053855896
12 80 0.06437113136053085
12 160 0.08756161481142044
12 240 0.19876694679260254
12 320 0.06062467768788338
12 400 0.10136518627405167
13 0 0.04888707771897316
13 80 0.046110108494758606
13 160 0.0692320391535759
13 240 0.07265087962150574
13 320 0.11680775880813599
13 400 0.06652402877807617
14 0 0.07842449843883514
14 80 0.08925074338912964
14 160 0.12809613347053528
14 240 0.03992840647697449
14 320 0.06806281954050064
14 400 0.07368914783000946
15 0 0.1425342559814453
15 80 0.13826611638069153
15 160 0.11839637160301208
15 240 0.11741741746664047
15 320 0.11666876822710037
15 400 0.08415696024894714
16 0 0.10918329656124115
16 80 0.07002133131027222
16 160 0.08445537090301514
16 240 0.06987503916025162
16 320 0.1754903346300125
16 400 0.06500685214996338
17 0 0.12818393111228943
17 80 0.05511528253555298
17 160 0.045110490173101425
17 240 0.07211843132972717
17 320 0.0732874944806099
17 400 0.025626149028539658
18 0 0.020900901407003403
18 80 0.09946367889642715
18 160 0.07602501660585403
18 240 0.034510932862758636
18 320 0.12809962034225464
18 400 0.17110002040863037
19 0 0.09938570111989975
19 80 0.09333689510822296
19 160 0.04546460881829262
19 240 0.0889415517449379
19 320 0.07190382480621338
19 400 0.06652669608592987
20 0 0.05456855893135071
20 80 0.054916344583034515
20 160 0.06059287115931511
20 240 0.09660513699054718
20 320 0.030007721856236458
20 400 0.1334366500377655
21 0 0.07413902878761292
21 80 0.06539466977119446
21 160 0.05006852000951767
21 240 0.05249029025435448
21 320 0.06965289264917374
21 400 0.06776485592126846
22 0 0.1091763973236084
22 80 0.1541227400302887
22 160 0.11718941479921341
22 240 0.05043524503707886
22 320 0.10504718124866486
22 400 0.08071161061525345
23 0 0.11296366155147552
23 80 0.06626097857952118
23 160 0.08448715507984161
23 240 0.09534081816673279
23 320 0.06221577525138855
23 400 0.055845800787210464
24 0 0.06518008559942245
24 80 0.09026877582073212
24 160 0.036736831068992615
24 240 0.04833701252937317
24 320 0.04453543573617935
24 400 0.08591528981924057
25 0 0.08922414481639862
25 80 0.04035590589046478
25 160 0.03076484240591526
25 240 0.10481978207826614
25 320 0.05359281972050667
25 400 0.05400549992918968
26 0 0.07723002880811691
26 80 0.07019656151533127
26 160 0.0641537457704544
26 240 0.08778242021799088
26 320 0.09709828346967697
26 400 0.1158575564622879
27 0 0.06625659763813019
27 80 0.12107027322053909
27 160 0.07052578777074814
27 240 0.030142568051815033
27 320 0.02030477114021778
27 400 0.08347024768590927
28 0 0.040003079921007156
28 80 0.0567815788090229
28 160 0.06264607608318329
28 240 0.016825759783387184
28 320 0.05727364495396614
28 400 0.05116690322756767
29 0 0.04439695179462433
29 80 0.06209765002131462
29 160 0.068045973777771
29 240 0.06117439270019531
29 320 0.050712984055280685
29 400 0.03878548741340637
30 0 0.029916156083345413
30 80 0.09782283753156662
30 160 0.024668967351317406
30 240 0.026408670470118523
30 320 0.032013047486543655
30 400 0.021971605718135834
31 0 0.016520515084266663
31 80 0.05188167840242386
31 160 0.05051979050040245
31 240 0.06190157309174538
31 320 0.05471609905362129
31 400 0.07207804173231125
32 0 0.030968081206083298
32 80 0.06496156752109528
32 160 0.06403329968452454
32 240 0.043404314666986465
32 320 0.04554352909326553
32 400 0.06402820348739624
33 0 0.031273651868104935
33 80 0.026931941509246826
33 160 0.023618018254637718
33 240 0.03109305538237095
33 320 0.036261819303035736
33 400 0.042450856417417526
34 0 0.06955971568822861
34 80 0.05260556936264038
34 160 0.09813550114631653
34 240 0.020182132720947266
34 320 0.032412800937891006
34 400 0.023998567834496498
35 0 0.04166245087981224
35 80 0.04586343467235565
35 160 0.03621385619044304
35 240 0.041121482849121094
35 320 0.0470423586666584
35 400 0.03345053270459175
36 0 0.09273548424243927
36 80 0.02931441180408001
36 160 0.03821959346532822
36 240 0.06065775826573372
36 320 0.015163011848926544
36 400 0.02744170092046261
37 0 0.039267316460609436
37 80 0.01962883211672306
37 160 0.11512099206447601
37 240 0.016797199845314026
37 320 0.04364974424242973
37 400 0.04107092320919037
38 0 0.029451798647642136
38 80 0.032917093485593796
38 160 0.053131744265556335
38 240 0.05651406571269035
38 320 0.03819951042532921
38 400 0.04661308228969574
39 0 0.01731164939701557
39 80 0.041028305888175964
39 160 0.03639476001262665
39 240 0.0352591834962368
39 320 0.06071581691503525
39 400 0.048844221979379654
40 0 0.032658178359270096
40 80 0.03360031917691231
40 160 0.05348506569862366
40 240 0.026645641773939133
40 320 0.04106889292597771
40 400 0.02909165620803833
41 0 0.04189101234078407
41 80 0.0342567041516304
41 160 0.016165288165211678
41 240 0.04385962337255478
41 320 0.04772293567657471
41 400 0.031789734959602356
42 0 0.020664675161242485
42 80 0.04614020511507988
42 160 0.022696075960993767
42 240 0.026434697210788727
42 320 0.029333434998989105
42 400 0.03944157063961029
43 0 0.045849189162254333
43 80 0.03541767969727516
43 160 0.029133766889572144
43 240 0.07519848644733429
43 320 0.033675502985715866
43 400 0.04405112937092781
44 0 0.026416173204779625
44 80 0.05070474371314049
44 160 0.017262961715459824
44 240 0.02176959626376629
44 320 0.020516136661171913
44 400 0.031147953122854233
45 0 0.014425485394895077
45 80 0.0359613373875618
45 160 0.06014534831047058
45 240 0.013587845489382744
45 320 0.015300235711038113
45 400 0.05107809975743294
46 0 0.02045055478811264
46 80 0.027391185984015465
46 160 0.05924762040376663
46 240 0.03534174710512161
46 320 0.02783442847430706
46 400 0.05725468322634697
47 0 0.01221038494259119
47 80 0.01631430722773075
47 160 0.02773173525929451
47 240 0.030165616422891617
47 320 0.01983865350484848
47 400 0.03641017526388168
48 0 0.05569523572921753
48 80 0.014322233386337757
48 160 0.015471475198864937
48 240 0.07483693212270737
48 320 0.03274000436067581
48 400 0.03498690202832222
49 0 0.028192274272441864
49 80 0.012773219496011734
49 160 0.03006119839847088
49 240 0.015071581117808819
49 320 0.041300199925899506
49 400 0.05943412333726883
50 0 0.04210609570145607
50 80 0.012740676291286945
50 160 0.00970726553350687
50 240 0.016621291637420654
50 320 0.016105378046631813
50 400 0.028383728116750717
51 0 0.02587643638253212
51 80 0.01634404808282852
51 160 0.030010482296347618
51 240 0.0321829579770565
51 320 0.0208209827542305
51 400 0.033327553421258926
52 0 0.025701742619276047
52 80 0.05737769231200218
52 160 0.02175123244524002
52 240 0.02378058061003685
52 320 0.012783125974237919
52 400 0.01196178700774908
53 0 0.03558390960097313
53 80 0.023777177557349205
53 160 0.022761395201086998
53 240 0.008801959455013275
53 320 0.023146914318203926
53 400 0.013711945153772831
54 0 0.020804988220334053
54 80 0.05615634471178055
54 160 0.0238370168954134
54 240 0.018821969628334045
54 320 0.017568305134773254
54 400 0.013635797426104546
55 0 0.028029505163431168
55 80 0.029882483184337616
55 160 0.05112004280090332
55 240 0.027373624965548515
55 320 0.07066404819488525
55 400 0.01792261190712452
56 0 0.017643112689256668
56 80 0.014644051901996136
56 160 0.02195362001657486
56 240 0.02703869715332985
56 320 0.022080769762396812
56 400 0.03101842850446701
57 0 0.04249247536063194
57 80 0.027089765295386314
57 160 0.01690927892923355
57 240 0.047830138355493546
57 320 0.02201019413769245
57 400 0.043183352798223495
58 0 0.03760206699371338
58 80 0.03711697459220886
58 160 0.0060932752676308155
58 240 0.02041975036263466
58 320 0.013798362575471401
58 400 0.012478748336434364
59 0 0.023933177813887596
59 80 0.03007417917251587
59 160 0.017071465030312538
59 240 0.022410891950130463
59 320 0.03530488535761833
59 400 0.019611019641160965
60 0 0.039457425475120544
60 80 0.01123361848294735
60 160 0.020634837448596954
60 240 0.017818855121731758
60 320 0.030773043632507324
60 400 0.017745209857821465
61 0 0.012671309523284435
61 80 0.03483356162905693
61 160 0.02374832145869732
61 240 0.011346700601279736
61 320 0.02469407208263874
61 400 0.018895402550697327
62 0 0.01103595457971096
62 80 0.03127952665090561
62 160 0.02461973764002323
62 240 0.019978778436779976
62 320 0.023905538022518158
62 400 0.017352893948554993
63 0 0.01134892925620079
63 80 0.028123581781983376
63 160 0.009296558797359467
63 240 0.017261745408177376
63 320 0.0152011439204216
63 400 0.010519670322537422
64 0 0.020746802911162376
64 80 0.028661061078310013
64 160 0.022797569632530212
64 240 0.00994725152850151
64 320 0.023321304470300674
64 400 0.02056640014052391
65 0 0.030870940536260605
65 80 0.053642623126506805
65 160 0.03206267207860947
65 240 0.050170280039310455
65 320 0.031124575063586235
65 400 0.029934082180261612
66 0 0.030341461300849915
66 80 0.018763059750199318
66 160 0.023629704490303993
66 240 0.01688500866293907
66 320 0.042629729956388474
66 400 0.02446277253329754
67 0 0.017821185290813446
67 80 0.013597190380096436
67 160 0.015130400657653809
67 240 0.008619644679129124
67 320 0.031942497938871384
67 400 0.052599161863327026
68 0 0.009306404739618301
68 80 0.009092156775295734
68 160 0.019366299733519554
68 240 0.008233859203755856
68 320 0.00807543657720089
68 400 0.006886630784720182
69 0 0.017406584694981575
69 80 0.013824562542140484
69 160 0.011913608759641647
69 240 0.032203253358602524
69 320 0.010255415923893452
69 400 0.010902469977736473
70 0 0.013840453699231148
70 80 0.012572177685797215
70 160 0.019931087270379066
70 240 0.007556169759482145
70 320 0.016143640503287315
70 400 0.015253850258886814
71 0 0.018425388261675835
71 80 0.013301641680300236
71 160 0.013010364025831223
71 240 0.02024778164923191
71 320 0.007301894947886467
71 400 0.02388691157102585
72 0 0.013749079778790474
72 80 0.02031291089951992
72 160 0.02255660854279995
72 240 0.01651870831847191
72 320 0.006156604737043381
72 400 0.015561183914542198
73 0 0.017817558720707893
73 80 0.028393059968948364
73 160 0.012101205065846443
73 240 0.013820013962686062
73 320 0.015749560669064522
73 400 0.027563128620386124
74 0 0.017350874841213226
74 80 0.021997498348355293
74 160 0.008863604627549648
74 240 0.017684033140540123
74 320 0.013850494287908077
74 400 0.010592609643936157
75 0 0.014717832207679749
75 80 0.031874675303697586
75 160 0.031803328543901443
75 240 0.01030445285141468
75 320 0.01682283915579319
75 400 0.02503381483256817
76 0 0.01931643672287464
76 80 0.017402637749910355
76 160 0.02359876036643982
76 240 0.010662218555808067
76 320 0.015680357813835144
76 400 0.010573692619800568
77 0 0.014985443092882633
77 80 0.016847725957632065
77 160 0.032527364790439606
77 240 0.018730947747826576
77 320 0.01639963500201702
77 400 0.01464923471212387
78 0 0.008510533720254898
78 80 0.02021046169102192
78 160 0.02826213277876377
78 240 0.026401331648230553
78 320 0.024865327402949333
78 400 0.011664017103612423
79 0 0.012707925401628017
79 80 0.014238315634429455
79 160 0.024983400478959084
79 240 0.013486681506037712
79 320 0.01777854934334755
79 400 0.006560368929058313
80 0 0.011372145265340805
80 80 0.007092121057212353
80 160 0.031432200223207474
80 240 0.01068919152021408
80 320 0.021737845614552498
80 400 0.00576287554576993
81 0 0.014164863154292107
81 80 0.006830877158790827
81 160 0.01506846398115158
81 240 0.014662828296422958
81 320 0.008731906302273273
81 400 0.024714695289731026
82 0 0.006361430510878563
82 80 0.014980577863752842
82 160 0.013100782409310341
82 240 0.0134403295814991
82 320 0.019436083734035492
82 400 0.011344818398356438
83 0 0.016189955174922943
83 80 0.00929152313619852
83 160 0.007448465097695589
83 240 0.007405147422105074
83 320 0.013467052951455116
83 400 0.018714284524321556
84 0 0.009223277680575848
84 80 0.02050389163196087
84 160 0.020346494391560555
84 240 0.023443523794412613
84 320 0.0172568429261446
84 400 0.015007550828158855
85 0 0.01015955489128828
85 80 0.00916089117527008
85 160 0.01089587900787592
85 240 0.010213429108262062
85 320 0.014276671223342419
85 400 0.009239580482244492
86 0 0.08325397968292236
86 80 0.009445350617170334
86 160 0.027173565700650215
86 240 0.005124001298099756
86 320 0.00905558466911316
86 400 0.04140397161245346
87 0 0.014305750839412212
87 80 0.015587606467306614
87 160 0.005380334332585335
87 240 0.008667424321174622
87 320 0.023973066359758377
87 400 0.01206163875758648
88 0 0.016582176089286804
88 80 0.00944450218230486
88 160 0.014098531566560268
88 240 0.014294234104454517
88 320 0.011977131478488445
88 400 0.009229795075953007
89 0 0.019204195588827133
89 80 0.015417243354022503
89 160 0.009614255279302597
89 240 0.013631267473101616
89 320 0.006713534239679575
89 400 0.012107804417610168
90 0 0.004146979656070471
90 80 0.010170754045248032
90 160 0.00861252099275589
90 240 0.014840574935078621
90 320 0.012831708416342735
90 400 0.016341648995876312
91 0 0.013185675255954266
91 80 0.020887460559606552
91 160 0.010519149713218212
91 240 0.013620985671877861
91 320 0.010310621000826359
91 400 0.01600378379225731
92 0 0.010474812239408493
92 80 0.0061007775366306305
92 160 0.011441648937761784
92 240 0.0174797922372818
92 320 0.0078921839594841
92 400 0.01368580013513565
93 0 0.013780690729618073
93 80 0.007702564354985952
93 160 0.01649111695587635
93 240 0.010432417504489422
93 320 0.02549787424504757
93 400 0.01583796553313732
94 0 0.009067285805940628
94 80 0.009075340814888477
94 160 0.012487674131989479
94 240 0.014516204595565796
94 320 0.0149602135643363
94 400 0.016892412677407265
95 0 0.01109028235077858
95 80 0.0118493577465415
95 160 0.006024391856044531
95 240 0.006056479178369045
95 320 0.018388263881206512
95 400 0.009841102175414562
96 0 0.014418480917811394
96 80 0.04390828311443329
96 160 0.010874198749661446
96 240 0.013083318248391151
96 320 0.013264082372188568
96 400 0.018023887649178505
97 0 0.02000207081437111
97 80 0.014628858305513859
97 160 0.013092750683426857
97 240 0.015016558580100536
97 320 0.008185851387679577
97 400 0.004939437378197908
98 0 0.011175583116710186
98 80 0.010946047492325306
98 160 0.004700690042227507
98 240 0.0343712642788887
98 320 0.009101561270654202
98 400 0.011551973409950733
99 0 0.010652712546288967
99 80 0.013143552467226982
99 160 0.008006053045392036
99 240 0.0037833184469491243
99 320 0.006607921794056892
99 400 0.0076436554081737995
100 0 0.00766467209905386
100 80 0.01297987625002861
100 160 0.01191068347543478
100 240 0.023165138438344002
100 320 0.012258459813892841
100 400 0.010538526810705662
101 0 0.00534093426540494
101 80 0.003497734200209379
101 160 0.014302187599241734
101 240 0.011975621804594994
101 320 0.008858012035489082
101 400 0.012726547196507454
102 0 0.008568843826651573
102 80 0.02425323985517025
102 160 0.005046506877988577
102 240 0.012144393287599087
102 320 0.018654581159353256
102 400 0.007667346857488155
103 0 0.015602358616888523
103 80 0.006918886210769415
103 160 0.010577095672488213
103 240 0.007658540736883879
103 320 0.019464977085590363
103 400 0.010368353687226772
104 0 0.01186664029955864
104 80 0.01269356906414032
104 160 0.008528544567525387
104 240 0.006058830302208662
104 320 0.011072952300310135
104 400 0.005900089163333178
105 0 0.01618204638361931
105 80 0.00559663400053978
105 160 0.007763798348605633
105 240 0.010770087130367756
105 320 0.015646805986762047
105 400 0.010599469766020775
106 0 0.011456280946731567
106 80 0.007123766932636499
106 160 0.010046642273664474
106 240 0.01440170407295227
106 320 0.0057893493212759495
106 400 0.008308544754981995
107 0 0.010966552421450615
107 80 0.01210893876850605
107 160 0.010759604163467884
107 240 0.008167319931089878
107 320 0.011225061491131783
107 400 0.0037109015975147486
108 0 0.009132583625614643
108 80 0.008428326807916164
108 160 0.00732901506125927
108 240 0.014288381673395634
108 320 0.018548520281910896
108 400 0.016257839277386665
109 0 0.006806779187172651
109 80 0.00861938763409853
109 160 0.014828712679445744
109 240 0.007335752248764038
109 320 0.0070583107881248
109 400 0.016664814203977585
110 0 0.005883162375539541
110 80 0.012086901813745499
110 160 0.009700184687972069
110 240 0.0034799084533005953
110 320 0.01420939527451992
110 400 0.009119072929024696
111 0 0.009175799787044525
111 80 0.011387525126338005
111 160 0.007746085990220308
111 240 0.011397087946534157
111 320 0.006372059695422649
111 400 0.004840820096433163
112 0 0.005398377310484648
112 80 0.009306026622653008
112 160 0.010710906237363815
112 240 0.011855038814246655
112 320 0.014863792806863785
112 400 0.0177098847925663
113 0 0.00645463028922677
113 80 0.012646233662962914
113 160 0.007219179533421993
113 240 0.007660790346562862
113 320 0.008432241156697273
113 400 0.008548620156943798
114 0 0.008842877112329006
114 80 0.014683238230645657
114 160 0.005606397055089474
114 240 0.011036649346351624
114 320 0.005744415335357189
114 400 0.010208203457295895
115 0 0.006164081860333681
115 80 0.006357984151691198
115 160 0.007944056764245033
115 240 0.007854374125599861
115 320 0.008927556686103344
115 400 0.014852626249194145
116 0 0.009820004925131798
116 80 0.0051288362592458725
116 160 0.01057414710521698
116 240 0.011784411035478115
116 320 0.009611316956579685
116 400 0.0073727876879274845
117 0 0.005676207598298788
117 80 0.004912727512419224
117 160 0.004923396278172731
117 240 0.007511364761739969
117 320 0.006795177236199379
117 400 0.0038590601179748774
118 0 0.00828126072883606
118 80 0.004630282521247864
118 160 0.00743279792368412
118 240 0.007160947658121586
118 320 0.005340978037565947
118 400 0.005783262196928263
119 0 0.005823502317070961
119 80 0.010382565669715405
119 160 0.015087544918060303
119 240 0.008862295188009739
119 320 0.011812422424554825
119 400 0.006379436701536179
120 0 0.010061845183372498
120 80 0.005612221080809832
120 160 0.005756440572440624
120 240 0.009093405678868294
120 320 0.008977879770100117
120 400 0.007321542128920555
121 0 0.006909120362251997
121 80 0.007795604411512613
121 160 0.011961603537201881
121 240 0.011223693378269672
121 320 0.0036696158349514008
121 400 0.007038270588964224
122 0 0.010725457221269608
122 80 0.016949700191617012
122 160 0.008006161078810692
122 240 0.011458290740847588
122 320 0.014931936748325825
122 400 0.011715354397892952
123 0 0.010812423191964626
123 80 0.011692262254655361
123 160 0.005389049649238586
123 240 0.005470107309520245
123 320 0.010002906434237957
123 400 0.007891553454101086
124 0 0.00756426015868783
124 80 0.008970494382083416
124 160 0.00552397919818759
124 240 0.0044743879698216915
124 320 0.0097812470048666
124 400 0.004509144928306341
125 0 0.004326960537582636
125 80 0.007164019159972668
125 160 0.007773023564368486
125 240 0.008934860117733479
125 320 0.005773273296654224
125 400 0.009071863256394863
126 0 0.009700852446258068
126 80 0.00775860995054245
126 160 0.004042129963636398
126 240 0.009795819409191608
126 320 0.00945428479462862
126 400 0.007618000730872154
127 0 0.006517312023788691
127 80 0.005631896201521158
127 160 0.008301549591124058
127 240 0.009733657352626324
127 320 0.010796680115163326
127 400 0.01623065024614334
128 0 0.010459097102284431
128 80 0.005373379215598106
128 160 0.005434178747236729
128 240 0.012486066669225693
128 320 0.007587130647152662
128 400 0.006493865046650171
129 0 0.009601540863513947
129 80 0.0037469735834747553
129 160 0.0050233518704771996
129 240 0.002813924103975296
129 320 0.008557365275919437
129 400 0.008068613708019257
130 0 0.0040606483817100525
130 80 0.007446729112416506
130 160 0.004181661177426577
130 240 0.007765384390950203
130 320 0.00719437887892127
130 400 0.006176003720611334
131 0 0.009769300930202007
131 80 0.008969813585281372
131 160 0.004327819682657719
131 240 0.00828464888036251
131 320 0.006950861308723688
131 400 0.00931976642459631
132 0 0.009558209218084812
132 80 0.007840879261493683
132 160 0.006320478860288858
132 240 0.005885153543204069
132 320 0.009071780368685722
132 400 0.01068243570625782
133 0 0.00835505686700344
133 80 0.002093205228447914
133 160 0.0085729556158185
133 240 0.008197830058634281
133 320 0.01037693116813898
133 400 0.01204313337802887
134 0 0.008460784330964088
134 80 0.004318218678236008
134 160 0.005198725964874029
134 240 0.00794290378689766
134 320 0.0034946738742291927
134 400 0.007869108580052853
135 0 0.012428677640855312
135 80 0.0027445631567388773
135 160 0.00603304710239172
135 240 0.005073349457234144
135 320 0.009124500676989555
135 400 0.006210441701114178
136 0 0.038046617060899734
136 80 0.006775242742151022
136 160 0.004103541374206543
136 240 0.00331145734526217
136 320 0.0059155747294425964
136 400 0.010146194137632847
137 0 0.006001464556902647
137 80 0.013556486926972866
137 160 0.007768834009766579
137 240 0.0047307088971138
137 320 0.007168569136410952
137 400 0.00276457192376256
138 0 0.00748922023922205
138 80 0.009535178542137146
138 160 0.009159259498119354
138 240 0.006703258026391268
138 320 0.0028297570534050465
138 400 0.010008979588747025
139 0 0.006705388426780701
139 80 0.007387776393443346
139 160 0.00458694389089942
139 240 0.0037303371354937553
139 320 0.005543975625187159
139 400 0.007781245745718479
140 0 0.004011840093880892
140 80 0.005890031345188618
140 160 0.00623333128169179
140 240 0.005585416220128536
140 320 0.0037160622887313366
140 400 0.005778533406555653
141 0 0.0123849306255579
141 80 0.004553074017167091
141 160 0.006234245374798775
141 240 0.002585458569228649
141 320 0.004335599951446056
141 400 0.00893382541835308
142 0 0.007513908203691244
142 80 0.003382607363164425
142 160 0.006537300534546375
142 240 0.0050032418221235275
142 320 0.003750821342691779
142 400 0.00424396526068449
143 0 0.0050486354157328606
143 80 0.008533983491361141
143 160 0.0048768711276352406
143 240 0.0088698985055089
143 320 0.007501899264752865
143 400 0.0028282504063099623
144 0 0.007446263916790485
144 80 0.006458632182329893
144 160 0.030061140656471252
144 240 0.01148620992898941
144 320 0.0046507325023412704
144 400 0.005240004975348711
145 0 0.0042445044964551926
145 80 0.007199595216661692
145 160 0.0040336064994335175
145 240 0.006409620866179466
145 320 0.003488293383270502
145 400 0.00595293240621686
146 0 0.005144243128597736
146 80 0.008152333088219166
146 160 0.0054178726859390736
146 240 0.007942525669932365
146 320 0.004086866043508053
146 400 0.0052612475119531155
147 0 0.00794084183871746
147 80 0.0027475636452436447
147 160 0.008358411490917206
147 240 0.003551018889993429
147 320 0.004913077689707279
147 400 0.0025997860357165337
148 0 0.006137784104794264
148 80 0.00391824496909976
148 160 0.003175094025209546
148 240 0.007122943177819252
148 320 0.002848242875188589
148 400 0.003189811948686838
149 0 0.0025348637718707323
149 80 0.006574803031980991
149 160 0.003542104968801141
149 240 0.0040711527690291405
149 320 0.006010816432535648
149 400 0.0028875248972326517
150 0 0.005421633832156658
150 80 0.004291071556508541
150 160 0.005068361293524504
150 240 0.00807939562946558
150 320 0.00339921354316175
150 400 0.006683537736535072
151 0 0.0038641372229903936
151 80 0.004136690404266119
151 160 0.006061007734388113
151 240 0.0074242339469492435
151 320 0.0043395208194851875
151 400 0.026391901075839996
152 0 0.006194452755153179
152 80 0.006305984687060118
152 160 0.006045471876859665
152 240 0.00242475513368845
152 320 0.008250235579907894
152 400 0.0027643460780382156
153 0 0.0018035477260127664
153 80 0.0077546811662614346
153 160 0.006269472651183605
153 240 0.0026494183111935854
153 320 0.006218113470822573
153 400 0.0033617352601140738
154 0 0.005116054322570562
154 80 0.00295177660882473
154 160 0.006778115872293711
154 240 0.0038910501170903444
154 320 0.0030932973604649305
154 400 0.006206350401043892
155 0 0.008605094626545906
155 80 0.008485320024192333
155 160 0.004200621973723173
155 240 0.008739704266190529
155 320 0.00862645823508501
155 400 0.007050277665257454
156 0 0.007659608963876963
156 80 0.011536013334989548
156 160 0.009261487983167171
156 240 0.0035132523626089096
156 320 0.002809074940159917
156 400 0.004044585395604372
157 0 0.006741371471434832
157 80 0.0023917672224342823
157 160 0.0036110326182097197
157 240 0.0050310674123466015
157 320 0.012119842693209648
157 400 0.005742169916629791
158 0 0.007822668179869652
158 80 0.00969940610229969
158 160 0.005042525473982096
158 240 0.006642553955316544
158 320 0.004727767314761877
158 400 0.006308427546173334
159 0 0.002655050251632929
159 80 0.004387801047414541
159 160 0.003119755070656538
159 240 0.004890502896159887
159 320 0.0035004436504095793
159 400 0.009080570191144943
160 0 0.009725105948746204
160 80 0.006041570100933313
160 160 0.0068855807185173035
160 240 0.006086793728172779
160 320 0.005107959732413292
160 400 0.00481728371232748
161 0 0.006251116748899221
161 80 0.0034562000073492527
161 160 0.0036883160937577486
161 240 0.00575665570795536
161 320 0.004426322877407074
161 400 0.0023140108678489923
162 0 0.004509503021836281
162 80 0.006358105223625898
162 160 0.0060776579193770885
162 240 0.003076940542086959
162 320 0.002372426213696599
162 400 0.0047003403306007385
163 0 0.00648530712351203
163 80 0.0042394292540848255
163 160 0.00227417447604239
163 240 0.007729769218713045
163 320 0.00443567568436265
163 400 0.004639763385057449
164 0 0.0013666775776073337
164 80 0.0025276150554418564
164 160 0.005475316662341356
164 240 0.004807176534086466
164 320 0.005686130374670029
164 400 0.0049230498261749744
165 0 0.008234774693846703
165 80 0.005095373373478651
165 160 0.004103920888155699
165 240 0.0038597520906478167
165 320 0.006232949905097485
165 400 0.0036399024538695812
166 0 0.0035857518669217825
166 80 0.002384834922850132
166 160 0.005455836653709412
166 240 0.004496312700212002
166 320 0.0017186205368489027
166 400 0.004876201972365379
167 0 0.003934319131076336
167 80 0.0044432408176362514
167 160 0.004781154915690422
167 240 0.004929961636662483
167 320 0.005993793718516827
167 400 0.007880248129367828
168 0 0.003999561537057161
168 80 0.005025491584092379
168 160 0.0021057436242699623
168 240 0.006529518403112888
168 320 0.006627722643315792
168 400 0.0035844810772687197
169 0 0.004446443170309067
169 80 0.007951119914650917
169 160 0.0030811538454145193
169 240 0.003620019182562828
169 320 0.004189245868474245
169 400 0.0022021220065653324
170 0 0.0037229841109365225
170 80 0.006342267617583275
170 160 0.0035395692102611065
170 240 0.008507132530212402
170 320 0.005501421168446541
170 400 0.0025351911317557096
171 0 0.003008407773450017
171 80 0.005212099757045507
171 160 0.002397889504209161
171 240 0.003849900094792247
171 320 0.0027590468525886536
171 400 0.00496537983417511
172 0 0.00392905855551362
172 80 0.0037269298918545246
172 160 0.005389544181525707
172 240 0.0038344396743923426
172 320 0.002437572693452239
172 400 0.005529141053557396
173 0 0.003780427621677518
173 80 0.0068236300721764565
173 160 0.005796840880066156
173 240 0.00555795943364501
173 320 0.005354595370590687
173 400 0.0031241667456924915
174 0 0.004345547407865524
174 80 0.0024225895758718252
174 160 0.003270199755206704
174 240 0.004117726348340511
174 320 0.004439180251210928
174 400 0.0031192859169095755
175 0 0.0032234981190413237
175 80 0.0018835876835510135
175 160 0.0042021265253424644
175 240 0.00580233708024025
175 320 0.003446082817390561
175 400 0.003952778875827789
176 0 0.0017970703775063157
176 80 0.0027790702879428864
176 160 0.004474902059882879
176 240 0.006905716843903065
176 320 0.004255291540175676
176 400 0.0047787572257220745
177 0 0.0041137877851724625
177 80 0.0027295846957713366
177 160 0.004421757534146309
177 240 0.0031097375322133303
177 320 0.004439392127096653
177 400 0.0029808783438056707
178 0 0.005843530874699354
178 80 0.0024391065817326307
178 160 0.002339825965464115
178 240 0.00527782691642642
178 320 0.005787421949207783
178 400 0.004994634538888931
179 0 0.004148924723267555
179 80 0.00579215819016099
179 160 0.009546061046421528
179 240 0.004735700320452452
179 320 0.0018738385988399386
179 400 0.0033034340012818575
180 0 0.0038770674727857113
180 80 0.0042601097375154495
180 160 0.005873533897101879
180 240 0.004363512620329857
180 320 0.006099372170865536
180 400 0.008608577772974968
181 0 0.006641981657594442
181 80 0.00609576515853405
181 160 0.00772055285051465
181 240 0.005582163110375404
181 320 0.002924478380009532
181 400 0.003639860777184367
182 0 0.006318409461528063
182 80 0.008261189796030521
182 160 0.0021148629020899534
182 240 0.0028397352434694767
182 320 0.0012527077924460173
182 400 0.00314224511384964
183 0 0.006039725150913
183 80 0.003508917521685362
183 160 0.003886154154315591
183 240 0.0036436717491596937
183 320 0.002874783705919981
183 400 0.004732928238809109
184 0 0.00271551008336246
184 80 0.007196705788373947
184 160 0.002088238950818777
184 240 0.01110468152910471
184 320 0.006720438599586487
184 400 0.003452439559623599
185 0 0.003093244507908821
185 80 0.0027132139075547457
185 160 0.003092832863330841
185 240 0.005411333404481411
185 320 0.0025159933138638735
185 400 0.003620121395215392
186 0 0.002076629316434264
186 80 0.007522544823586941
186 160 0.005585864186286926
186 240 0.0031037102453410625
186 320 0.005143222864717245
186 400 0.003258493961766362
187 0 0.0038155370857566595
187 80 0.0027517566923052073
187 160 0.004191971383988857
187 240 0.003551765810698271
187 320 0.0010912426514551044
187 400 0.0028404092881828547
188 0 0.003065827302634716
188 80 0.004977304022759199
188 160 0.002845357870683074
188 240 0.002954490715637803
188 320 0.0023729922249913216
188 400 0.003701555309817195
189 0 0.0037951429840177298
189 80 0.003977338783442974
189 160 0.002721198834478855
189 240 0.004668445326387882
189 320 0.0026024458929896355
189 400 0.0015945452032610774
190 0 0.001501341350376606
190 80 0.004401577170938253
190 160 0.0031303390860557556
190 240 0.006101383827626705
190 320 0.00403607077896595
190 400 0.0018921655137091875
191 0 0.003988069482147694
191 80 0.0037988487165421247
191 160 0.004475658293813467
191 240 0.0048050773330032825
191 320 0.002319359453395009
191 400 0.003338444512337446
192 0 0.004132894799113274
192 80 0.002162385731935501
192 160 0.003590733977034688
192 240 0.00931562390178442
192 320 0.0031803820747882128
192 400 0.002805821830406785
193 0 0.0038401219062507153
193 80 0.005172377452254295
193 160 0.0028981834184378386
193 240 0.003005128586664796
193 320 0.0013028051471337676
193 400 0.00287157972343266
194 0 0.008790355175733566
194 80 0.0015334730269387364
194 160 0.0022649746388196945
194 240 0.003338300157338381
194 320 0.0037788022309541702
194 400 0.0030832383781671524
195 0 0.0038932301104068756
195 80 0.0037159272469580173
195 160 0.0037424066103994846
195 240 0.0018932725070044398
195 320 0.003689860226586461
195 400 0.00401123333722353
196 0 0.00367768038995564
196 80 0.004309813026338816
196 160 0.0028704251162707806
196 240 0.0036761623341590166
196 320 0.004447400104254484
196 400 0.003251920221373439
197 0 0.0022736815735697746
197 80 0.003314889734610915
197 160 0.0055399490520358086
197 240 0.0031049998942762613
197 320 0.0024451157078146935
197 400 0.0028393168468028307
198 0 0.006419655866920948
198 80 0.0019526969408616424
198 160 0.004099924582988024
198 240 0.0013426333898678422
198 320 0.004916681442409754
198 400 0.0036606434732675552
199 0 0.0017242311732843518
199 80 0.0017557283863425255
199 160 0.0024012576323002577
199 240 0.0036739478819072247
199 320 0.004391227383166552
199 400 0.0038204893935471773
200 0 0.004097512923181057
200 80 0.002967532491311431
200 160 0.004189678467810154
200 240 0.0029412023723125458
200 320 0.004167822189629078
200 400 0.0023731915280222893
201 0 0.0071398052386939526
201 80 0.004528084769845009
201 160 0.003883492201566696
201 240 0.004868966992944479
201 320 0.00288974167779088
201 400 0.0032002758234739304
202 0 0.0037290833424776793
202 80 0.0033663841895759106
202 160 0.00450306897982955
202 240 0.004408425185829401
202 320 0.0031586592085659504
202 400 0.003536199452355504
203 0 0.004085579887032509
203 80 0.004202837590128183
203 160 0.0012759603559970856
203 240 0.0034096743911504745
203 320 0.0025641778483986855
203 400 0.002426621736958623
204 0 0.004788688383996487
204 80 0.0015148622915148735
204 160 0.002102217637002468
204 240 0.003208720125257969
204 320 0.003759469371289015
204 400 0.008200802840292454
205 0 0.005223067011684179
205 80 0.0030332605820149183
205 160 0.0032923014368861914
205 240 0.004909971263259649
205 320 0.005316668190062046
205 400 0.005958185996860266
206 0 0.00291215511970222
206 80 0.008059891872107983
206 160 0.004437627270817757
206 240 0.0017458684742450714
206 320 0.002268692245706916
206 400 0.004639435093849897
207 0 0.002532126847654581
207 80 0.0006127198575995862
207 160 0.003076844150200486
207 240 0.004741056356579065
207 320 0.005618511699140072
207 400 0.004526969976723194
208 0 0.010949171148240566
208 80 0.0021494615357369184
208 160 0.003358664456754923
208 240 0.0028510845731943846
208 320 0.002638461533933878
208 400 0.0017133844085037708
209 0 0.006543762516230345
209 80 0.004311653319746256
209 160 0.004027132876217365
209 240 0.003160821506753564
209 320 0.005201682448387146
209 400 0.003084421856328845
210 0 0.004290304146707058
210 80 0.0016940535278990865
210 160 0.0017904536798596382
210 240 0.0024756155908107758
210 320 0.004822121001780033
210 400 0.0036708645056933165
211 0 0.006571292877197266
211 80 0.004803499206900597
211 160 0.005191989708691835
211 240 0.003058728761970997
211 320 0.0028060334734618664
211 400 0.0027532477397471666
212 0 0.00195300520863384
212 80 0.003139621578156948
212 160 0.003678568871691823
212 240 0.004375481978058815
212 320 0.004346089903265238
212 400 0.0028775185346603394
213 0 0.0015555697027593851
213 80 0.002790595404803753
213 160 0.003553973510861397
213 240 0.0025728216860443354
213 320 0.002999971155077219
213 400 0.0025264371652156115
214 0 0.002671984024345875
214 80 0.004489456303417683
214 160 0.00273315142840147
214 240 0.007745753973722458
214 320 0.004985876847058535
214 400 0.004613625351339579
215 0 0.0015737577341496944
215 80 0.0033104114700108767
215 160 0.002082446124404669
215 240 0.006044861860573292
215 320 0.003145180642604828
215 400 0.0035146689042448997
216 0 0.00470760278403759
216 80 0.0030478814151138067
216 160 0.0007501543150283396
216 240 0.004277924075722694
216 320 0.0038344701752066612
216 400 0.0012844292214140296
217 0 0.0023967719171196222
217 80 0.0029010947328060865
217 160 0.005205715075135231
217 240 0.0025587701238691807
217 320 0.0017037043580785394
217 400 0.00494798831641674
218 0 0.0029599047265946865
218 80 0.0032258222345262766
218 160 0.002858563093468547
218 240 0.002613271353766322
218 320 0.0028051442932337523
218 400 0.003142479108646512
219 0 0.004432685673236847
219 80 0.002729809144511819
219 160 0.002651371294632554
219 240 0.0038703149184584618
219 320 0.0026925879064947367
219 400 0.005678321234881878
220 0 0.0024408416356891394
220 80 0.005663022398948669
220 160 0.0031236426439136267
220 240 0.004026236478239298
220 320 0.0012324509443715215
220 400 0.005893926601856947
221 0 0.0026382566429674625
221 80 0.004654528573155403
221 160 0.006101302336901426
221 240 0.004705873783677816
221 320 0.003026101738214493
221 400 0.0023367926478385925
222 0 0.0031324669253081083
222 80 0.002522194990888238
222 160 0.0035857215989381075
222 240 0.004766092170029879
222 320 0.005460166838020086
222 400 0.004797201603651047
223 0 0.002404373837634921
223 80 0.0027374709025025368
223 160 0.0022496888414025307
223 240 0.004158325958997011
223 320 0.002754752291366458
223 400 0.003689168719574809
224 0 0.0034806616604328156
224 80 0.004276058170944452
224 160 0.0026794900186359882
224 240 0.0018632800783962011
224 320 0.004919914994388819
224 400 0.005806650035083294
225 0 0.0024632257409393787
225 80 0.0036294611636549234
225 160 0.004073176998645067
225 240 0.003076795022934675
225 320 0.0022425134666264057
225 400 0.0025386728812009096
226 0 0.004553369712084532
226 80 0.0042399149388074875
226 160 0.0037830721121281385
226 240 0.004242186900228262
226 320 0.0025501754134893417
226 400 0.004189292434602976
227 0 0.0011727939127013087
227 80 0.0021667894907295704
227 160 0.003201138461008668
227 240 0.004245069343596697
227 320 0.004205445293337107
227 400 0.003877331968396902
228 0 0.0032294285483658314
228 80 0.004506389610469341
228 160 0.0027153955306857824
228 240 0.0026763267815113068
228 320 0.0022383586037904024
228 400 0.002968671265989542
229 0 0.00157216377556324
229 80 0.0019872102420777082
229 160 0.0031644173432141542
229 240 0.002467517275363207
229 320 0.0017400096403434873
229 400 0.0020856207702308893
230 0 0.002520768204703927
230 80 0.002280930522829294
230 160 0.003332808380946517
230 240 0.002465212484821677
230 320 0.0035588478203862906
230 400 0.0031754823867231607
231 0 0.003717993851751089
231 80 0.004406049381941557
231 160 0.0023321271874010563
231 240 0.0027145955245941877
231 320 0.0008380241924896836
231 400 0.006260258611291647
232 0 0.0016022557392716408
232 80 0.003576811170205474
232 160 0.0019571473821997643
232 240 0.0034036387223750353
232 320 0.0026501291431486607
232 400 0.005095324013382196
233 0 0.0025390186347067356
233 80 0.0026962438132613897
233 160 0.0023132350761443377
233 240 0.0023249939549714327
233 320 0.0034537434112280607
233 400 0.0012356796069070697
234 0 0.004161555785685778
234 80 0.0041787573136389256
234 160 0.0063549671322107315
234 240 0.0028160815127193928
234 320 0.003542007179930806
234 400 0.0019953108858317137
235 0 0.0032345156650990248
235 80 0.0028119513299316168
235 160 0.002447341801598668
235 240 0.003308831946924329
235 320 0.007880304008722305
235 400 0.0008619672153145075
236 0 0.0026764909271150827
236 80 0.0019923411309719086
236 160 0.0023572263307869434
236 240 0.0033800515811890364
236 320 0.0015884182648733258
236 400 0.0020854095928370953
237 0 0.00232186121866107
237 80 0.0036586669739335775
237 160 0.003405738389119506
237 240 0.001511188456788659
237 320 0.0018936155829578638
237 400 0.0024930741637945175
238 0 0.00250043417327106
238 80 0.001965033821761608
238 160 0.0010979656362906098
238 240 0.002990181790664792
238 320 0.001765839522704482
238 400 0.001846949104219675
239 0 0.00146288494579494
239 80 0.003631759434938431
239 160 0.004472311586141586
239 240 0.0016341041773557663
239 320 0.0025137269403785467
239 400 0.003161870175972581
240 0 0.003161222208291292
240 80 0.005590398330241442
240 160 0.0017239588778465986
240 240 0.0023471047170460224
240 320 0.002046728041023016
240 400 0.001867498503997922
241 0 0.0020036608912050724
241 80 0.0013685962185263634
241 160 0.0019381027668714523
241 240 0.0038186260499060154
241 320 0.0035241879522800446
241 400 0.003022316377609968
242 0 0.0009195688762702048
242 80 0.0013006142107769847
242 160 0.0038527250289916992
242 240 0.003711024532094598
242 320 0.0034141563810408115
242 400 0.00201075104996562
243 0 0.003916019108146429
243 80 0.002795059699565172
243 160 0.0028682537376880646
243 240 0.00376025284640491
243 320 0.001193601288832724
243 400 0.0032294595148414373
244 0 0.0016336693661287427
244 80 0.0015613097930327058
244 160 0.0017888571601361036
244 240 0.0032580303959548473
244 320 0.0034651176538318396
244 400 0.0035556405782699585
245 0 0.002060297876596451
245 80 0.00437866011634469
245 160 0.004043526016175747
245 240 0.0020304671488702297
245 320 0.003657017834484577
245 400 0.0021777034271508455
246 0 0.003290989436209202
246 80 0.0015116635477170348
246 160 0.0019186537247151136
246 240 0.001941049238666892
246 320 0.0021069420035928488
246 400 0.005110748577862978
247 0 0.0024941551964730024
247 80 0.0036598308943212032
247 160 0.0036583533510565758
247 240 0.0020544829312711954
247 320 0.0026475456543266773
247 400 0.001911650411784649
248 0 0.002415032358840108
248 80 0.0030874190852046013
248 160 0.0007350443047471344
248 240 0.00288660847581923
248 320 0.0037632121238857508
248 400 0.0024615274742245674
249 0 0.001678375992923975
249 80 0.0032806696835905313
249 160 0.003551542293280363
249 240 0.002124314894899726
249 320 0.00337018258869648
249 400 0.0023798919282853603
250 0 0.003294451627880335
250 80 0.0035382367204874754
250 160 0.002833123318850994
250 240 0.0041092801839113235
250 320 0.00172227097209543
250 400 0.0030342598911374807
251 0 0.0020761918276548386
251 80 0.0035526680294424295
251 160 0.003052367363125086
251 240 0.003213413991034031
251 320 0.002704065525904298
251 400 0.0024366769939661026
252 0 0.0034198497887700796
252 80 0.0030045125167816877
252 160 0.0038337281439453363
252 240 0.002771063707768917
252 320 0.0014517223462462425
252 400 0.003937969915568829
253 0 0.0030400760006159544
253 80 0.0034479801543056965
253 160 0.002916477620601654
253 240 0.0010426449589431286
253 320 0.0026030174922198057
253 400 0.003980917856097221
254 0 0.0028347342740744352
254 80 0.004506224766373634
254 160 0.0027717016637325287
254 240 0.004103916697204113
254 320 0.0031157811172306538
254 400 0.0026209501083940268
255 0 0.0015809311298653483
255 80 0.0016007693484425545
255 160 0.005147201009094715
255 240 0.0027783061377704144
255 320 0.0022919634357094765
255 400 0.001095533138141036
256 0 0.002296349499374628
256 80 0.0029882420785725117
256 160 0.002918355166912079
256 240 0.0020858279895037413
256 320 0.004193183034658432
256 400 0.0021599188912659883
257 0 0.005543523468077183
257 80 0.0017343335784971714
257 160 0.004376471973955631
257 240 0.0018444666638970375
257 320 0.0015962447505444288
257 400 0.0015775152714923024
258 0 0.0012581663904711604
258 80 0.0029612057842314243
258 160 0.0032563144341111183
258 240 0.0024195825681090355
258 320 0.001980068162083626
258 400 0.002581254346296191
259 0 0.0023672000970691442
259 80 0.0026644740719348192
259 160 0.0026252910029143095
259 240 0.0027030170895159245
259 320 0.0025890260003507137
259 400 0.002091251080855727
260 0 0.0025716046802699566
260 80 0.0016310234786942601
260 160 0.0012697181664407253
260 240 0.004329879302531481
260 320 0.00374610279686749
260 400 0.003263663500547409
261 0 0.002770600374788046
261 80 0.002338912570849061
261 160 0.004409172106534243
261 240 0.002545982366427779
261 320 0.0015957254217937589
261 400 0.00239902688190341
262 0 0.0038601644337177277
262 80 0.0035813197027891874
262 160 0.0025500876363366842
262 240 0.0024024350568652153
262 320 0.0021014828234910965
262 400 0.0013377292780205607
263 0 0.0030778516083955765
263 80 0.0019200693350285292
263 160 0.001963783521205187
263 240 0.001944975578226149
263 320 0.002439267234876752
263 400 0.0012795180082321167
264 0 0.0012030346551910043
264 80 0.0024114458356052637
264 160 0.00114541407674551
264 240 0.0020757990423589945
264 320 0.0026348961982876062
264 400 0.0024128437507897615
265 0 0.003926443867385387
265 80 0.0015878279227763414
265 160 0.001888089464046061
265 240 0.0017904676496982574
265 320 0.0033484117593616247
265 400 0.004461000207811594
266 0 0.0005783552769571543
266 80 0.003168479772284627
266 160 0.002973971189931035
266 240 0.001988349948078394
266 320 0.004116064868867397
266 400 0.0029541109688580036
267 0 0.003798681776970625
267 80 0.0025712810456752777
267 160 0.0045806472189724445
267 240 0.001816613832488656
267 320 0.003446988295763731
267 400 0.0016763652674853802
268 0 0.0016542189987376332
268 80 0.002136283554136753
268 160 0.0023404150269925594
268 240 0.0016080529894679785
268 320 0.0023746329825371504
268 400 0.0028413967229425907
269 0 0.0030201696790754795
269 80 0.000706029764842242
269 160 0.0026708366349339485
269 240 0.0026053457986563444
269 320 0.002650128211826086
269 400 0.0015328789595514536
270 0 0.0018266008701175451
270 80 0.0023320058826357126
270 160 0.0017669041408225894
270 240 0.0014668918447569013
270 320 0.0011643260950222611
270 400 0.003727000905200839
271 0 0.0018689942080527544
271 80 0.0015190362464636564
271 160 0.0013651716290041804
271 240 0.003546378808096051
271 320 0.0031963451765477657
271 400 0.0033777409698814154
272 0 0.0023987411987036467
272 80 0.0012133605778217316
272 160 0.002127396874129772
272 240 0.0021089434158056974
272 320 0.001559085794724524
272 400 0.000757677189540118
273 0 0.004375973716378212
273 80 0.00259509333409369
273 160 0.002529216930270195
273 240 0.002065379871055484
273 320 0.002334983553737402
273 400 0.0024692027363926172
274 0 0.0028092553839087486
274 80 0.003124171169474721
274 160 0.0021884336601942778
274 240 0.0035820358898490667
274 320 0.0012364882277324796
274 400 0.001702437992207706
275 0 0.0013994267210364342
275 80 0.0008107271860353649
275 160 0.003520960221067071
275 240 0.0035048583522439003
275 320 0.0016153763281181455
275 400 0.0011417208006605506
276 0 0.0023184847086668015
276 80 0.00299925752915442
276 160 0.0012145175132900476
276 240 0.0005569261265918612
276 320 0.0024770875461399555
276 400 0.0033071378711611032
277 0 0.0020633297972381115
277 80 0.0029615992680191994
277 160 0.0037629713770002127
277 240 0.0018366669537499547
277 320 0.001726209302432835
277 400 0.0022160946391522884
278 0 0.0016388068906962872
278 80 0.0022393595427274704
278 160 0.000652228482067585
278 240 0.0019397659925743937
278 320 0.00183586694765836
278 400 0.0033233449794352055
279 0 0.0038206703029572964
279 80 0.0018248697742819786
279 160 0.0023007928393781185
279 240 0.0030537485145032406
279 320 0.0017700832104310393
279 400 0.002549620345234871
280 0 0.002214425941929221
280 80 0.0014762877253815532
280 160 0.0018852346111088991
280 240 0.003186942311003804
280 320 0.003178943879902363
280 400 0.0015239993808791041
281 0 0.0016003510681912303
281 80 0.002270435681566596
281 160 0.0031030389945954084
281 240 0.0013988021528348327
281 320 0.004145325627177954
281 400 0.002944104140624404
282 0 0.0023342554923146963
282 80 0.0033941459842026234
282 160 0.0015567317605018616
282 240 0.0022368161007761955
282 320 0.0023551972117275
282 400 0.0027823951095342636
283 0 0.001561989076435566
283 80 0.0015476164408028126
283 160 0.0010144925909116864
283 240 0.0018236776813864708
283 320 0.0015937878051772714
283 400 0.001664252020418644
284 0 0.0018587885424494743
284 80 0.0024191157426685095
284 160 0.0010259479749947786
284 240 0.001328399870544672
284 320 0.0031785883475095034
284 400 0.0036267919931560755
285 0 0.0017837239429354668
285 80 0.0023440758232027292
285 160 0.003257838310673833
285 240 0.001839507487602532
285 320 0.0026524835266172886
285 400 0.003111582249403
286 0 0.002102859551087022
286 80 0.001209170208312571
286 160 0.0039428649470210075
286 240 0.002105920109897852
286 320 0.0024212165735661983
286 400 0.00212107109837234
287 0 0.000981464865617454
287 80 0.0012893433449789882
287 160 0.0026513030752539635
287 240 0.0015289916191250086
287 320 0.003241673344746232
287 400 0.002168410224840045
288 0 0.0005881915567442775
288 80 0.004495660774409771
288 160 0.0025556134060025215
288 240 0.0029473151080310345
288 320 0.0010427965316921473
288 400 0.002093641320243478
289 0 0.0017255725106224418
289 80 0.0018736550118774176
289 160 0.0012542650802060962
289 240 0.0023962119594216347
289 320 0.002457639668136835
289 400 0.0017135129310190678
290 0 0.0020125817973166704
290 80 0.0028654877096414566
290 160 0.002255897969007492
290 240 0.0022532043512910604
290 320 0.00224375631660223
290 400 0.0016851122491061687
291 0 0.004036552272737026
291 80 0.0014338133623823524
291 160 0.0034901851322501898
291 240 0.00268852012231946
291 320 0.002720113145187497
291 400 0.0038326610811054707
292 0 0.0025356588885188103
292 80 0.0029103951528668404
292 160 0.0022161423694342375
292 240 0.0019908412359654903
292 320 0.0015285295667126775
292 400 0.003200782695785165
293 0 0.0008299718028865755
293 80 0.00236720172688365
293 160 0.0013698984403163195
293 240 0.0024679817724972963
293 320 0.001797692384570837
293 400 0.0009790282929316163
294 0 0.0026051097083836794
294 80 0.0021165828220546246
294 160 0.002310229232534766
294 240 0.002513244515284896
294 320 0.0018166357185691595
294 400 0.002307960530743003
295 0 0.0008318269392475486
295 80 0.0011808198178187013
295 160 0.0019393283873796463
295 240 0.00319086667150259
295 320 0.0018723332323133945
295 400 0.003370006335899234
296 0 0.003121990943327546
296 80 0.0025468836538493633
296 160 0.0010688838083297014
296 240 0.0012063159374520183
296 320 0.002570165554061532
296 400 0.001329705584794283
297 0 0.00043952310807071626
297 80 0.0024849020410329103
297 160 0.0025539768394082785
297 240 0.000942409795243293
297 320 0.0023518623784184456
297 400 0.0010256575187668204
298 0 0.002245403826236725
298 80 0.0017404177924618125
298 160 0.0033614500425755978
298 240 0.003150207456201315
298 320 0.003318744944408536
298 400 0.001785509055480361
299 0 0.0031273122876882553
299 80 0.0022025604266673326
299 160 0.0025705848820507526
299 240 0.002577165374532342
299 320 0.0016416702419519424
299 400 0.0030157407745718956
300 0 0.001378277433104813
300 80 0.0023772884160280228
300 160 0.0026091281324625015
300 240 0.0020277563016861677
300 320 0.001594426459632814
300 400 0.0021451537031680346
