1 0.47282801161824006 0.8593
2 0.26791785374633287 0.92295
3 0.22444300170836926 0.93645
4 0.1976512419516598 0.94395
5 0.17820531382426016 0.95
6 0.16305019550803881 0.9539
7 0.15047640802223544 0.9577666666666667
8 0.13999199701238796 0.96105
9 0.13083525720848713 0.96405
10 0.12291185932754199 0.9659333333333333
11 0.1160013373138935 0.9682666666666667
12 0.10982869207255368 0.9700166666666666
13 0.10412680535618939 0.9718166666666667
14 0.09899732708406728 0.9731833333333333
15 0.0944776160281096 0.9747833333333333
16 0.09030329456318544 0.97615
17 0.08635092073523287 0.9772833333333333
18 0.08272253098820191 0.9780333333333333
19 0.07934449080115696 0.9792166666666666
20 0.07615740698521961 0.9800333333333333
21 0.07337791063209205 0.9808333333333333
22 0.07061381349320224 0.9815166666666667
23 0.06797477826555527 0.9824833333333334
24 0.06564000934394183 0.9830666666666666
25 0.06330775275929713 0.9837833333333333
26 0.06109096775097506 0.9846166666666667
27 0.059195994812526555 0.9850166666666667
28 0.05737975674834269 0.9857666666666667
29 0.055451802277901786 0.9863666666666666
30 0.05365772499069413 0.9870833333333333
31 0.05198621846783136 0.9874333333333334
32 0.050388731860688755 0.9878166666666667
33 0.04884341456838 0.9884
34 0.04747123541489148 0.9887
35 0.0460557380496566 0.9891333333333333
36 0.044637638519504176 0.9896333333333334
37 0.04341071860979933 0.9901833333333333
38 0.042182269118932775 0.9905
39 0.0410195963054117 0.9907166666666667
40 0.03995369968495008 0.991
41 0.03886944629641166 0.9913
42 0.037805778325906696 0.9919166666666667
43 0.036813996394655345 0.9920333333333333
44 0.035832934335732 0.9924
45 0.03481046682092617 0.9925666666666667
46 0.03397501025027208 0.9928166666666667
47 0.03313105084351512 0.9933333333333333
48 0.032236536162526114 0.9937166666666667
49 0.031432007091926104 0.9938333333333333
50 0.030652068704287255 0.994
51 0.029905983335229317 0.99395
52 0.029196412712613595 0.9944833333333334
53 0.02849802145484223 0.9947833333333334
54 0.02787937145572958 0.9949333333333333
55 0.027193846364718065 0.9952333333333333
56 0.026540084133373457 0.9954
57 0.025931063529127822 0.9955166666666667
58 0.025280502456019937 0.9956833333333334
59 0.02475595151755347 0.9957833333333334
60 0.024191564919033855 0.9960666666666667
61 0.023621433776920473 0.9960333333333333
62 0.023098032900702153 0.99635
63 0.022598657377763218 0.9965833333333334
64 0.02207867859868702 0.9966166666666667
65 0.02162956727593184 0.9968833333333333
66 0.02114924196122107 0.99695
67 0.02069498563229021 0.9970833333333333
68 0.020261743813872274 0.99715
69 0.0197682006916067 0.9972166666666666
70 0.019428280923865053 0.9975666666666667
71 0.01902425543033778 0.9974833333333334
72 0.01864224781534438 0.9976333333333334
73 0.018239711685332536 0.9976666666666667
74 0.017894442779010037 0.9978
75 0.017529915833571698 0.9979
76 0.01717066213981048 0.9979333333333333
77 0.01686466694461988 0.9979833333333333
78 0.016495258718141233 0.9980666666666667
79 0.016218684405199628 0.9982833333333333
80 0.01586648686103888 0.9982833333333333
81 0.015599429417254606 0.99835
82 0.015299438246722415 0.9983666666666666
83 0.015020113363405313 0.9985
84 0.014721686175879416 0.9985166666666667
85 0.014482574502645588 0.9985666666666667
86 0.01421993543435611 0.9986833333333334
87 0.013940641086107727 0.9987166666666667
88 0.013685701983367235 0.9986833333333334
89 0.013448651687406908 0.9988666666666667
90 0.013203845747105127 0.99885
91 0.01295639578946062 0.99895
92 0.012733600669796629 0.9989666666666667
93 0.012558631791071946 0.999
94 0.012325086805627926 0.9990333333333333
95 0.012140059868977872 0.9991333333333333
96 0.011927298868376849 0.9991333333333333
97 0.011729610228994445 0.9991666666666666
