1 0 3.0338823795318604
1 80 0.5954130291938782
1 160 0.4336061179637909
1 240 0.3769644796848297
1 320 0.27119025588035583
1 400 0.3044528067111969
2 0 0.2507598102092743
2 80 0.31073421239852905
2 160 0.3846052587032318
2 240 0.17804527282714844
2 320 0.3608200252056122
2 400 0.2676762342453003
3 0 0.14021004736423492
3 80 0.32248634099960327
3 160 0.27213090658187866
3 240 0.2596015930175781
3 320 0.1882341206073761
3 400 0.25303325057029724
4 0 0.3114686906337738
4 80 0.23826894164085388
4 160 0.16677641868591309
4 240 0.1414296180009842
4 320 0.2119937390089035
4 400 0.1881771981716156
5 0 0.30978307127952576
5 80 0.12841299176216125
5 160 0.11471495777368546
5 240 0.15471836924552917
5 320 0.2057528793811798
5 400 0.06190408766269684
6 0 0.16376714408397675
6 80 0.27594679594039917
6 160 0.20952214300632477
6 240 0.1686546951532364
6 320 0.16531559824943542
6 400 0.12449150532484055
7 0 0.1372145712375641
7 80 0.09528099000453949
7 160 0.16653788089752197
7 240 0.10242975503206253
7 320 0.25296732783317566
7 400 0.09351252019405365
8 0 0.13246506452560425
8 80 0.1411806344985962
8 160 0.16894957423210144
8 240 0.14305251836776733
8 320 0.15600459277629852
8 400 0.1507294923067093
9 0 0.19477832317352295
9 80 0.09285524487495422
9 160 0.11114004999399185
9 240 0.16086655855178833
9 320 0.09851110726594925
9 400 0.09033994376659393
10 0 0.21293798089027405
10 80 0.22738078236579895
10 160 0.08665718138217926
10 240 0.10585927218198776
10 320 0.12808901071548462
10 400 0.11603821814060211
11 0 0.14683155715465546
11 80 0.14636343717575073
11 160 0.115992970764637
11 240 0.1613999605178833
11 320 0.15890155732631683
11 400 0.12501509487628937
12 0 0.11550521850585938
12 80 0.15217235684394836
12 160 0.10494174808263779
12 240 0.07825499773025513
12 320 0.08443838357925415
12 400 0.08354055881500244
13 0 0.06587550044059753
13 80 0.13905493915081024
13 160 0.1359718292951584
13 240 0.11468852311372757
13 320 0.12419309467077255
13 400 0.05240081995725632
14 0 0.11044006049633026
14 80 0.09351743012666702
14 160 0.06229609623551369
14 240 0.09216928482055664
14 320 0.13499398529529572
14 400 0.08248743414878845
15 0 0.09990354627370834
15 80 0.07279565185308456
15 160 0.10817021876573563
15 240 0.1034964993596077
15 320 0.06480857729911804
15 400 0.058043476194143295
16 0 0.031033284962177277
16 80 0.05298149585723877
16 160 0.09576138854026794
16 240 0.06435010582208633
16 320 0.09031897038221359
16 400 0.05750763788819313
17 0 0.13847647607326508
17 80 0.07274679839611053
17 160 0.07433299720287323
17 240 0.08969920128583908
17 320 0.03252622112631798
17 400 0.04088982194662094
18 0 0.090384840965271
18 80 0.07315231114625931
18 160 0.08773085474967957
18 240 0.06400101631879807
18 320 0.05240677297115326
18 400 0.0742725282907486
19 0 0.0416969358921051
19 80 0.09142155945301056
19 160 0.12434574961662292
19 240 0.08153407275676727
19 320 0.0994291827082634
19 400 0.06914015859365463
20 0 0.06374412775039673
20 80 0.07344597578048706
20 160 0.13567224144935608
20 240 0.07460524886846542
20 320 0.0731843039393425
20 400 0.087843157351017
21 0 0.08252169191837311
21 80 0.061192892491817474
21 160 0.07144412398338318
21 240 0.06476788222789764
21 320 0.08937588334083557
21 400 0.06901032477617264
22 0 0.06756521761417389
22 80 0.10319341719150543
22 160 0.0594383105635643
22 240 0.08999112248420715
22 320 0.07575847208499908
22 400 0.08004245162010193
23 0 0.048985663801431656
23 80 0.09032967686653137
23 160 0.038788359612226486
23 240 0.03532364219427109
23 320 0.05814921110868454
23 400 0.04697364568710327
24 0 0.09898623824119568
24 80 0.055682163685560226
24 160 0.06518908590078354
24 240 0.0431288443505764
24 320 0.07835748791694641
24 400 0.03483789414167404
25 0 0.05791395530104637
25 80 0.04554733633995056
25 160 0.09023325890302658
25 240 0.038229797035455704
25 320 0.0410115011036396
25 400 0.053591128438711166
26 0 0.14177413284778595
26 80 0.04727290943264961
26 160 0.09222187101840973
26 240 0.08194983750581741
26 320 0.029700659215450287
26 400 0.06003975123167038
27 0 0.08755764365196228
27 80 0.07439526915550232
27 160 0.08075166493654251
27 240 0.0759579986333847
27 320 0.09519859403371811
27 400 0.03759417310357094
28 0 0.09973550587892532
28 80 0.0515555702149868
28 160 0.027835164219141006
28 240 0.036598026752471924
28 320 0.0697438046336174
28 400 0.11604025214910507
29 0 0.05618933588266373
29 80 0.08942704647779465
29 160 0.02285904623568058
29 240 0.056130532175302505
29 320 0.046875
29 400 0.07037141919136047
30 0 0.06215544044971466
30 80 0.04842235520482063
30 160 0.04685116559267044
30 240 0.05164415389299393
30 320 0.03324705734848976
30 400 0.056332141160964966
31 0 0.05574442818760872
31 80 0.06307163089513779
31 160 0.020977959036827087
31 240 0.018238717690110207
31 320 0.027264956384897232
31 400 0.06303346902132034
32 0 0.029109716415405273
32 80 0.06581781804561615
32 160 0.09931401163339615
32 240 0.042883291840553284
32 320 0.021765125915408134
32 400 0.047036997973918915
33 0 0.027493301779031754
33 80 0.0316130556166172
33 160 0.024380911141633987
33 240 0.05863015353679657
33 320 0.021854376420378685
33 400 0.03316052258014679
34 0 0.05603717640042305
34 80 0.05919130891561508
34 160 0.10065767914056778
34 240 0.07902872562408447
34 320 0.06545305252075195
34 400 0.0829087644815445
35 0 0.015417761169373989
35 80 0.027456462383270264
35 160 0.021763453260064125
35 240 0.046244941651821136
35 320 0.04058043658733368
35 400 0.05117687210440636
36 0 0.02925870753824711
36 80 0.047636937350034714
36 160 0.031091492623090744
36 240 0.04973048344254494
36 320 0.022618325427174568
36 400 0.029082616791129112
37 0 0.05750856176018715
37 80 0.025989295914769173
37 160 0.026485813781619072
37 240 0.038802940398454666
37 320 0.028882259503006935
37 400 0.02126537263393402
38 0 0.03663158416748047
38 80 0.028234759345650673
38 160 0.02241365611553192
38 240 0.07756552845239639
38 320 0.0230715349316597
38 400 0.027967220172286034
39 0 0.023141037672758102
39 80 0.07389503717422485
39 160 0.04258102551102638
39 240 0.033732570707798004
39 320 0.014717662706971169
39 400 0.04367731511592865
40 0 0.046501342207193375
40 80 0.024704651907086372
40 160 0.017762653529644012
40 240 0.04832294583320618
40 320 0.09249155968427658
40 400 0.01858927682042122
41 0 0.02491694688796997
41 80 0.01070132851600647
41 160 0.05876712501049042
41 240 0.03249708190560341
41 320 0.038695402443408966
41 400 0.03652874380350113
42 0 0.031693436205387115
42 80 0.02650420367717743
42 160 0.027895720675587654
42 240 0.06839856505393982
42 320 0.034597378224134445
42 400 0.023705555126070976
43 0 0.07414886355400085
43 80 0.03366536274552345
43 160 0.04881845787167549
43 240 0.030818108469247818
43 320 0.03319720923900604
43 400 0.03323725238442421
44 0 0.10508064925670624
44 80 0.08224835991859436
44 160 0.021211879327893257
44 240 0.029412925243377686
44 320 0.08000470697879791
44 400 0.0257091261446476
45 0 0.018333541229367256
45 80 0.024752259254455566
45 160 0.023286189883947372
45 240 0.07764074206352234
45 320 0.030267847701907158
45 400 0.03312362730503082
46 0 0.029305730015039444
46 80 0.028604986146092415
46 160 0.015593920834362507
46 240 0.032120950520038605
46 320 0.02284655161201954
46 400 0.020233768969774246
47 0 0.008765993639826775
47 80 0.06879118084907532
47 160 0.017706574872136116
47 240 0.024597041308879852
47 320 0.037311770021915436
47 400 0.01705019362270832
48 0 0.019826488569378853
48 80 0.025149168446660042
48 160 0.02310160920023918
48 240 0.027755511924624443
48 320 0.012697583064436913
48 400 0.05127172917127609
49 0 0.039271727204322815
49 80 0.02022196166217327
49 160 0.029992297291755676
49 240 0.06759202480316162
49 320 0.02706271782517433
49 400 0.043886698782444
50 0 0.018480325117707253
50 80 0.05603184551000595
50 160 0.06030826270580292
50 240 0.022452471777796745
50 320 0.02573665790259838
50 400 0.044174689799547195
51 0 0.047924358397722244
51 80 0.030779436230659485
51 160 0.030499069020152092
51 240 0.0217643603682518
51 320 0.020981797948479652
51 400 0.04108402132987976
52 0 0.03185214474797249
52 80 0.03863482549786568
52 160 0.020082175731658936
52 240 0.03460509330034256
52 320 0.017190052196383476
52 400 0.013378355652093887
53 0 0.023694602772593498
53 80 0.017171485349535942
53 160 0.016880348324775696
53 240 0.01634885184466839
53 320 0.0258285291492939
53 400 0.040420811623334885
54 0 0.01622227020561695
54 80 0.029493192210793495
54 160 0.018320832401514053
54 240 0.017628131434321404
54 320 0.028532806783914566
54 400 0.06156989932060242
55 0 0.0190206840634346
55 80 0.0212870966643095
55 160 0.018166616559028625
55 240 0.04308793693780899
55 320 0.014297829009592533
55 400 0.03653626888990402
56 0 0.0886867567896843
56 80 0.01782187819480896
56 160 0.03431889787316322
56 240 0.01884322613477707
56 320 0.03898143395781517
56 400 0.028426164761185646
57 0 0.032421939074993134
57 80 0.018547190353274345
57 160 0.03393980488181114
57 240 0.028194144368171692
57 320 0.01745215430855751
57 400 0.01817064732313156
58 0 0.07630769908428192
58 80 0.04265948012471199
58 160 0.02944265492260456
58 240 0.016428973525762558
58 320 0.012800854630768299
58 400 0.026895517483353615
59 0 0.017273658886551857
59 80 0.020370066165924072
59 160 0.031085200607776642
59 240 0.019091889262199402
59 320 0.008132151328027248
59 400 0.02727966010570526
60 0 0.02126740664243698
60 80 0.01766602136194706
60 160 0.0141000309959054
60 240 0.017606090754270554
60 320 0.023695271462202072
60 400 0.03640713915228844
61 0 0.025402020663022995
61 80 0.014959070831537247
61 160 0.016957666724920273
61 240 0.028519263491034508
61 320 0.027908995747566223
61 400 0.029391251504421234
62 0 0.01707535795867443
62 80 0.03610561415553093
62 160 0.02479293942451477
62 240 0.017500124871730804
62 320 0.04950231313705444
62 400 0.017389971762895584
63 0 0.021126748993992805
63 80 0.018101410940289497
63 160 0.04610927775502205
63 240 0.01803472451865673
63 320 0.021884426474571228
63 400 0.02412775717675686
64 0 0.0173557847738266
64 80 0.04517533630132675
64 160 0.023859895765781403
64 240 0.0328034870326519
64 320 0.009159740060567856
64 400 0.013827729970216751
65 0 0.016583817079663277
65 80 0.012867101468145847
65 160 0.020973822101950645
65 240 0.010218219831585884
65 320 0.02352360263466835
65 400 0.02451249398291111
66 0 0.021775677800178528
66 80 0.04963947832584381
66 160 0.01944178342819214
66 240 0.013749344274401665
66 320 0.01725713349878788
66 400 0.04876544326543808
67 0 0.024702543392777443
67 80 0.012152006849646568
67 160 0.04843174293637276
67 240 0.054298512637615204
67 320 0.012025878764688969
67 400 0.036701079457998276
68 0 0.012846329249441624
68 80 0.09807892888784409
68 160 0.017820417881011963
68 240 0.03211173415184021
68 320 0.03202012926340103
68 400 0.012147965840995312
69 0 0.014572253450751305
69 80 0.005265634972602129
69 160 0.01790889911353588
69 240 0.020775143057107925
69 320 0.013194441795349121
69 400 0.010097866877913475
70 0 0.017785569652915
70 80 0.01782613806426525
70 160 0.0256209596991539
70 240 0.039703600108623505
70 320 0.011998427100479603
70 400 0.020011577755212784
71 0 0.018973691388964653
71 80 0.017780190333724022
71 160 0.010473604314029217
71 240 0.02032485418021679
71 320 0.015734940767288208
71 400 0.011365232057869434
72 0 0.02729097194969654
72 80 0.03954518586397171
72 160 0.006031385622918606
72 240 0.021348420530557632
72 320 0.015231593511998653
72 400 0.0082903653383255
73 0 0.02119593694806099
73 80 0.017719464376568794
73 160 0.008755090646445751
73 240 0.01301634218543768
73 320 0.009813380427658558
73 400 0.01925978809595108
74 0 0.011637898162007332
74 80 0.016481181606650352
74 160 0.01439189724624157
74 240 0.026635393500328064
74 320 0.007530987728387117
74 400 0.015662221238017082
75 0 0.010746067389845848
75 80 0.02403372898697853
75 160 0.02440827153623104
75 240 0.019526435062289238
75 320 0.010545522905886173
75 400 0.013815488666296005
76 0 0.008955332450568676
76 80 0.013044732622802258
76 160 0.015397824347019196
76 240 0.019579416140913963
76 320 0.013155740685760975
76 400 0.016843706369400024
77 0 0.018253689631819725
77 80 0.019227929413318634
77 160 0.0194341242313385
77 240 0.020082946866750717
77 320 0.010194657370448112
77 400 0.007421877700835466
78 0 0.015449225902557373
78 80 0.014965551905333996
78 160 0.012860205955803394
78 240 0.030839983373880386
78 320 0.019263647496700287
78 400 0.010624976828694344
79 0 0.013200643472373486
79 80 0.010850437916815281
79 160 0.013482403010129929
79 240 0.011728345416486263
79 320 0.013335728086531162
79 400 0.01264762133359909
80 0 0.010254928842186928
80 80 0.023718133568763733
80 160 0.012622424401342869
80 240 0.02743307128548622
80 320 0.026097113266587257
80 400 0.026128023862838745
81 0 0.009813414886593819
81 80 0.007785371970385313
81 160 0.01541141513735056
81 240 0.015185796655714512
81 320 0.005404362920671701
81 400 0.022682733833789825
82 0 0.014404848217964172
82 80 0.023408526554703712
82 160 0.011568625457584858
82 240 0.009549807757139206
82 320 0.014514063484966755
82 400 0.015940940007567406
83 0 0.013461969792842865
83 80 0.011773196049034595
83 160 0.013006330467760563
83 240 0.015502303838729858
83 320 0.01802806556224823
83 400 0.013923426158726215
84 0 0.01534151379019022
84 80 0.01146253664046526
84 160 0.011879242956638336
84 240 0.010209969244897366
84 320 0.011487613432109356
84 400 0.017734404653310776
85 0 0.008235674351453781
85 80 0.01465290505439043
85 160 0.027307672426104546
85 240 0.007953232154250145
85 320 0.013905046507716179
85 400 0.008166982792317867
86 0 0.009627592749893665
86 80 0.008310132659971714
86 160 0.008783598430454731
86 240 0.009517742320895195
86 320 0.016005076467990875
86 400 0.01748770661652088
87 0 0.01221219077706337
87 80 0.01333608292043209
87 160 0.016305968165397644
87 240 0.009358741343021393
87 320 0.006775707472115755
87 400 0.016001446172595024
88 0 0.03216060623526573
88 80 0.012319380417466164
88 160 0.013059855438768864
88 240 0.014090485870838165
88 320 0.009644740261137486
88 400 0.012950673699378967
89 0 0.010087498463690281
89 80 0.004634372424334288
89 160 0.01219678670167923
89 240 0.012569650076329708
89 320 0.008730119094252586
89 400 0.01602656953036785
90 0 0.02407945692539215
90 80 0.0099202124401927
90 160 0.017871620133519173
90 240 0.014494191855192184
90 320 0.009561128914356232
90 400 0.007042105309665203
91 0 0.01979001797735691
91 80 0.028134094551205635
91 160 0.019657917320728302
91 240 0.022541478276252747
91 320 0.019861513748764992
91 400 0.016970975324511528
92 0 0.006751200649887323
92 80 0.0121439965441823
92 160 0.005537032149732113
92 240 0.010118549689650536
92 320 0.009993568994104862
92 400 0.012314407154917717
93 0 0.009435193613171577
93 80 0.013165206648409367
93 160 0.012528786435723305
93 240 0.005495201330631971
93 320 0.0167640782892704
93 400 0.012138156220316887
94 0 0.01161217875778675
94 80 0.009503685869276524
94 160 0.010262640193104744
94 240 0.010045557282865047
94 320 0.012505766935646534
94 400 0.013712801039218903
95 0 0.0030224977526813745
95 80 0.01658289134502411
95 160 0.013330548070371151
95 240 0.010969440452754498
95 320 0.011903735809028149
95 400 0.012196087278425694
96 0 0.011859635822474957
96 80 0.017189402133226395
96 160 0.003806698601692915
96 240 0.02358103170990944
96 320 0.013819985091686249
96 400 0.006716704927384853
97 0 0.021740198135375977
97 80 0.007662993855774403
97 160 0.02150483801960945
97 240 0.011863847263157368
97 320 0.006192811299115419
97 400 0.013399752788245678
