1 0.4154545805855855 0.8775666666666667
2 0.24496473283020417 0.9292833333333334
3 0.20590775264605785 0.9410833333333334
4 0.18247364842688352 0.9488166666666666
5 0.16512954397909424 0.95405
6 0.15159714047207254 0.9579333333333333
7 0.14058896170845672 0.9609333333333333
8 0.1307794674754397 0.9642
9 0.1230019295870114 0.9661333333333333
10 0.11613893995025773 0.9680166666666666
11 0.10964146599189432 0.9701166666666666
12 0.10418913593249661 0.97155
13 0.09891291054835452 0.9731333333333333
14 0.09438557101925935 0.9747166666666667
15 0.09019018028940219 0.9758833333333333
16 0.08639420161067422 0.9771166666666666
17 0.08280180667493262 0.9782
18 0.07936684319030629 0.97895
19 0.07595583358839123 0.9798
20 0.07328461098280162 0.9807
21 0.0706350019555102 0.98145
22 0.06778419307713061 0.98215
23 0.06549462152998457 0.9830833333333333
24 0.06318034176458555 0.9836833333333334
25 0.06095685638677972 0.9840833333333333
26 0.05894906922523528 0.9849666666666667
27 0.057019491374159036 0.9854666666666667
28 0.05497830909595434 0.9859166666666667
29 0.053298012033772116 0.9869666666666667
30 0.051566762438635706 0.9872666666666666
31 0.04983608073977901 0.9879
32 0.04831398805893306 0.9881833333333333
33 0.046786182595770366 0.9890166666666667
34 0.04543772546141577 0.9890333333333333
35 0.044015836693457704 0.9898
36 0.04281872520838846 0.9900333333333333
37 0.041504687844102446 0.9905166666666667
38 0.04027345780529447 0.9908333333333333
39 0.03910845426369959 0.9909333333333333
40 0.03800332333956128 0.9915666666666667
41 0.036859266156120216 0.99215
42 0.0357829838165088 0.9925333333333334
43 0.034826937572422945 0.9925166666666667
44 0.033792457289135915 0.9929333333333333
45 0.03286824231820384 0.9932833333333333
46 0.032019912477717724 0.9936833333333334
47 0.0310829712439384 0.9937666666666667
48 0.030375165326683634 0.9940333333333333
49 0.029491747882383974 0.99445
50 0.028821412134351635 0.9946666666666667
51 0.028010607773521497 0.9950666666666667
52 0.027319075883245034 0.9952166666666666
53 0.026582223168615974 0.9953333333333333
54 0.025958878542187373 0.9955166666666667
55 0.025218093801520146 0.9957
56 0.024577967763971736 0.9959666666666667
57 0.023961677931860756 0.9963166666666666
58 0.02349520492246315 0.9966
59 0.022936977414307055 0.9965833333333334
60 0.022362981716405227 0.9968833333333333
61 0.02178825871018109 0.9967833333333334
62 0.021250255356258803 0.99695
63 0.020814552011568028 0.9971833333333333
64 0.02029203484033439 0.9973833333333333
65 0.01982059266203756 0.9974
66 0.01946349828186304 0.9975166666666667
67 0.018981412648836942 0.99765
68 0.018602252978561468 0.9977
69 0.018181627149632108 0.9979
70 0.017749980411259955 0.99795
71 0.017375230167640934 0.9981333333333333
72 0.017004539214594883 0.9981166666666667
73 0.016634846169219564 0.9983166666666666
74 0.016322558088454484 0.9983833333333333
75 0.015966105571727573 0.9985333333333334
76 0.015669945802694478 0.9984833333333333
77 0.015335351276372287 0.9986333333333334
78 0.015045552146630977 0.9986833333333334
79 0.014739632430269933 0.9987666666666667
80 0.014441216020469569 0.99885
81 0.01411921557720139 0.9989666666666667
82 0.013886996092640165 0.99895
83 0.013604281637976482 0.99905
84 0.013339974203093378 0.999
85 0.013134917255236842 0.9990833333333333
86 0.012845966354834594 0.9991333333333333
87 0.012609258433605339 0.9991666666666666
88 0.01240714847334603 0.99925
89 0.012184472364891789 0.9992666666666666
90 0.011961958072245565 0.9993
91 0.011741354737851793 0.9992833333333333
92 0.011556355427624955 0.9993333333333333
93 0.011324399256153401 0.9994166666666666
94 0.011134262730889737 0.9993833333333333
95 0.010959565117488553 0.9994333333333333
96 0.010778442383118307 0.9995
97 0.010589004667507592 0.99945
98 0.010412440330945828 0.9995
99 0.010243214938396425 0.9995166666666667
100 0.010055187368777387 0.9995
101 0.009911863064306027 0.9995666666666667
102 0.009758291911008134 0.9996166666666667
103 0.009612599369396629 0.99965
104 0.009457554532163369 0.9996666666666667
105 0.009302504221672442 0.9997
106 0.00914142477159291 0.9996666666666667
107 0.009047067974870806 0.9997166666666667
108 0.008872556947678058 0.9997
109 0.008746522424647263 0.9997666666666667
110 0.008625500002947411 0.9997666666666667
111 0.008484881687244135 0.9997333333333334
112 0.008358535935172934 0.9998166666666667
113 0.008225479776830052 0.9997833333333334
114 0.008143668204966956 0.9997833333333334
115 0.008011110723197365 0.9998
116 0.007895459133539912 0.9998
117 0.007780390935066317 0.9998
118 0.0076737391153302815 0.9997833333333334
119 0.007572618663620784 0.9998333333333334
120 0.007470785815175424 0.9998166666666667
121 0.007377611088461237 0.9998166666666667
122 0.007267628082020609 0.9998333333333334
123 0.007169341006234829 0.9998333333333334
124 0.007070442580226769 0.9998333333333334
125 0.006978135523713951 0.9998666666666667
126 0.006892474426298158 0.9998833333333333
127 0.00681304094418367 0.9998666666666667
128 0.006727076736268903 0.9998666666666667
129 0.006636040884433493 0.9998833333333333
130 0.006545953558080756 0.9998666666666667
131 0.00647322950549106 0.9999
132 0.006382721704371305 0.9998833333333333
133 0.006302807707466614 0.9998833333333333
134 0.006233199341182928 0.9998833333333333
135 0.006160539249504314 0.9999
136 0.006086803853327135 0.9998666666666667
137 0.005991102832464823 0.9999
138 0.005938211676360829 0.9999
139 0.0058749156389961334 0.9998833333333333
140 0.005803908485281808 0.9999
141 0.005734699637766109 0.9999333333333333
142 0.005663497541010427 0.9999166666666667
143 0.005591746612287152 0.9999333333333333
144 0.005537807545525385 0.9999333333333333
145 0.005485595772857033 0.99995
146 0.005415012222478416 0.9999333333333333
147 0.005360406565555393 0.99995
148 0.005308929387219886 0.9999333333333333
149 0.005248016324579351 0.99995
150 0.005198616294194259 0.9999666666666667
151 0.005133118107865281 0.99995
152 0.005089818374631104 0.99995
153 0.005027209983707697 0.99995
154 0.004976936850323479 0.9999666666666667
155 0.0049322562437178865 0.9999833333333333
156 0.0048780077668740904 0.9999666666666667
157 0.0048216877037039725 0.9999666666666667
158 0.004776365004419319 0.9999833333333333
159 0.004733624030351401 0.9999833333333333
160 0.004685244732734952 0.9999833333333333
161 0.00463473363873809 0.9999833333333333
162 0.004598614850591844 0.9999833333333333
163 0.004547523251344472 0.9999833333333333
164 0.004493897634574266 0.9999833333333333
165 0.004463336842535719 0.9999833333333333
166 0.0044166513570725345 0.9999833333333333
167 0.004380938319264969 0.9999833333333333
168 0.004342871854878041 0.9999833333333333
169 0.004290376688966325 0.9999833333333333
170 0.004263166638303683 0.9999833333333333
171 0.00422055409565421 0.9999833333333333
172 0.004183775476261433 0.9999833333333333
173 0.004140828541397596 0.9999833333333333
174 0.004104308071863978 0.9999833333333333
175 0.004072734103131015 0.9999833333333333
176 0.004025835568568846 0.9999833333333333
177 0.004000009704894547 0.9999833333333333
178 0.003964606658873289 0.9999833333333333
179 0.0039222962041792556 0.9999833333333333
180 0.0038934189372999803 0.9999833333333333
181 0.0038603447980360625 0.9999833333333333
182 0.003824176213670292 0.9999833333333333
183 0.00379620981228941 0.9999833333333333
184 0.003762720619762209 0.9999833333333333
185 0.0037313502598136884 0.9999833333333333
186 0.0036999446745497235 0.9999833333333333
187 0.0036654303486181945 0.9999833333333333
188 0.003633642385004839 0.9999833333333333
189 0.003612472751447911 0.9999833333333333
190 0.003576979901927557 0.9999833333333333
191 0.0035569187940539186 0.9999833333333333
192 0.0035246704165925033 0.9999833333333333
193 0.0034983430801432077 0.9999833333333333
194 0.0034669511285034624 1.0
195 0.003447761033365785 0.9999833333333333
196 0.003417632739761594 0.9999833333333333
197 0.003378632849505318 0.9999833333333333
198 0.003363510541769781 0.9999833333333333
199 0.003336036588618361 0.9999833333333333
200 0.0033151615921880547 0.9999833333333333
201 0.0032891628814231692 0.9999833333333333
202 0.003263941466826191 0.9999833333333333
203 0.0032397032760556285 0.9999833333333333
204 0.0032141056049045233 0.9999833333333333
205 0.0031890439205685818 1.0
206 0.0031703834434095492 0.9999833333333333
207 0.003150612011607458 0.9999833333333333
208 0.0031222499649364082 1.0
209 0.003100159406505112 1.0
210 0.0030771845637429466 0.9999833333333333
211 0.00305569057327026 1.0
212 0.0030331339235099824 1.0
213 0.0030130668201231595 1.0
214 0.0029869244409365648 1.0
215 0.002964957577880345 1.0
216 0.0029503373614847977 1.0
217 0.002928401309270054 1.0
218 0.0029066085532706764 1.0
219 0.0028896175067015945 1.0
220 0.002871651833788601 1.0
221 0.0028493549676735135 1.0
222 0.002827439976951429 1.0
223 0.0028128493132927555 1.0
224 0.002793534488446002 1.0
225 0.0027711747817621667 1.0
226 0.0027561567647795657 1.0
227 0.0027384027519247443 1.0
228 0.0027222345326356947 1.0
229 0.0026997124989961846 1.0
230 0.0026870682579415565 1.0
231 0.0026678070008977137 1.0
232 0.0026528418452830423 1.0
233 0.0026328448054275468 1.0
234 0.002619077757334531 1.0
235 0.0025999940320430423 1.0
236 0.0025879039529905614 1.0
237 0.0025696575324902974 1.0
238 0.002553327348647214 1.0
239 0.0025397040299139917 1.0
240 0.002522723721355192 1.0
241 0.0025068789532880728 1.0
242 0.0024952154476513295 1.0
243 0.0024772126368854614 1.0
244 0.002464899203123481 1.0
245 0.0024508986109396075 1.0
246 0.0024341087440090344 1.0
247 0.002418473825605312 1.0
248 0.00240530098477172 1.0
249 0.002390820952901827 1.0
250 0.0023766572406363567 1.0
251 0.002366247697488101 1.0
252 0.0023494238828940354 1.0
253 0.002337404172063303 1.0
254 0.0023245623231982625 1.0
255 0.002310033190001581 1.0
256 0.0022962898175333387 1.0
257 0.0022832871615034796 1.0
258 0.0022692597969603944 1.0
259 0.002257252879279938 1.0
260 0.002245709077139367 1.0
261 0.0022330432920518125 1.0
262 0.0022213034899478384 1.0
263 0.0022071743609139455 1.0
264 0.002196982724598047 1.0
265 0.0021844389471116226 1.0
266 0.002172177734495357 1.0
267 0.0021599008866063536 1.0
268 0.00214731147195568 1.0
269 0.0021362687557387643 1.0
270 0.0021247076717560796 1.0
271 0.002114950986973731 1.0
272 0.0021001126947078003 1.0
273 0.0020936466527602345 1.0
274 0.0020808827845371766 1.0
275 0.0020695821236772364 1.0
276 0.0020599236099003776 1.0
277 0.002048921418502363 1.0
278 0.002039724503080847 1.0
279 0.0020300291789157477 1.0
280 0.0020173403427257005 1.0
281 0.002010004670753368 1.0
282 0.0019989260055967716 1.0
283 0.001987924940343241 1.0
284 0.0019785184065686232 1.0
