1 0 3.5111489295959473
1 80 0.41170448064804077
1 160 0.4281710982322693
1 240 0.3544045388698578
1 320 0.3168592154979706
1 400 0.26691684126853943
2 0 0.29688236117362976
2 80 0.24336116015911102
2 160 0.15687483549118042
2 240 0.19108089804649353
2 320 0.20058579742908478
2 400 0.16682817041873932
3 0 0.2728326916694641
3 80 0.16336849331855774
3 160 0.12000641226768494
3 240 0.2834336459636688
3 320 0.17910483479499817
3 400 0.20917299389839172
4 0 0.27956223487854004
4 80 0.15111719071865082
4 160 0.19325000047683716
4 240 0.18428130447864532
4 320 0.21391387283802032
4 400 0.12945574522018433
5 0 0.10374747216701508
5 80 0.3102196156978607
5 160 0.16310033202171326
5 240 0.08523443341255188
5 320 0.17208290100097656
5 400 0.07924859970808029
6 0 0.14947035908699036
6 80 0.2552550435066223
6 160 0.1316181719303131
6 240 0.15050464868545532
6 320 0.08059044927358627
6 400 0.16715557873249054
7 0 0.16845300793647766
7 80 0.1057717502117157
7 160 0.1976446956396103
7 240 0.18027813732624054
7 320 0.14325979351997375
7 400 0.24191375076770782
8 0 0.12968721985816956
8 80 0.1104302704334259
8 160 0.16358451545238495
8 240 0.07984529435634613
8 320 0.1435890942811966
8 400 0.19768154621124268
9 0 0.05276558920741081
9 80 0.17420895397663116
9 160 0.12200405448675156
9 240 0.18245895206928253
9 320 0.16331760585308075
9 400 0.10838586091995239
10 0 0.0921839028596878
10 80 0.10447574406862259
10 160 0.11790724843740463
10 240 0.17886021733283997
10 320 0.18067605793476105
10 400 0.1711229830980301
11 0 0.07230302691459656
11 80 0.13077984750270844
11 160 0.12230874598026276
11 240 0.14527297019958496
11 320 0.07771731913089752
11 400 0.13807152211666107
12 0 0.08682290464639664
12 80 0.10980456322431564
12 160 0.17700991034507751
12 240 0.21386834979057312
12 320 0.09448869526386261
12 400 0.08801080286502838
13 0 0.09295084327459335
13 80 0.07875819504261017
13 160 0.06642692536115646
13 240 0.08752536028623581
13 320 0.08679835498332977
13 400 0.11018644273281097
14 0 0.06517188996076584
14 80 0.09762971848249435
14 160 0.10316037386655807
14 240 0.10316450893878937
14 320 0.044776663184165955
14 400 0.10944104939699173
15 0 0.09318164736032486
15 80 0.081110879778862
15 160 0.09647151827812195
15 240 0.09603935480117798
15 320 0.06355137377977371
15 400 0.10349158197641373
16 0 0.1303454339504242
16 80 0.1229134202003479
16 160 0.07838960736989975
16 240 0.14744284749031067
16 320 0.1116776242852211
16 400 0.11350919306278229
17 0 0.07808220386505127
17 80 0.07858835905790329
17 160 0.05824130401015282
17 240 0.08186563849449158
17 320 0.06236574426293373
17 400 0.10040624439716339
18 0 0.07132517546415329
18 80 0.05468594655394554
18 160 0.03582601249217987
18 240 0.05288947373628616
18 320 0.10681115835905075
18 400 0.037854503840208054
19 0 0.06318919360637665
19 80 0.04474026337265968
19 160 0.13518847525119781
19 240 0.07630429416894913
19 320 0.05105861276388168
19 400 0.09603045135736465
20 0 0.060778215527534485
20 80 0.055978838354349136
20 160 0.035437412559986115
20 240 0.14475159347057343
20 320 0.08631382137537003
20 400 0.10939992219209671
21 0 0.04822789877653122
21 80 0.05986301228404045
21 160 0.08296317607164383
21 240 0.0907958373427391
21 320 0.02979910559952259
21 400 0.06481673568487167
22 0 0.17433755099773407
22 80 0.05833194777369499
22 160 0.08635982125997543
22 240 0.03357187286019325
22 320 0.06233910843729973
22 400 0.05213310569524765
23 0 0.04899567738175392
23 80 0.0987100675702095
23 160 0.08210683614015579
23 240 0.053462546318769455
23 320 0.09237238764762878
23 400 0.08199683576822281
24 0 0.09606744349002838
24 80 0.03178972750902176
24 160 0.06600828468799591
24 240 0.08628987520933151
24 320 0.04303843155503273
24 400 0.0600043460726738
25 0 0.04742653667926788
25 80 0.06602418422698975
25 160 0.10571180284023285
25 240 0.0608469657599926
25 320 0.044897597283124924
25 400 0.027837084606289864
26 0 0.0364241898059845
26 80 0.035523831844329834
26 160 0.09231525659561157
26 240 0.08149269223213196
26 320 0.0490417554974556
26 400 0.07066652178764343
27 0 0.05356833338737488
27 80 0.08582199364900589
27 160 0.0868353620171547
27 240 0.030721966177225113
27 320 0.03830461949110031
27 400 0.08571619540452957
28 0 0.05124927684664726
28 80 0.039470214396715164
28 160 0.04903008043766022
28 240 0.03595362603664398
28 320 0.02838655561208725
28 400 0.021270522847771645
29 0 0.05257381498813629
29 80 0.06083078309893608
29 160 0.06557706743478775
29 240 0.08530732244253159
29 320 0.05819479748606682
29 400 0.04344018176198006
30 0 0.07668524235486984
30 80 0.09058737754821777
30 160 0.022924676537513733
30 240 0.08223053067922592
30 320 0.06084458902478218
30 400 0.041572052985429764
31 0 0.04321396350860596
31 80 0.034554723650217056
31 160 0.06930621713399887
31 240 0.06241371110081673
31 320 0.03902103379368782
31 400 0.025153491646051407
32 0 0.038096833974123
32 80 0.030694367364048958
32 160 0.03716057538986206
32 240 0.030565418303012848
32 320 0.04444218799471855
32 400 0.1261022835969925
33 0 0.03634178638458252
33 80 0.060456786304712296
33 160 0.05677903816103935
33 240 0.048607032746076584
33 320 0.05437561497092247
33 400 0.035163577646017075
34 0 0.04067172855138779
34 80 0.038208384066820145
34 160 0.040156733244657516
34 240 0.052272871136665344
34 320 0.05896322429180145
34 400 0.03992300108075142
35 0 0.02862924337387085
35 80 0.04253069683909416
35 160 0.04439505189657211
35 240 0.025648966431617737
35 320 0.016675464808940887
35 400 0.1042618453502655
36 0 0.021967114880681038
36 80 0.05994107946753502
36 160 0.05766115337610245
36 240 0.031025897711515427
36 320 0.03340835124254227
36 400 0.04342487454414368
37 0 0.053698476403951645
37 80 0.06402227282524109
37 160 0.08027897030115128
37 240 0.07378670573234558
37 320 0.04086851328611374
37 400 0.04896693304181099
38 0 0.022387495264410973
38 80 0.0522589348256588
38 160 0.04397400841116905
38 240 0.021159755066037178
38 320 0.06340998411178589
38 400 0.06029335409402847
39 0 0.02782353386282921
39 80 0.025141581892967224
39 160 0.031322527676820755
39 240 0.050636835396289825
39 320 0.04804006963968277
39 400 0.034182727336883545
40 0 0.05568080395460129
40 80 0.03044373355805874
40 160 0.06227099895477295
40 240 0.021376745775341988
40 320 0.04994293302297592
40 400 0.014107310213148594
41 0 0.03476863354444504
41 80 0.03618192300200462
41 160 0.0241581741720438
41 240 0.0282916072756052
41 320 0.03572111204266548
41 400 0.021950092166662216
42 0 0.02101224474608898
42 80 0.03864126652479172
42 160 0.04540735110640526
42 240 0.057938359677791595
42 320 0.045725613832473755
42 400 0.03322224318981171
43 0 0.026105277240276337
43 80 0.028939727693796158
43 160 0.028289426118135452
43 240 0.02036229334771633
43 320 0.025511721149086952
43 400 0.06403611600399017
44 0 0.029123231768608093
44 80 0.020681262016296387
44 160 0.019068026915192604
44 240 0.09351189434528351
44 320 0.019095156341791153
44 400 0.038281504064798355
45 0 0.028000984340906143
45 80 0.05477205291390419
45 160 0.04999387636780739
45 240 0.024415571242570877
45 320 0.03364245593547821
45 400 0.031815189868211746
46 0 0.06551022082567215
46 80 0.02722718007862568
46 160 0.03980391100049019
46 240 0.04341574013233185
46 320 0.036907974630594254
46 400 0.01806320622563362
47 0 0.03845999389886856
47 80 0.040346451103687286
47 160 0.05564499273896217
47 240 0.019326696172356606
47 320 0.024984970688819885
47 400 0.09898018091917038
48 0 0.027927624061703682
48 80 0.011606545187532902
48 160 0.021548595279455185
48 240 0.054103173315525055
48 320 0.048983775079250336
48 400 0.021884573623538017
49 0 0.02901826612651348
49 80 0.038345202803611755
49 160 0.02626916393637657
49 240 0.02416505292057991
49 320 0.08794422447681427
49 400 0.034874506294727325
50 0 0.031932223588228226
50 80 0.024421662092208862
50 160 0.03575368598103523
50 240 0.03824693709611893
50 320 0.045147016644477844
50 400 0.018035175278782845
51 0 0.022058170288801193
51 80 0.023053694516420364
51 160 0.01631731353700161
51 240 0.013807078823447227
51 320 0.01192471943795681
51 400 0.0217197984457016
52 0 0.04793017357587814
52 80 0.03278197720646858
52 160 0.021754084154963493
52 240 0.038093049079179764
52 320 0.022186007350683212
52 400 0.031099967658519745
53 0 0.02305266261100769
53 80 0.02778869867324829
53 160 0.01652422547340393
53 240 0.02519519254565239
53 320 0.024514401331543922
53 400 0.008262441493570805
54 0 0.019428839907050133
54 80 0.017836550250649452
54 160 0.014691900461912155
54 240 0.025256693363189697
54 320 0.01938900351524353
54 400 0.027232220396399498
55 0 0.05064067244529724
55 80 0.026671089231967926
55 160 0.016238482668995857
55 240 0.038210514932870865
55 320 0.0271457452327013
55 400 0.03070572018623352
56 0 0.021668314933776855
56 80 0.02629852667450905
56 160 0.021035676822066307
56 240 0.006069778464734554
56 320 0.023201579228043556
56 400 0.0242295078933239
57 0 0.0264839269220829
57 80 0.017060015350580215
57 160 0.018347537145018578
57 240 0.006324972026050091
57 320 0.021079447120428085
57 400 0.01633507013320923
58 0 0.020027101039886475
58 80 0.011166058480739594
58 160 0.009949696250259876
58 240 0.03128121420741081
58 320 0.045444514602422714
58 400 0.02467217855155468
59 0 0.02017698995769024
59 80 0.018630780279636383
59 160 0.033865444362163544
59 240 0.025922726839780807
59 320 0.018659424036741257
59 400 0.015915803611278534
60 0 0.020638497546315193
60 80 0.006440442055463791
60 160 0.020983507856726646
60 240 0.011012515053153038
60 320 0.031403299421072006
60 400 0.021240174770355225
61 0 0.02290990948677063
61 80 0.009768095798790455
61 160 0.02396591193974018
61 240 0.016375066712498665
61 320 0.018268443644046783
61 400 0.02252604253590107
62 0 0.013489850796759129
62 80 0.012313513085246086
62 160 0.02242133766412735
62 240 0.03218294307589531
62 320 0.016159340739250183
62 400 0.023594090715050697
63 0 0.03439100831747055
63 80 0.013275019824504852
63 160 0.012234115973114967
63 240 0.007293382193893194
63 320 0.019508374854922295
63 400 0.03899092972278595
64 0 0.010956131853163242
64 80 0.017295561730861664
64 160 0.02749563194811344
64 240 0.014336049556732178
64 320 0.020679641515016556
64 400 0.02159629575908184
65 0 0.01874995417892933
65 80 0.03173961117863655
65 160 0.01656327396631241
65 240 0.024822048842906952
65 320 0.015549690462648869
65 400 0.021444693207740784
66 0 0.023875268176198006
66 80 0.021676119416952133
66 160 0.010322128422558308
66 240 0.014307191595435143
66 320 0.025440676137804985
66 400 0.010654719546437263
67 0 0.014477407559752464
67 80 0.020338313654065132
67 160 0.014578639529645443
67 240 0.021902374923229218
67 320 0.031156182289123535
67 400 0.021153263747692108
68 0 0.008912629447877407
68 80 0.016769055277109146
68 160 0.0196512620896101
68 240 0.00611651036888361
68 320 0.036632128059864044
68 400 0.010926777496933937
69 0 0.039128467440605164
69 80 0.01847684197127819
69 160 0.027144841849803925
69 240 0.03829163685441017
69 320 0.0069351703859865665
69 400 0.01840909756720066
70 0 0.007567696273326874
70 80 0.017046235501766205
70 160 0.01434347964823246
70 240 0.010895578190684319
70 320 0.014403223060071468
70 400 0.014037313871085644
71 0 0.023676730692386627
71 80 0.020433906465768814
71 160 0.021063437685370445
71 240 0.016627022996544838
71 320 0.016618242487311363
71 400 0.010805065743625164
72 0 0.007892468944191933
72 80 0.011769749224185944
72 160 0.010189434513449669
72 240 0.008205117657780647
72 320 0.02216401696205139
72 400 0.026602724567055702
73 0 0.01986725628376007
73 80 0.010103234089910984
73 160 0.026967233046889305
73 240 0.014968237839639187
73 320 0.014782607555389404
73 400 0.0307404063642025
74 0 0.015190694481134415
74 80 0.012842549942433834
74 160 0.013327762484550476
74 240 0.009065503254532814
74 320 0.015566817484796047
74 400 0.011657947674393654
75 0 0.013698216527700424
75 80 0.00562272360548377
75 160 0.014503896236419678
75 240 0.01418943889439106
75 320 0.010104109533131123
75 400 0.02664531022310257
76 0 0.014694152399897575
76 80 0.017867334187030792
76 160 0.012968214228749275
76 240 0.014260155148804188
76 320 0.01527154166251421
76 400 0.022181786596775055
77 0 0.011547579430043697
77 80 0.010513965971767902
77 160 0.02119244821369648
77 240 0.016896400600671768
77 320 0.025182051584124565
77 400 0.006963055115193129
78 0 0.00840538926422596
78 80 0.015468240715563297
78 160 0.012522092089056969
78 240 0.01683216728270054
78 320 0.009247025474905968
78 400 0.018880784511566162
79 0 0.005243122577667236
79 80 0.008726253174245358
79 160 0.0051742615178227425
79 240 0.02379833720624447
79 320 0.022240454331040382
79 400 0.006436987780034542
80 0 0.008142657577991486
80 80 0.01268346793949604
80 160 0.014400576241314411
80 240 0.013291704468429089
80 320 0.011534705758094788
80 400 0.012195106595754623
81 0 0.013263218104839325
81 80 0.017427926883101463
81 160 0.01683209463953972
81 240 0.015509023331105709
81 320 0.010345795191824436
81 400 0.009462975896894932
82 0 0.0049531240947544575
82 80 0.02163676545023918
82 160 0.005414348561316729
82 240 0.014255269430577755
82 320 0.016822930425405502
82 400 0.017323553562164307
83 0 0.024329494684934616
83 80 0.020423755049705505
83 160 0.011358371004462242
83 240 0.010185591876506805
83 320 0.007350199855864048
83 400 0.008731723763048649
84 0 0.011929582804441452
84 80 0.014056848362088203
84 160 0.008523833006620407
84 240 0.012520667165517807
84 320 0.013085558079183102
84 400 0.013915234245359898
85 0 0.012179765850305557
85 80 0.010957576334476471
85 160 0.01010338868945837
85 240 0.01219538226723671
85 320 0.020918630063533783
85 400 0.008073925971984863
86 0 0.01951625384390354
86 80 0.013704768382012844
86 160 0.010970085859298706
86 240 0.0062307980842888355
86 320 0.006913541816174984
86 400 0.011766759678721428
87 0 0.009984252974390984
87 80 0.02163434959948063
87 160 0.008318399079144001
87 240 0.008911327458918095
87 320 0.008479433134198189
87 400 0.028209056705236435
88 0 0.009381769225001335
88 80 0.0087897265329957
88 160 0.013289780355989933
88 240 0.008588114753365517
88 320 0.008758564479649067
88 400 0.017973151057958603
89 0 0.005133943632245064
89 80 0.011333036236464977
89 160 0.012009348720312119
89 240 0.006176022347062826
89 320 0.010436244308948517
89 400 0.016482925042510033
90 0 0.011238917708396912
90 80 0.011713679879903793
90 160 0.010393100790679455
90 240 0.009776376187801361
90 320 0.005586080253124237
90 400 0.008354101330041885
91 0 0.013509038835763931
91 80 0.014900020323693752
91 160 0.0063078878447413445
91 240 0.01243774313479662
91 320 0.012757583521306515
91 400 0.008550386875867844
92 0 0.010555115528404713
92 80 0.017340151593089104
92 160 0.017062317579984665
92 240 0.009370886720716953
92 320 0.01366292592138052
92 400 0.0067330654710531235
93 0 0.008029982447624207
93 80 0.013824127614498138
93 160 0.010493665002286434
93 240 0.010226767510175705
93 320 0.016386352479457855
93 400 0.006139779929071665
94 0 0.006992293056100607
94 80 0.008288026787340641
94 160 0.02054150216281414
94 240 0.02199438214302063
94 320 0.007672884967178106
94 400 0.009240612387657166
95 0 0.008899735286831856
95 80 0.010739193297922611
95 160 0.024055717512965202
95 240 0.023783395066857338
95 320 0.012912883423268795
95 400 0.012128027155995369
96 0 0.008943614549934864
96 80 0.007395652588456869
96 160 0.018429869785904884
96 240 0.005974729545414448
96 320 0.012889586389064789
96 400 0.010149716399610043
97 0 0.00892449077218771
97 80 0.023875707760453224
97 160 0.009052224457263947
97 240 0.003963610623031855
97 320 0.01892099715769291
97 400 0.018015680834650993
98 0 0.014548000879585743
98 80 0.010180682875216007
98 160 0.005385597236454487
98 240 0.0062909722328186035
98 320 0.007810630835592747
98 400 0.009926451370120049
99 0 0.009672047570347786
99 80 0.006485622376203537
99 160 0.005967533681541681
99 240 0.009631229564547539
99 320 0.01538726594299078
99 400 0.010272637009620667
100 0 0.01275958027690649
100 80 0.006099691614508629
100 160 0.0070952726528048515
100 240 0.01008183415979147
100 320 0.004031382501125336
100 400 0.02100674994289875
101 0 0.010492566972970963
101 80 0.009933898225426674
101 160 0.016739150509238243
101 240 0.012790150940418243
101 320 0.007107144687324762
101 400 0.007887364365160465
102 0 0.006498023401945829
102 80 0.016922032460570335
102 160 0.005285085644572973
102 240 0.007876895368099213
102 320 0.011420408263802528
102 400 0.010992063209414482
103 0 0.011442622169852257
103 80 0.043377526104450226
103 160 0.013570131734013557
103 240 0.007108252961188555
103 320 0.004592123907059431
103 400 0.009591417387127876
104 0 0.007594168186187744
104 80 0.011039702221751213
104 160 0.013242586515843868
104 240 0.005103566683828831
104 320 0.003928328864276409
104 400 0.011300449259579182
105 0 0.012211691588163376
105 80 0.00856251921504736
105 160 0.009487438015639782
105 240 0.008151531219482422
105 320 0.01145965326577425
105 400 0.018184227868914604
106 0 0.012098579667508602
106 80 0.006293092854321003
106 160 0.008725560270249844
106 240 0.008177844807505608
106 320 0.009727365337312222
106 400 0.010529635474085808
107 0 0.012715883553028107
107 80 0.010691850446164608
107 160 0.014093585312366486
107 240 0.008194906637072563
107 320 0.005148893687874079
107 400 0.0075000892393291
108 0 0.006487848237156868
108 80 0.012090041302144527
108 160 0.03887273743748665
108 240 0.010749268345534801
108 320 0.004592606332153082
108 400 0.005239319987595081
109 0 0.004796223249286413
109 80 0.013508083298802376
109 160 0.005566227249801159
109 240 0.0041175726801157
109 320 0.0038781757466495037
109 400 0.007722800597548485
110 0 0.009766165167093277
110 80 0.007354494649916887
110 160 0.0035287472419440746
110 240 0.008332823403179646
110 320 0.005128627642989159
110 400 0.010803582146763802
111 0 0.009416010230779648
111 80 0.008213918656110764
111 160 0.009680317714810371
111 240 0.010297000408172607
111 320 0.006814244668930769
111 400 0.006978129502385855
112 0 0.008776054717600346
112 80 0.0036379918456077576
112 160 0.0044936263002455235
112 240 0.0051836539059877396
112 320 0.004583338275551796
112 400 0.007087629288434982
113 0 0.007463556248694658
113 80 0.0056752171367406845
113 160 0.00563103286549449
113 240 0.01041277963668108
113 320 0.009885524399578571
113 400 0.006407108623534441
114 0 0.008247461169958115
114 80 0.00792229175567627
114 160 0.0057957954704761505
114 240 0.010657824575901031
114 320 0.011299761943519115
114 400 0.006616407539695501
115 0 0.009431269019842148
115 80 0.00667800335213542
115 160 0.01188934501260519
115 240 0.0068098376505076885
115 320 0.005237088073045015
115 400 0.00722922571003437
116 0 0.004729139152914286
116 80 0.009034930728375912
116 160 0.008117498829960823
116 240 0.0071373265236616135
116 320 0.007251198403537273
116 400 0.007282065227627754
117 0 0.007932206615805626
117 80 0.0030161389149725437
117 160 0.011418824084103107
117 240 0.003931025974452496
117 320 0.010591277852654457
117 400 0.008445129729807377
118 0 0.01218853984028101
118 80 0.007685080170631409
118 160 0.006831075996160507
118 240 0.005504264496266842
118 320 0.008225681260228157
118 400 0.0029442335944622755
119 0 0.006848583929240704
119 80 0.008682298474013805
119 160 0.008609688840806484
119 240 0.006426282227039337
119 320 0.007808547001332045
119 400 0.010243529453873634
120 0 0.0056341299787163734
120 80 0.016691038385033607
120 160 0.004986437503248453
120 240 0.0032858368940651417
120 320 0.005760776344686747
120 400 0.009384388104081154
121 0 0.009505676105618477
121 80 0.006464016158133745
121 160 0.00615202821791172
121 240 0.00556184770539403
121 320 0.0076446132734417915
121 400 0.0060683139599859715
122 0 0.0056091961450874805
122 80 0.005648355931043625
122 160 0.003999937791377306
122 240 0.007192387245595455
122 320 0.006828684359788895
122 400 0.006667209789156914
123 0 0.007953399792313576
123 80 0.010059784166514874
123 160 0.0018358249217271805
123 240 0.005031296517699957
123 320 0.005964046809822321
123 400 0.009520257823169231
124 0 0.009604147635400295
124 80 0.005919463932514191
124 160 0.00453965226188302
124 240 0.006853313185274601
124 320 0.005505979526787996
124 400 0.007903833873569965
125 0 0.01070974487811327
125 80 0.008657907135784626
125 160 0.00663328031077981
125 240 0.007986348122358322
125 320 0.004995526280254126
125 400 0.0045008533634245396
126 0 0.006612946279346943
126 80 0.008880352601408958
126 160 0.007785147987306118
126 240 0.005632760003209114
126 320 0.00795278511941433
126 400 0.007614343427121639
127 0 0.0019960482604801655
127 80 0.005576868075877428
127 160 0.00748585257679224
127 240 0.005583415739238262
127 320 0.005709965247660875
127 400 0.004549405071884394
128 0 0.004347203299403191
128 80 0.006621685344725847
128 160 0.007492081727832556
128 240 0.010225995443761349
128 320 0.0038816321175545454
128 400 0.008447324857115746
129 0 0.005364155396819115
129 80 0.004928295966237783
129 160 0.003852920839563012
129 240 0.00716353440657258
129 320 0.002852145815268159
129 400 0.0043828426860272884
130 0 0.005121550522744656
130 80 0.008624287322163582
130 160 0.003534018062055111
130 240 0.007861586287617683
130 320 0.0020548775792121887
130 400 0.008234349079430103
131 0 0.009325873106718063
131 80 0.006004620809108019
131 160 0.010157717391848564
131 240 0.009615444578230381
131 320 0.007521714549511671
131 400 0.004568189382553101
132 0 0.009434085339307785
132 80 0.008353572338819504
132 160 0.0105625931173563
132 240 0.010510191321372986
132 320 0.0062333145178854465
132 400 0.004486479796469212
133 0 0.004792355466634035
133 80 0.00712931202724576
133 160 0.007494008634239435
133 240 0.0034542412031441927
133 320 0.009729377925395966
133 400 0.004847144708037376
134 0 0.008089386858046055
134 80 0.00579551188275218
134 160 0.004365736618638039
134 240 0.0047631398774683475
134 320 0.005352631211280823
134 400 0.005050474312156439
135 0 0.003717315848916769
135 80 0.004255983978509903
135 160 0.007031226996332407
135 240 0.008402244187891483
135 320 0.004880177788436413
135 400 0.006361904554069042
136 0 0.005247557535767555
136 80 0.013028915971517563
136 160 0.004952375777065754
136 240 0.002493097446858883
136 320 0.004258044064044952
136 400 0.004880725406110287
137 0 0.008869411423802376
137 80 0.006487743929028511
137 160 0.009159939363598824
137 240 0.005110597237944603
137 320 0.004960807040333748
137 400 0.005933371372520924
138 0 0.006873728707432747
138 80 0.005963167175650597
138 160 0.0073288558050990105
138 240 0.006113337818533182
138 320 0.006672319490462542
138 400 0.003414719831198454
139 0 0.006466258782893419
139 80 0.005725719965994358
139 160 0.027758365496993065
139 240 0.003959133755415678
139 320 0.015040198341012001
139 400 0.005990521516650915
140 0 0.005511065013706684
140 80 0.004223973024636507
140 160 0.004131191875785589
140 240 0.005668168421834707
140 320 0.0034836367703974247
140 400 0.005400407128036022
141 0 0.004385992418974638
141 80 0.007683150935918093
141 160 0.007131406106054783
141 240 0.004766037221997976
141 320 0.01310934778302908
141 400 0.006202457007020712
142 0 0.006706422660499811
142 80 0.0037590092979371548
142 160 0.007258367259055376
142 240 0.0072671170346438885
142 320 0.007894390262663364
142 400 0.0057232012040913105
143 0 0.009022842161357403
143 80 0.004087112378329039
143 160 0.003171274671331048
143 240 0.005325935315340757
143 320 0.006171258632093668
143 400 0.004953799769282341
144 0 0.006852585822343826
144 80 0.004049492534250021
144 160 0.0031794554088264704
144 240 0.0017598457634449005
144 320 0.006856910418719053
144 400 0.0068646930158138275
145 0 0.004937134683132172
145 80 0.006132179405540228
145 160 0.003862464101985097
145 240 0.005865661893039942
145 320 0.0057136379182338715
145 400 0.005661747884005308
146 0 0.006195988040417433
146 80 0.007520810700953007
146 160 0.0049276333302259445
146 240 0.0028969452250748873
146 320 0.006062460131943226
146 400 0.00916676688939333
147 0 0.007327395025640726
147 80 0.0033543917816132307
147 160 0.00617694016546011
147 240 0.004506458528339863
147 320 0.006338487844914198
147 400 0.0067144883796572685
148 0 0.004204316530376673
148 80 0.005713660269975662
148 160 0.005889819003641605
148 240 0.004030043724924326
148 320 0.007271157577633858
148 400 0.00356092001311481
149 0 0.00662626139819622
149 80 0.004830320365726948
149 160 0.010100442916154861
149 240 0.003484027925878763
149 320 0.0027073293458670378
149 400 0.0031929141841828823
150 0 0.004319533705711365
150 80 0.005768551025539637
150 160 0.006660682614892721
150 240 0.00811011902987957
150 320 0.005263253580778837
150 400 0.007074074819684029
151 0 0.005613840185105801
151 80 0.004403147380799055
151 160 0.006919965147972107
151 240 0.007985776290297508
151 320 0.0034066783264279366
151 400 0.0038323234766721725
152 0 0.004401176702231169
152 80 0.003827157896012068
152 160 0.008145743981003761
152 240 0.0044283391907811165
152 320 0.006877243518829346
152 400 0.00852099061012268
153 0 0.003894707653671503
153 80 0.004448318388313055
153 160 0.002776900539174676
153 240 0.003829448251053691
153 320 0.0034544444642961025
153 400 0.003542557591572404
154 0 0.005820087622851133
154 80 0.0017852120799943805
154 160 0.006115711759775877
154 240 0.004363425076007843
154 320 0.004527673590928316
154 400 0.006234057247638702
155 0 0.002897640923038125
155 80 0.005030002910643816
155 160 0.007985268719494343
155 240 0.006304948590695858
155 320 0.002655907068401575
155 400 0.004856498911976814
156 0 0.006541198119521141
156 80 0.004348320420831442
156 160 0.005839184857904911
156 240 0.0045848265290260315
156 320 0.003376661567017436
156 400 0.006202297285199165
157 0 0.00525075476616621
157 80 0.007965805940330029
157 160 0.004910310264676809
157 240 0.005260436329990625
157 320 0.0053354850970208645
157 400 0.0067139058373868465
158 0 0.006364498753100634
158 80 0.003317295340821147
158 160 0.005254513584077358
158 240 0.006554991472512484
158 320 0.002819538814947009
158 400 0.003771668765693903
159 0 0.0033331227023154497
159 80 0.004899842664599419
159 160 0.010804341174662113
159 240 0.003714222926646471
159 320 0.004031905438750982
159 400 0.0037207419518381357
160 0 0.005300385411828756
160 80 0.0030414245557039976
160 160 0.004234160762280226
160 240 0.01688932254910469
160 320 0.006858832202851772
160 400 0.0059496997855603695
161 0 0.010945377871394157
161 80 0.003707673866301775
161 160 0.0013931208522990346
161 240 0.0024318001233041286
161 320 0.005999121814966202
161 400 0.004949473310261965
162 0 0.004223993979394436
162 80 0.002061201026663184
162 160 0.0047432477585971355
162 240 0.009254681877791882
162 320 0.006038495805114508
162 400 0.006593066267669201
163 0 0.003636328736320138
163 80 0.0034441666211932898
163 160 0.005123571027070284
163 240 0.005958041176199913
163 320 0.0016802508616819978
163 400 0.0033820720855146646
164 0 0.002700135111808777
164 80 0.008189063519239426
164 160 0.004302453249692917
164 240 0.003001755801960826
164 320 0.002651436487212777
164 400 0.0036143145989626646
165 0 0.00386809348128736
165 80 0.00419634860008955
165 160 0.004264334216713905
165 240 0.0019970848225057125
165 320 0.003733488032594323
165 400 0.004537865985184908
166 0 0.0032111250329762697
166 80 0.0035955915227532387
166 160 0.0026975953951478004
166 240 0.003698257962241769
166 320 0.003297088434919715
166 400 0.003002552315592766
167 0 0.007047996390610933
167 80 0.005748840980231762
167 160 0.005554639734327793
167 240 0.005445631220936775
167 320 0.004873958416283131
167 400 0.004423766862601042
168 0 0.009196956641972065
168 80 0.001509146299213171
168 160 0.0029582681600004435
168 240 0.0051095327362418175
168 320 0.0025965850800275803
168 400 0.003942698240280151
169 0 0.007625894155353308
169 80 0.006521918810904026
169 160 0.004387178923934698
169 240 0.0029883759561926126
169 320 0.0056185247376561165
169 400 0.004190451931208372
170 0 0.004528684075921774
170 80 0.0024376504588872194
170 160 0.0034607048146426678
170 240 0.005879571195691824
170 320 0.0025706079322844744
170 400 0.0031509436666965485
171 0 0.006605243775993586
171 80 0.004494713619351387
171 160 0.004959961865097284
171 240 0.005795623641461134
171 320 0.0030551059171557426
171 400 0.007528570014983416
172 0 0.0019721570424735546
172 80 0.006504350807517767
172 160 0.0017280926695093513
172 240 0.004354297649115324
172 320 0.004653899930417538
172 400 0.002655131509527564
173 0 0.003595557762309909
173 80 0.0025340141728520393
173 160 0.007341255433857441
173 240 0.0064263856038451195
173 320 0.0044820597395300865
173 400 0.004474152345210314
174 0 0.0036145937629044056
174 80 0.004232621286064386
174 160 0.0018945130286738276
174 240 0.006256625056266785
174 320 0.0026899566873908043
174 400 0.0034338010009378195
175 0 0.0034222397953271866
175 80 0.006084705702960491
175 160 0.003952628001570702
175 240 0.004945688880980015
175 320 0.0061211176216602325
175 400 0.008211439475417137
176 0 0.008477266877889633
176 80 0.003097639186307788
176 160 0.0028431322425603867
176 240 0.0035954888444393873
176 320 0.0029520741663873196
176 400 0.005517926998436451
177 0 0.004125291481614113
177 80 0.005627146922051907
177 160 0.0015319018857553601
177 240 0.005344754084944725
177 320 0.002667380729690194
177 400 0.003073279745876789
178 0 0.002835543593391776
178 80 0.006173326168209314
178 160 0.005079715512692928
178 240 0.002750334097072482
178 320 0.0031380706932395697
178 400 0.0034350380301475525
179 0 0.0033255727030336857
179 80 0.0019374896073713899
179 160 0.003219094593077898
179 240 0.003289027139544487
179 320 0.004212941974401474
179 400 0.00459336768835783
180 0 0.004149716347455978
180 80 0.0046677254140377045
180 160 0.0034363085869699717
180 240 0.004827766679227352
180 320 0.002606430323794484
180 400 0.0030228551477193832
181 0 0.004013287369161844
181 80 0.0056193508207798
181 160 0.0027000876143574715
181 240 0.005012962035834789
181 320 0.0032221772707998753
181 400 0.0027803208213299513
182 0 0.0028699832037091255
182 80 0.0033185482025146484
182 160 0.0028206228744238615
182 240 0.006551549769937992
182 320 0.0033243224024772644
182 400 0.0013816148275509477
183 0 0.004170915111899376
183 80 0.001190375885926187
183 160 0.0038430357817560434
183 240 0.0035430765710771084
183 320 0.00450859172269702
183 400 0.0040298751555383205
184 0 0.005016752984374762
184 80 0.0041524493135511875
184 160 0.0032906723208725452
184 240 0.0042490665800869465
184 320 0.0035466330591589212
184 400 0.0033840746618807316
185 0 0.003387120785191655
185 80 0.003107808530330658
185 160 0.002906306181102991
185 240 0.0013566643465310335
185 320 0.0021499362774193287
185 400 0.0035624047741293907
186 0 0.005978797096759081
186 80 0.003346171462908387
186 160 0.003293333575129509
186 240 0.004517069552093744
186 320 0.002381865167990327
186 400 0.0028317407704889774
187 0 0.0035936040803790092
187 80 0.004713469184935093
187 160 0.0023590729106217623
187 240 0.0030900719575583935
187 320 0.002045084722340107
187 400 0.002262113383039832
188 0 0.0025993185117840767
188 80 0.004542729817330837
188 160 0.00543050654232502
188 240 0.0031064406502991915
188 320 0.002096142154186964
188 400 0.004272500518709421
189 0 0.0032571011688560247
189 80 0.0033697267062962055
189 160 0.0037673115730285645
189 240 0.003546525025740266
189 320 0.003783411579206586
189 400 0.0025977184996008873
190 0 0.008869374170899391
190 80 0.002444562269374728
190 160 0.00592338852584362
190 240 0.002543620765209198
190 320 0.0027330308221280575
190 400 0.003073161467909813
191 0 0.004574791993945837
191 80 0.002654115203768015
191 160 0.002236071042716503
191 240 0.0026567145250737667
191 320 0.003135529812425375
191 400 0.0029352663550525904
192 0 0.005121513269841671
192 80 0.0027755540795624256
192 160 0.0016225525178015232
192 240 0.006625007372349501
192 320 0.0024353668559342623
192 400 0.004902688320726156
193 0 0.004210485611110926
193 80 0.0020451387390494347
193 160 0.003785764565691352
193 240 0.0033857799135148525
193 320 0.0043564289808273315
193 400 0.004464817699044943
194 0 0.0027440267149358988
194 80 0.0022538548801094294
194 160 0.0046109589748084545
194 240 0.0033725525718182325
194 320 0.002456010552123189
194 400 0.0034330449998378754
195 0 0.00421234592795372
195 80 0.003177412785589695
195 160 0.0015394511865451932
195 240 0.0033969448413699865
195 320 0.0034567085094749928
195 400 0.004361400846391916
196 0 0.0027743892278522253
196 80 0.004001758527010679
196 160 0.003005469683557749
196 240 0.005574844777584076
196 320 0.003306369762867689
196 400 0.002671201480552554
197 0 0.003231612965464592
197 80 0.0033102333545684814
197 160 0.003200520295649767
197 240 0.004659960046410561
197 320 0.004368636757135391
197 400 0.0023325623478740454
198 0 0.003712181467562914
198 80 0.002850046381354332
198 160 0.0025816718116402626
198 240 0.0027427843306213617
198 320 0.002948913024738431
198 400 0.0042759133502841
199 0 0.002053194446489215
199 80 0.0019286815077066422
199 160 0.0034191012382507324
199 240 0.004785031080245972
199 320 0.00445899972692132
199 400 0.004281099885702133
200 0 0.0021755890920758247
200 80 0.003360053990036249
200 160 0.0025205551646649837
200 240 0.0017608243506401777
200 320 0.0035177040845155716
200 400 0.0039035778027027845
201 0 0.0032441578805446625
201 80 0.002162699354812503
201 160 0.0014044567942619324
201 240 0.0029690249357372522
201 320 0.0015311392489820719
201 400 0.0027821194380521774
202 0 0.002467716345563531
202 80 0.002632227959111333
202 160 0.0027390841860324144
202 240 0.005984073039144278
202 320 0.00299706868827343
202 400 0.0021009943448007107
203 0 0.0035960788372904062
203 80 0.002172601642087102
203 160 0.0036111942026764154
203 240 0.002794836647808552
203 320 0.0009195375023409724
203 400 0.0031423221807926893
204 0 0.003581150434911251
204 80 0.003467484610155225
204 160 0.001849635853432119
204 240 0.0016651734476909041
204 320 0.00538833299651742
204 400 0.00316376774571836
205 0 0.003396239597350359
205 80 0.0013020004844292998
205 160 0.002510674763470888
205 240 0.0035202722065150738
205 320 0.005338410846889019
205 400 0.0035992483608424664
206 0 0.002927978290244937
206 80 0.0027392401825636625
206 160 0.003057834692299366
206 240 0.0024509562645107508
206 320 0.0008880672394298017
206 400 0.003370204009115696
207 0 0.004192814230918884
207 80 0.00233341078273952
207 160 0.002305638510733843
207 240 0.004054376855492592
207 320 0.0029421155340969563
207 400 0.006420126650482416
208 0 0.003947185818105936
208 80 0.0031595469918102026
208 160 0.0037772958166897297
208 240 0.0033474904485046864
208 320 0.0016592342872172594
208 400 0.00234592636115849
209 0 0.002457147231325507
209 80 0.004122755490243435
209 160 0.0031036227010190487
209 240 0.0026308882515877485
209 320 0.0026426424738019705
209 400 0.0012091717217117548
210 0 0.00201048469170928
210 80 0.0031195555347949266
210 160 0.001827213098295033
210 240 0.0020091873593628407
210 320 0.002181943506002426
210 400 0.0025300930719822645
211 0 0.003687691641971469
211 80 0.004765212070196867
211 160 0.0029808511026203632
211 240 0.003683581482619047
211 320 0.0044520883820950985
211 400 0.0022779530845582485
212 0 0.0013395944843068719
212 80 0.0022998377680778503
212 160 0.004457472823560238
212 240 0.0013769901124760509
212 320 0.00325431558303535
212 400 0.001320535084232688
213 0 0.002874059835448861
213 80 0.004303145222365856
213 160 0.0022622626274824142
213 240 0.0030862234998494387
213 320 0.0031339600682258606
213 400 0.005747401155531406
214 0 0.005362962372601032
214 80 0.0043588015250861645
214 160 0.0014216762501746416
214 240 0.004051638301461935
214 320 0.002559856278821826
214 400 0.0014712120173498988
215 0 0.0020070557948201895
215 80 0.0032325838692486286
215 160 0.00546461483463645
215 240 0.003127685282379389
215 320 0.00463692843914032
215 400 0.0017154248198494315
216 0 0.0026770250406116247
216 80 0.0028212324250489473
216 160 0.0021157143637537956
216 240 0.0014052840415388346
216 320 0.0035601428244262934
216 400 0.0020300785545259714
217 0 0.0022259624674916267
217 80 0.003585376776754856
217 160 0.0028573896270245314
217 240 0.0018829453038051724
217 320 0.0033583377953618765
217 400 0.0024119149893522263
218 0 0.004865780007094145
218 80 0.0030742925591766834
218 160 0.002175514120608568
218 240 0.0036446258891373873
218 320 0.004009450785815716
218 400 0.0021532766986638308
219 0 0.0021958930883556604
219 80 0.004690078087151051
219 160 0.0016925431555137038
219 240 0.0017832651501521468
219 320 0.0026417174376547337
219 400 0.004030104726552963
220 0 0.002580156084150076
220 80 0.0019578689243644476
220 160 0.003551625180989504
220 240 0.004391576163470745
220 320 0.0037808779161423445
220 400 0.004246518015861511
221 0 0.0028963976074010134
221 80 0.0030720119830220938
221 160 0.004064076114445925
221 240 0.0026902477256953716
221 320 0.002464034128934145
221 400 0.0024597602896392345
222 0 0.00111715542152524
222 80 0.0017990510677918792
222 160 0.0026514087803661823
222 240 0.0020809241104871035
222 320 0.0009741012472659349
222 400 0.0029453281313180923
223 0 0.0019568842835724354
223 80 0.0016647654119879007
223 160 0.0038594044744968414
223 240 0.004731498192995787
223 320 0.0013741891598328948
223 400 0.00270407204516232
224 0 0.005116164218634367
224 80 0.004188826773315668
224 160 0.0020483448170125484
224 240 0.0036262916401028633
224 320 0.0028914576396346092
224 400 0.004476961214095354
225 0 0.001941775786690414
225 80 0.0015703537501394749
225 160 0.002172327134758234
225 240 0.0023033511824905872
225 320 0.004842119291424751
225 400 0.004071798175573349
226 0 0.006481249816715717
226 80 0.0024424053262919188
226 160 0.00267565855756402
226 240 0.0019829608500003815
226 320 0.0011701576877385378
226 400 0.0017008298309519887
227 0 0.005384883843362331
227 80 0.003741965163499117
227 160 0.001499385223723948
227 240 0.002091772388666868
227 320 0.0019566109403967857
227 400 0.003255399875342846
228 0 0.003725820453837514
228 80 0.0036656667944043875
228 160 0.0016691327327862382
228 240 0.002223449759185314
228 320 0.0021507327910512686
228 400 0.003477757563814521
229 0 0.0017659011064097285
229 80 0.001675568986684084
229 160 0.003204893320798874
229 240 0.004128932021558285
229 320 0.0026312635745853186
229 400 0.002198383677750826
230 0 0.002485979115590453
230 80 0.0017818664200603962
230 160 0.0032691597007215023
230 240 0.0030837266240268946
230 320 0.002236673841252923
230 400 0.0026066189166158438
231 0 0.0034500714391469955
231 80 0.0029632877558469772
231 160 0.001833445276133716
231 240 0.0036689427215605974
231 320 0.0025060561019927263
231 400 0.0037551214918494225
232 0 0.000696583476383239
232 80 0.005244584288448095
232 160 0.0010674834484234452
232 240 0.002395461080595851
232 320 0.0020204363390803337
232 400 0.002482996555045247
233 0 0.0017442067619413137
233 80 0.0018232377478852868
233 160 0.0019046961097046733
233 240 0.0019350805087015033
233 320 0.00238251406699419
233 400 0.002905630273744464
234 0 0.0028809953946620226
234 80 0.0017362786456942558
234 160 0.0016373592661693692
234 240 0.0023412005975842476
234 320 0.0041700019501149654
234 400 0.002246461110189557
235 0 0.003003420541062951
235 80 0.0029214774258434772
235 160 0.002473334316164255
235 240 0.001595867332071066
235 320 0.0033319529611617327
235 400 0.001857219496741891
236 0 0.0032365750521421432
236 80 0.0016313792439177632
236 160 0.005460614338517189
236 240 0.0017953513888642192
236 320 0.0037347255274653435
236 400 0.002366375643759966
237 0 0.003434304613620043
237 80 0.002435071626678109
237 160 0.0026481004897505045
237 240 0.0032423001248389482
237 320 0.0023020098451524973
237 400 0.0038183301221579313
238 0 0.0020242943428456783
238 80 0.0023799720220267773
238 160 0.0018042541341856122
238 240 0.003593384986743331
238 320 0.002481715753674507
238 400 0.00437741307541728
239 0 0.002165398793295026
239 80 0.003091628896072507
239 160 0.0019662799313664436
239 240 0.0026651821099221706
239 320 0.0032195935491472483
239 400 0.0031266456935554743
240 0 0.0027441896963864565
240 80 0.001524594728834927
240 160 0.0038901260122656822
240 240 0.003666405566036701
240 320 0.0025772445369511843
240 400 0.004229133017361164
241 0 0.001957101747393608
241 80 0.0022579196374863386
241 160 0.0015744533156976104
241 240 0.0023284603375941515
241 320 0.0038884184323251247
241 400 0.0025832918472588062
242 0 0.0029722994659096003
242 80 0.0032539726234972477
242 160 0.0023019451182335615
242 240 0.0019114656606689095
242 320 0.0035187455359846354
242 400 0.005319691263139248
243 0 0.0024414705112576485
243 80 0.0019045744556933641
243 160 0.0020852608140558004
243 240 0.0017405090620741248
243 320 0.002661965088918805
243 400 0.0013365410268306732
244 0 0.002049587666988373
244 80 0.0015445695025846362
244 160 0.002063316060230136
244 240 0.0028170165605843067
244 320 0.0014196261763572693
244 400 0.001523354439996183
245 0 0.0015535902930423617
245 80 0.003733360208570957
245 160 0.0019376585260033607
245 240 0.002563155721873045
245 320 0.002303142100572586
245 400 0.0021981976460665464
246 0 0.003576934337615967
246 80 0.0017044449923560023
246 160 0.003978650085628033
246 240 0.003246441250666976
246 320 0.0032659643329679966
246 400 0.0031508964020758867
247 0 0.0021218883339315653
247 80 0.0020396411418914795
247 160 0.0037611443549394608
247 240 0.001457683159969747
247 320 0.002747179940342903
247 400 0.0022969248238950968
248 0 0.0018186722882092
248 80 0.0019732739310711622
248 160 0.002285017864778638
248 240 0.003285492304712534
248 320 0.0006775518995709717
248 400 0.0015777231892570853
249 0 0.0015493456739932299
249 80 0.001760218758136034
249 160 0.0014417798956856132
249 240 0.002741823438555002
249 320 0.002994961105287075
249 400 0.0021132074762135744
250 0 0.0028085382655262947
250 80 0.0032764242496341467
250 160 0.0018028183840215206
250 240 0.003401505993679166
250 320 0.0020041163079440594
250 400 0.002009612275287509
251 0 0.0025538145564496517
251 80 0.002458288799971342
251 160 0.00457701925188303
251 240 0.0011488983873277903
251 320 0.0009443636517971754
251 400 0.0038447913248091936
252 0 0.0025572727899998426
252 80 0.002009890740737319
252 160 0.0022522355429828167
252 240 0.0021924683824181557
252 320 0.002382664941251278
252 400 0.002605178626254201
253 0 0.003461391432210803
253 80 0.0019185416167601943
253 160 0.0031706145964562893
253 240 0.002500056056305766
253 320 0.00243580574169755
253 400 0.0014510678593069315
254 0 0.0015716722700744867
254 80 0.003953757230192423
254 160 0.003574420465156436
254 240 0.0035542985424399376
254 320 0.0022942074574530125
254 400 0.0014299321919679642
255 0 0.0010091951116919518
255 80 0.001048710779286921
255 160 0.002921091625466943
255 240 0.002179414499551058
255 320 0.001970320474356413
255 400 0.0011716550216078758
256 0 0.00275418721139431
256 80 0.0012354771606624126
256 160 0.003872564760968089
256 240 0.0021350630559027195
256 320 0.001851047039963305
256 400 0.0020372613798826933
257 0 0.0013497230829671025
257 80 0.002715884940698743
257 160 0.0008148429915308952
257 240 0.0022409765515476465
257 320 0.0016313663218170404
257 400 0.0017650447553023696
258 0 0.002839396009221673
258 80 0.0015299452934414148
258 160 0.0022529340349137783
258 240 0.0019336325349286199
258 320 0.0006490859668701887
258 400 0.002653168048709631
259 0 0.0011544425506144762
259 80 0.0018267519772052765
259 160 0.0015844008885324001
259 240 0.0008998213452287018
259 320 0.0036499721463769674
259 400 0.0013685505837202072
260 0 0.001438491395674646
260 80 0.0016076791798695922
260 160 0.0017314550932496786
260 240 0.001748327980749309
260 320 0.0030681120697408915
260 400 0.0026889205910265446
261 0 0.001990105491131544
261 80 0.0023817613255232573
261 160 0.0014881071401759982
261 240 0.0005079043912701309
261 320 0.0032308909576386213
261 400 0.00221172790043056
262 0 0.0013535103062167764
262 80 0.004276404622942209
262 160 0.0015498907305300236
262 240 0.002343191998079419
262 320 0.0026719889137893915
262 400 0.0012323342962190509
263 0 0.0033935378305613995
263 80 0.0010650098556652665
263 160 0.0026145887095481157
263 240 0.0018232169095426798
263 320 0.001514211529865861
263 400 0.0017089572502300143
264 0 0.0021924579050391912
264 80 0.0015616817399859428
264 160 0.0022876549046486616
264 240 0.0033790336456149817
264 320 0.003286690916866064
264 400 0.002559384796768427
265 0 0.0015615797601640224
265 80 0.0012561451876536012
265 160 0.0019287487957626581
265 240 0.0019813133403658867
265 320 0.002412959700450301
265 400 0.0016493161674588919
266 0 0.002242341171950102
266 80 0.002689369022846222
266 160 0.0021245917305350304
266 240 0.0025529772974550724
266 320 0.0023911879397928715
266 400 0.0022338340058922768
267 0 0.0014704096829518676
267 80 0.0020156223326921463
267 160 0.0022441253531724215
267 240 0.001965803559869528
267 320 0.00381530006416142
267 400 0.0017540535191074014
268 0 0.0021038653794676065
268 80 0.002573483856394887
268 160 0.002980278106406331
268 240 0.0014837729977443814
268 320 0.002638996345922351
268 400 0.002886206144466996
269 0 0.002212442923337221
269 80 0.0024346529971808195
269 160 0.003431541146710515
269 240 0.0031539383344352245
269 320 0.0014789182459935546
269 400 0.0027965207118541002
270 0 0.0021825842559337616
270 80 0.0032428272534161806
270 160 0.0010292945662513375
270 240 0.004837149288505316
270 320 0.0021883235312998295
270 400 0.0015109824016690254
271 0 0.002831291174516082
271 80 0.003893281100317836
271 160 0.0021685161627829075
271 240 0.003622670192271471
271 320 0.002908322960138321
271 400 0.0016640990506857634
272 0 0.0022289338521659374
272 80 0.0021785127464681864
272 160 0.002528904005885124
272 240 0.0021101632155478
272 320 0.0018575676949694753
272 400 0.0016619021771475673
273 0 0.0027400366961956024
273 80 0.0020102551206946373
273 160 0.0022381143644452095
273 240 0.001497618737630546
273 320 0.003512738039717078
273 400 0.0010461530182510614
274 0 0.0032281815074384212
274 80 0.0024448700714856386
274 160 0.002287240233272314
274 240 0.00284375692717731
274 320 0.0023065805435180664
274 400 0.0014729939866811037
275 0 0.0021669245325028896
275 80 0.0015442881267517805
275 160 0.001285615493543446
275 240 0.0018162867054343224
275 320 0.0017338036559522152
275 400 0.0037530784029513597
276 0 0.002267231931909919
276 80 0.0012697710189968348
276 160 0.00258860201574862
276 240 0.002709731226786971
276 320 0.0021132160909473896
276 400 0.002737240167334676
277 0 0.003049696097150445
277 80 0.0031401291489601135
277 160 0.001701592467725277
277 240 0.001656100619584322
277 320 0.0028057170566171408
277 400 0.0013214109931141138
278 0 0.002625587396323681
278 80 0.003714641323313117
278 160 0.0032909142319113016
278 240 0.0010288060875609517
278 320 0.0016527643892914057
278 400 0.001914776163175702
279 0 0.002583696274086833
279 80 0.0020997989922761917
279 160 0.003813927061855793
279 240 0.0022468362003564835
279 320 0.001818460295908153
279 400 0.0033957515843212605
280 0 0.0016742883017286658
280 80 0.002000734442844987
280 160 0.0010697798570618033
280 240 0.0007280512363649905
280 320 0.0018154135905206203
280 400 0.002443497534841299
281 0 0.0014976533129811287
281 80 0.0017838896019384265
281 160 0.0021849870681762695
281 240 0.002099644625559449
281 320 0.0013166230637580156
281 400 0.0018434594385325909
282 0 0.0033124133478850126
282 80 0.001141562475822866
282 160 0.0017143388977274299
282 240 0.001965312520042062
282 320 0.003038776805624366
282 400 0.0017439689254388213
283 0 0.0021213414147496223
283 80 0.003999396227300167
283 160 0.003093419363722205
283 240 0.001550550339743495
283 320 0.003332279622554779
283 400 0.0017215653788298368
284 0 0.002041011583060026
284 80 0.0015514889964833856
284 160 0.002510273130610585
284 240 0.0016551798908039927
284 320 0.0026572011411190033
284 400 0.0009459395660087466
285 0 0.0032169511541724205
285 80 0.0012537763686850667
285 160 0.002483144635334611
285 240 0.0021187542006373405
