1 0.4262422635547642 0.8882333333333333
2 0.20700556630773076 0.9388
3 0.17300245060976635 0.94905
4 0.15098550755268475 0.9559
5 0.13651581628045548 0.9606333333333333
6 0.12536030914833043 0.9636333333333333
7 0.11644871731096113 0.9667333333333333
8 0.10964173665528358 0.9687166666666667
9 0.10343581241076943 0.9707166666666667
10 0.09698200095961215 0.9726666666666667
11 0.09230150483342121 0.9733166666666667
12 0.08829560946188629 0.9750833333333333
13 0.08372263258883059 0.9760833333333333
14 0.08078749469920263 0.9769333333333333
15 0.0765908919433668 0.9788833333333333
16 0.07443208692233953 0.9788333333333333
17 0.07106327663050659 0.9804333333333334
18 0.06857673662589557 0.9812
19 0.06599021152352919 0.9815166666666667
20 0.06380269653014918 0.98245
21 0.06151733291484336 0.9836
22 0.05900577702192165 0.9846166666666667
23 0.057485373430589494 0.9848
24 0.05518854207305639 0.9851666666666666
25 0.053562217570745994 0.9860833333333333
26 0.05159620516327843 0.9863166666666666
27 0.04972339630412903 0.9868666666666667
28 0.048114790136355966 0.9872
29 0.046673417480579064 0.9878833333333333
30 0.044940026252588104 0.9885
31 0.04408901947230768 0.9892333333333333
32 0.04230463409077511 0.9890833333333333
33 0.0415617379326143 0.9893833333333333
34 0.03973204854613682 0.9903833333333333
35 0.038425837230405956 0.9911666666666666
36 0.03736679350782527 0.99155
37 0.036316048115618955 0.9919666666666667
38 0.03524727116364724 0.992
39 0.034426702704749255 0.9920833333333333
40 0.03343019377130435 0.9924833333333334
41 0.03236061480960676 0.9927333333333334
42 0.03135004511941026 0.9936333333333334
43 0.030467188657958433 0.9933833333333333
44 0.029636267705687454 0.9940833333333333
45 0.028784358766732184 0.9941333333333333
46 0.0279562809734917 0.99455
47 0.027223371699063192 0.9947833333333334
48 0.02634848151971568 0.99505
49 0.025612242605243283 0.9953166666666666
50 0.02495588347125155 0.99565
51 0.02431123578615153 0.9956833333333334
52 0.02361573186963161 0.9960666666666667
53 0.023104412713522978 0.9960666666666667
54 0.022387213316926762 0.9965166666666667
55 0.021860720522241042 0.99655
56 0.021212371525916655 0.9969
57 0.020724475127595194 0.9967666666666667
58 0.0201595837224537 0.9971666666666666
59 0.019674165586410747 0.9972833333333333
60 0.01916061552154071 0.9974
61 0.018724106050142124 0.9976333333333334
62 0.018260450150047156 0.9978
63 0.017795264562055754 0.9978666666666667
64 0.01741154261255093 0.9981166666666667
65 0.01692849986586791 0.9981833333333333
66 0.01655555894471276 0.9983
67 0.016109829071535867 0.9984333333333333
68 0.0158245609244153 0.9984833333333333
69 0.015378252515243664 0.9986666666666667
70 0.015048866675519294 0.9986166666666667
71 0.014718244364087993 0.9988166666666667
72 0.014395742025822084 0.99875
73 0.014018276987819751 0.9990333333333333
74 0.013764994533688847 0.9990833333333333
75 0.013478760318115734 0.9991833333333333
76 0.01308424938579342 0.9990666666666667
77 0.012906595532879678 0.9992166666666666
78 0.012614969320511862 0.99925
79 0.012278501947682454 0.9993333333333333
80 0.012037629712877402 0.9992333333333333
81 0.011873171785905925 0.99935
82 0.011577060240120299 0.9994
83 0.011388896737120617 0.9994166666666666
84 0.011079863782402184 0.9995833333333334
85 0.010883098407618717 0.9994666666666666
86 0.01070579289367347 0.9995166666666667
87 0.010446247548412984 0.9995166666666667
88 0.010293688820198432 0.9996166666666667
89 0.010122163904838756 0.9996666666666667
90 0.009903782999007973 0.9996833333333334
91 0.009722997934849405 0.9996333333333334
92 0.009574640868678451 0.9997
93 0.009419680355108782 0.9997166666666667
94 0.00920692124371248 0.9997
95 0.009079013108663055 0.9997333333333334
96 0.008867652279072638 0.9997666666666667
97 0.008756195729933997 0.9998
98 0.00855255367428954 0.9998333333333334
99 0.008436077863657113 0.9998166666666667
100 0.008307239848193027 0.9998333333333334
101 0.008154820996835066 0.99985
102 0.00805407141380981 0.9999
103 0.007914782802848372 0.9998833333333333
104 0.007755333632191043 0.9998666666666667
105 0.007636214541926631 0.9999
106 0.007530011077806639 0.9998833333333333
107 0.007437035176051117 0.9998833333333333
108 0.00731502469631035 0.9999333333333333
109 0.007167275557155485 0.9999333333333333
110 0.00709908499694201 0.9999333333333333
111 0.006947622865563564 0.9999333333333333
112 0.006862275107557188 0.9999333333333333
113 0.006800892894644775 0.99995
114 0.006671346877929943 0.9999666666666667
115 0.006587269470474915 0.9999666666666667
116 0.006478788015911225 0.9999666666666667
117 0.006396004458520013 0.99995
118 0.006309584111793399 0.9999666666666667
119 0.0062092752737014974 0.99995
120 0.006137480937949281 0.9999666666666667
121 0.006042796887332268 0.9999666666666667
122 0.005984094655161092 0.9999833333333333
123 0.005910226104925993 0.9999666666666667
124 0.005819563041014204 0.9999666666666667
125 0.005740829567704946 0.9999833333333333
126 0.005669830437711894 0.9999833333333333
127 0.0055860197434682395 0.9999666666666667
128 0.005521349144477977 0.9999666666666667
129 0.005463943277338722 0.99995
130 0.005392505183144768 0.9999666666666667
131 0.005334348337891609 0.9999833333333333
132 0.005260650829192616 0.9999833333333333
133 0.005186886367535016 0.9999833333333333
134 0.005129054604745559 0.9999833333333333
135 0.005063067110918605 0.9999833333333333
136 0.005002040126329181 0.9999833333333333
137 0.004960827816869499 0.9999833333333333
138 0.00490258920859339 0.9999833333333333
139 0.004842179382084879 0.9999833333333333
140 0.004779348387690717 0.9999833333333333
141 0.004736477867819305 0.9999833333333333
142 0.004677403185055899 0.9999833333333333
143 0.0046306943460337835 0.9999833333333333
144 0.004562202104822055 0.9999833333333333
145 0.0045361105697169935 1.0
146 0.004481202377421436 0.9999833333333333
147 0.004437951206627773 0.9999833333333333
148 0.004383688485786033 0.9999833333333333
149 0.0043448867538928 0.9999833333333333
150 0.0042891652618191325 0.9999833333333333
151 0.004245460124017158 1.0
152 0.004211111140421538 0.9999833333333333
153 0.004165508919882018 0.9999833333333333
154 0.004118586351264959 0.9999833333333333
155 0.0040793723031716635 1.0
156 0.004034587420892519 1.0
157 0.004007958615549218 1.0
158 0.003963224508160197 1.0
159 0.00391112258290447 1.0
160 0.003881585625643685 1.0
161 0.0038551045286316257 0.9999833333333333
162 0.00381383770403625 1.0
163 0.0037792537745876685 1.0
164 0.0037407726852415894 1.0
165 0.0037150003976855815 1.0
166 0.0036763308690424 0.9999833333333333
167 0.0036390515613748922 1.0
168 0.0035985966532258813 1.0
169 0.003578228397425939 1.0
170 0.0035371323698696728 1.0
171 0.003506516918231215 1.0
172 0.0034782390155122557 1.0
173 0.0034513846408999733 1.0
174 0.0034179903142628814 1.0
175 0.0033853151329131777 1.0
176 0.0033624575167808977 1.0
177 0.003337607275558584 1.0
178 0.003304600739342246 1.0
179 0.0032761954687047265 1.0
180 0.0032428347093335142 1.0
181 0.003220637957044224 1.0
182 0.0031956963217271163 1.0
183 0.003164252194303916 1.0
184 0.0031359365757511084 1.0
185 0.0031212916585809385 1.0
186 0.003087477173347439 1.0
187 0.003068740574840599 1.0
188 0.003038476393155968 1.0
189 0.003018954023991876 1.0
190 0.0029969585003025495 1.0
191 0.0029732800168997997 1.0
192 0.0029486998854113666 1.0
193 0.0029250940647788408 1.0
194 0.002899512751531829 1.0
195 0.002882283669077297 1.0
196 0.002852096190692972 1.0
197 0.0028371057426705877 1.0
198 0.002814754474235933 1.0
199 0.002795264737105676 1.0
200 0.002780281893312256 1.0
201 0.002755750821201381 1.0
202 0.0027350738733586894 1.0
203 0.002718206742398147 1.0
204 0.0026953736230034006 1.0
205 0.0026732589487286247 1.0
206 0.002662340535033645 1.0
207 0.0026381865486568177 1.0
208 0.0026182801545739593 1.0
209 0.002602113748534219 1.0
210 0.0025853420687672584 1.0
211 0.002565761060038927 1.0
212 0.0025488368063263577 1.0
213 0.0025281444139061754 1.0
214 0.002515095032886592 1.0
215 0.0024825617284906197 1.0
216 0.0024842413039063847 1.0
217 0.00246411233309851 1.0
218 0.0024459902306960056 1.0
219 0.002430939642803819 1.0
220 0.0024158371964157787 1.0
221 0.0023964695996224585 1.0
222 0.002384912326752242 1.0
223 0.0023638000736620696 1.0
224 0.0023525765423587502 1.0
225 0.002339080308510888 1.0
226 0.002322840846395855 1.0
227 0.002309017068669716 1.0
228 0.0022939067920481264 1.0
229 0.0022778558121102532 1.0
230 0.0022643681002238684 1.0
231 0.0022455691501422764 1.0
232 0.0022381110719270083 1.0
233 0.0022217407079189143 1.0
234 0.002202677187201545 1.0
235 0.0021983689060365197 1.0
236 0.0021826359787151645 1.0
237 0.0021706504102767523 1.0
238 0.002156572401407423 1.0
239 0.0021423800340938026 1.0
240 0.0021312007935457566 1.0
241 0.002118023925461868 1.0
242 0.0021068108253685363 1.0
243 0.0020901285691994993 1.0
244 0.002081643954514643 1.0
245 0.002069046003878045 1.0
246 0.0020569370376186443 1.0
247 0.0020427665147465714 1.0
248 0.0020327654262351346 1.0
249 0.0020206418848519067 1.0
250 0.0020097533633971192 1.0
251 0.0019987261023070575 1.0
252 0.001987190377006907 1.0
253 0.0019762309468306623 1.0
254 0.0019635846782505495 1.0
255 0.0019529377750586718 1.0
256 0.001943095276173927 1.0
257 0.001931952642845804 1.0
258 0.0019185115897984329 1.0
259 0.0019114315333559728 1.0
260 0.0018985559676723209 1.0
261 0.00189130503494642 1.0
262 0.0018778185349336064 1.0
263 0.0018701542691111183 1.0
264 0.0018588680592027983 1.0
265 0.0018522252278677476 1.0
266 0.0018420582196599783 1.0
267 0.001830519983797634 1.0
268 0.0018223866625234231 1.0
269 0.0018088776986973523 1.0
270 0.0017993323082205598 1.0
271 0.001790500453562597 1.0
272 0.0017834557597634635 1.0
273 0.00177506360931318 1.0
274 0.0017645445367845613 1.0
275 0.001757414248061559 1.0
276 0.0017484785516811872 1.0
277 0.0017380762887723457 1.0
278 0.001729519311974107 1.0
279 0.0017192073480741404 1.0
280 0.0017122163189458909 1.0
281 0.001703164559282136 1.0
282 0.0016954055967316754 1.0
283 0.0016872109558586199 1.0
284 0.0016796749382059393 1.0
285 0.001669362170072193 1.0
286 0.001662235617933513 1.0
287 0.001656150068667755 1.0
288 0.0016441804077376974 1.0
289 0.0016369671740287196 1.0
290 0.0016304481444311446 1.0
291 0.001621903860316014 1.0
292 0.0016141705890632928 1.0
293 0.0016050532711908093 1.0
294 0.0016008666074866537 1.0
295 0.0015930575363314165 1.0
296 0.001587546259814651 1.0
297 0.001578241081712003 1.0
298 0.001568838625824623 1.0
299 0.0015632612538262845 1.0
300 0.0015563414023661896 1.0
9999 0.0015332424081861973 1.0
