1 0 3.157799005508423
1 80 0.26140010356903076
1 160 0.26119375228881836
1 240 0.39828765392303467
1 320 0.30125001072883606
1 400 0.21217437088489532
2 0 0.2660664916038513
2 80 0.1668945997953415
2 160 0.1358800083398819
2 240 0.22239957749843597
2 320 0.29888027906417847
2 400 0.16450734436511993
3 0 0.1315658986568451
3 80 0.14281001687049866
3 160 0.171905979514122
3 240 0.0897979810833931
3 320 0.18086306750774384
3 400 0.16861198842525482
4 0 0.11907193809747696
4 80 0.1538417488336563
4 160 0.20113876461982727
4 240 0.15100209414958954
4 320 0.1166224330663681
4 400 0.1944049596786499
5 0 0.07060738652944565
5 80 0.20309729874134064
5 160 0.16710413992404938
5 240 0.17490942776203156
5 320 0.16381624341011047
5 400 0.09894483536481857
6 0 0.15379835665225983
6 80 0.18142056465148926
6 160 0.07251618057489395
6 240 0.08407755196094513
6 320 0.07364843785762787
6 400 0.053588561713695526
7 0 0.14625097811222076
7 80 0.1545703113079071
7 160 0.08301626145839691
7 240 0.11997704952955246
7 320 0.08962726593017578
7 400 0.10034528374671936
8 0 0.14855319261550903
8 80 0.13505198061466217
8 160 0.07148005813360214
8 240 0.06532825529575348
8 320 0.06370735168457031
8 400 0.09131438285112381
9 0 0.10225167125463486
9 80 0.07689792662858963
9 160 0.1374572068452835
9 240 0.054408736526966095
9 320 0.16579903662204742
9 400 0.06831991672515869
10 0 0.07519076764583588
10 80 0.04125925153493881
10 160 0.06688029319047928
10 240 0.06378696858882904
10 320 0.05837345868349075
10 400 0.07858488708734512
11 0 0.08510797470808029
11 80 0.03555462509393692
11 160 0.07386476546525955
11 240 0.11336810886859894
11 320 0.12190835177898407
11 400 0.1977156102657318
12 0 0.16039830446243286
12 80 0.11124838888645172
12 160 0.037766680121421814
12 240 0.06217360123991966
12 320 0.0773613452911377
12 400 0.20489278435707092
13 0 0.06952731311321259
13 80 0.06625917553901672
13 160 0.08410429954528809
13 240 0.06420037895441055
13 320 0.13258634507656097
13 400 0.11033335328102112
14 0 0.051294583827257156
14 80 0.046420734375715256
14 160 0.08490175753831863
14 240 0.08464015275239944
14 320 0.05366908013820648
14 400 0.10732406377792358
15 0 0.07007405906915665
15 80 0.08952166140079498
15 160 0.06871560215950012
15 240 0.04559669271111488
15 320 0.12899455428123474
15 400 0.06349887698888779
16 0 0.0866575613617897
16 80 0.08275675028562546
16 160 0.04240289703011513
16 240 0.07657245546579361
16 320 0.0698964074254036
16 400 0.061586350202560425
17 0 0.21565522253513336
17 80 0.048609502613544464
17 160 0.07175767421722412
17 240 0.04969102516770363
17 320 0.07228795439004898
17 400 0.044529661536216736
18 0 0.02663959376513958
18 80 0.047886405140161514
18 160 0.04965849593281746
18 240 0.11702865362167358
18 320 0.09993300586938858
18 400 0.08404406905174255
19 0 0.11150302737951279
19 80 0.1492750644683838
19 160 0.06149863824248314
19 240 0.0531822070479393
19 320 0.08301493525505066
19 400 0.06959006935358047
20 0 0.028385397046804428
20 80 0.04222934693098068
20 160 0.10418577492237091
20 240 0.04968833550810814
20 320 0.042092423886060715
20 400 0.10088268667459488
21 0 0.045198701322078705
21 80 0.03798571228981018
21 160 0.05785501375794411
21 240 0.1109362319111824
21 320 0.01941043511033058
21 400 0.044864121824502945
22 0 0.05939941853284836
22 80 0.018751235678792
22 160 0.08427048474550247
22 240 0.08693218976259232
22 320 0.10419478267431259
22 400 0.05106455087661743
23 0 0.02883155085146427
23 80 0.02999217063188553
23 160 0.09657983481884003
23 240 0.07679465413093567
23 320 0.039219483733177185
23 400 0.0515432208776474
24 0 0.07425931841135025
24 80 0.038724273443222046
24 160 0.0708903893828392
24 240 0.04129338636994362
24 320 0.09868490695953369
24 400 0.05502165108919144
25 0 0.06165559962391853
25 80 0.05167153850197792
25 160 0.05757128819823265
25 240 0.08795274794101715
25 320 0.06467984616756439
25 400 0.06712240725755692
26 0 0.10174352675676346
26 80 0.04690081253647804
26 160 0.03082965686917305
26 240 0.03137139230966568
26 320 0.04400939866900444
26 400 0.016408931463956833
27 0 0.0628441646695137
27 80 0.046726521104574203
27 160 0.049420636147260666
27 240 0.0542452447116375
27 320 0.027070192620158195
27 400 0.07994856685400009
28 0 0.026855796575546265
28 80 0.036891136318445206
28 160 0.0435163713991642
28 240 0.07344330847263336
28 320 0.030394140630960464
28 400 0.07526268810033798
29 0 0.02869635820388794
29 80 0.0440642349421978
29 160 0.05292179808020592
29 240 0.04116208478808403
29 320 0.06393959373235703
29 400 0.03779960423707962
30 0 0.05548429861664772
30 80 0.08039479702711105
30 160 0.06135573238134384
30 240 0.0910291001200676
30 320 0.028014618903398514
30 400 0.048918742686510086
31 0 0.03260723873972893
31 80 0.03273392096161842
31 160 0.05396738275885582
31 240 0.04260149970650673
31 320 0.050176434218883514
31 400 0.020319616422057152
32 0 0.0767689198255539
32 80 0.022351939231157303
32 160 0.03461072966456413
32 240 0.017450762912631035
32 320 0.031689710915088654
32 400 0.010644744150340557
33 0 0.022484926506876945
33 80 0.036211904138326645
33 160 0.02379877306520939
33 240 0.05146132782101631
33 320 0.03061952255666256
33 400 0.03641029819846153
34 0 0.02816029265522957
34 80 0.030623387545347214
34 160 0.04961241036653519
34 240 0.02696056477725506
34 320 0.01812770590186119
34 400 0.04433351010084152
35 0 0.04709935560822487
35 80 0.046716947108507156
35 160 0.017100227996706963
35 240 0.039462246000766754
35 320 0.04429525136947632
35 400 0.03752312436699867
36 0 0.016914984211325645
36 80 0.023209208622574806
36 160 0.015309023670852184
36 240 0.02545394003391266
36 320 0.03510688245296478
36 400 0.026794880628585815
37 0 0.017704207450151443
37 80 0.040519822388887405
37 160 0.028233053162693977
37 240 0.05865517258644104
37 320 0.05715250223875046
37 400 0.045136768370866776
38 0 0.029759012162685394
38 80 0.03973934054374695
38 160 0.036317579448223114
38 240 0.011103109456598759
38 320 0.023039843887090683
38 400 0.05028703436255455
39 0 0.041364360600709915
39 80 0.028356479480862617
39 160 0.024892721325159073
39 240 0.009395583532750607
39 320 0.0329812653362751
39 400 0.03322574123740196
40 0 0.05469623580574989
40 80 0.023456163704395294
40 160 0.017537862062454224
40 240 0.04270801320672035
40 320 0.02385786734521389
40 400 0.04349333792924881
41 0 0.0165410079061985
41 80 0.029996974393725395
41 160 0.01867895945906639
41 240 0.02528497949242592
41 320 0.04902356490492821
41 400 0.01070451457053423
42 0 0.025121279060840607
42 80 0.019627941772341728
42 160 0.04794483631849289
42 240 0.05146804079413414
42 320 0.02263941429555416
42 400 0.026272641494870186
43 0 0.02497151680290699
43 80 0.037742093205451965
43 160 0.040693432092666626
43 240 0.04179355502128601
43 320 0.0379040502011776
43 400 0.0165494903922081
44 0 0.027133338153362274
44 80 0.04140211269259453
44 160 0.03844141960144043
44 240 0.035706695169210434
44 320 0.017135227099061012
44 400 0.029271837323904037
45 0 0.021609211340546608
45 80 0.019531743600964546
45 160 0.01487140916287899
45 240 0.02421923540532589
45 320 0.024283742532134056
45 400 0.02167951501905918
46 0 0.016699660569429398
46 80 0.01605542004108429
46 160 0.02244516834616661
46 240 0.02432623878121376
46 320 0.04079079627990723
46 400 0.016888579353690147
47 0 0.01380140334367752
47 80 0.04776590317487717
47 160 0.0371864028275013
47 240 0.0269452091306448
47 320 0.02346407249569893
47 400 0.02857394702732563
48 0 0.013480303809046745
48 80 0.00940379872918129
48 160 0.008419464342296124
48 240 0.045899488031864166
48 320 0.04091488942503929
48 400 0.057633064687252045
49 0 0.01758505217730999
49 80 0.020241817459464073
49 160 0.08306749165058136
49 240 0.029933571815490723
49 320 0.02616504207253456
49 400 0.04722241684794426
50 0 0.0131753571331501
50 80 0.04003148898482323
50 160 0.02836434915661812
50 240 0.03518771752715111
50 320 0.04054152965545654
50 400 0.029572781175374985
51 0 0.011953968554735184
51 80 0.03184080868959427
51 160 0.03249695152044296
51 240 0.04073214530944824
51 320 0.04070418328046799
51 400 0.017294319346547127
52 0 0.02282850630581379
52 80 0.039145585149526596
52 160 0.013604427687823772
52 240 0.027179140597581863
52 320 0.012192867696285248
52 400 0.017570486292243004
53 0 0.023376287892460823
53 80 0.011332363821566105
53 160 0.02576364204287529
53 240 0.023630831390619278
53 320 0.02453928254544735
53 400 0.023383498191833496
54 0 0.04353563115000725
54 80 0.031354308128356934
54 160 0.021464018151164055
54 240 0.014052540063858032
54 320 0.02723212167620659
54 400 0.017339594662189484
55 0 0.013690616935491562
55 80 0.021845296025276184
55 160 0.0211224015802145
55 240 0.019073329865932465
55 320 0.0169230867177248
55 400 0.030519194900989532
56 0 0.011895065195858479
56 80 0.02075199969112873
56 160 0.012329192832112312
56 240 0.01350727304816246
56 320 0.039919864386320114
56 400 0.01714366115629673
57 0 0.034395404160022736
57 80 0.020850706845521927
57 160 0.015071195550262928
57 240 0.024448763579130173
57 320 0.02392050251364708
57 400 0.03566746041178703
58 0 0.026558972895145416
58 80 0.011323592625558376
58 160 0.01728990115225315
58 240 0.015747927129268646
58 320 0.03136194497346878
58 400 0.011928013525903225
59 0 0.02522454410791397
59 80 0.018128907307982445
59 160 0.01182881835848093
59 240 0.026041004806756973
59 320 0.005939230788499117
59 400 0.0077527048997581005
60 0 0.02569684572517872
60 80 0.016608448699116707
60 160 0.018854381516575813
60 240 0.01708279363811016
60 320 0.018138304352760315
60 400 0.02234656549990177
61 0 0.02355978824198246
61 80 0.018822433426976204
61 160 0.011754682287573814
61 240 0.022039160132408142
61 320 0.013377887196838856
61 400 0.011920761317014694
62 0 0.021912334486842155
62 80 0.010103188455104828
62 160 0.015596120618283749
62 240 0.009065748192369938
62 320 0.018738094717264175
62 400 0.015369699336588383
63 0 0.018006233498454094
63 80 0.005989627912640572
63 160 0.010414736345410347
63 240 0.012866429053246975
63 320 0.0076072863303124905
63 400 0.011072182096540928
64 0 0.014194410294294357
64 80 0.020513208582997322
64 160 0.012665245682001114
64 240 0.011071044951677322
64 320 0.004790851846337318
64 400 0.011861000210046768
65 0 0.01127261109650135
65 80 0.009553930722177029
65 160 0.016751283779740334
65 240 0.013641954399645329
65 320 0.015052273869514465
65 400 0.015720263123512268
66 0 0.01417987234890461
66 80 0.011197133921086788
66 160 0.011972766369581223
66 240 0.013969948515295982
66 320 0.023964300751686096
66 400 0.015558565966784954
67 0 0.02065541036427021
67 80 0.013653675094246864
67 160 0.012320101261138916
67 240 0.007825684733688831
67 320 0.021959908306598663
67 400 0.011192385107278824
68 0 0.012993210926651955
68 80 0.01412872038781643
68 160 0.014231798239052296
68 240 0.02844962291419506
68 320 0.020895300433039665
68 400 0.011052882298827171
69 0 0.01863209344446659
69 80 0.019792325794696808
69 160 0.0043707662262022495
69 240 0.020988572388887405
69 320 0.017150243744254112
69 400 0.029709814116358757
70 0 0.005139982793480158
70 80 0.011830258183181286
70 160 0.0107429726049304
70 240 0.010317488573491573
70 320 0.014358517713844776
70 400 0.008617108687758446
71 0 0.01733342558145523
71 80 0.015648335218429565
71 160 0.016695277765393257
71 240 0.01234432589262724
71 320 0.015068062581121922
71 400 0.019730372354388237
72 0 0.00707501545548439
72 80 0.012257604859769344
72 160 0.020751086995005608
72 240 0.02019021287560463
72 320 0.02250322885811329
72 400 0.005358606576919556
73 0 0.013907610438764095
73 80 0.00678038876503706
73 160 0.02536812424659729
73 240 0.01738990843296051
73 320 0.007259952370077372
73 400 0.010679090395569801
74 0 0.010050403885543346
74 80 0.014737016521394253
74 160 0.013141647912561893
74 240 0.03381047025322914
74 320 0.01392451860010624
74 400 0.013416861183941364
75 0 0.009568704292178154
75 80 0.015060246922075748
75 160 0.011414648965001106
75 240 0.019237622618675232
75 320 0.0167267844080925
75 400 0.01554369181394577
76 0 0.0068300808779895306
76 80 0.021645503118634224
76 160 0.01848023757338524
76 240 0.010752731934189796
76 320 0.01198580488562584
76 400 0.007642460986971855
77 0 0.005463745445013046
77 80 0.01761922799050808
77 160 0.016720343381166458
77 240 0.018651705235242844
77 320 0.0073806061409413815
77 400 0.007460747845470905
78 0 0.009183291345834732
78 80 0.011762636713683605
78 160 0.006466888822615147
78 240 0.015220507979393005
78 320 0.009589617140591145
78 400 0.01809125952422619
79 0 0.006672114133834839
79 80 0.010964828543365002
79 160 0.008277369663119316
79 240 0.02207663096487522
79 320 0.009440453723073006
79 400 0.007819331251084805
80 0 0.012892370112240314
80 80 0.017621025443077087
80 160 0.006163975689560175
80 240 0.013083399273455143
80 320 0.007833446376025677
80 400 0.007722934707999229
81 0 0.025876931846141815
81 80 0.015374633483588696
81 160 0.008159603923559189
81 240 0.00952925905585289
81 320 0.01613459922373295
81 400 0.0279379915446043
82 0 0.010035726241767406
82 80 0.008987171575427055
82 160 0.009268829599022865
82 240 0.013530164957046509
82 320 0.012878702953457832
82 400 0.017028633505105972
83 0 0.009510773234069347
83 80 0.011487859301269054
83 160 0.009451311081647873
83 240 0.009191806428134441
83 320 0.010786148719489574
83 400 0.007252634037286043
84 0 0.010424403473734856
84 80 0.008405910804867744
84 160 0.004029591102153063
84 240 0.012271340005099773
84 320 0.006958827842026949
84 400 0.012519110925495625
85 0 0.008337177336215973
85 80 0.004329029470682144
85 160 0.00632289657369256
85 240 0.02553139068186283
85 320 0.016182467341423035
85 400 0.012444336898624897
86 0 0.004797511734068394
86 80 0.011011578142642975
86 160 0.008864051662385464
86 240 0.003996138460934162
86 320 0.008907526731491089
86 400 0.007110228296369314
87 0 0.007235660217702389
87 80 0.011389401741325855
87 160 0.01729891635477543
87 240 0.014140352606773376
87 320 0.01652698591351509
87 400 0.00767230149358511
88 0 0.01309712789952755
88 80 0.023689359426498413
88 160 0.012068133801221848
88 240 0.0076055265963077545
88 320 0.013701878488063812
88 400 0.008856695145368576
89 0 0.005013987887650728
89 80 0.010030471719801426
89 160 0.006845246534794569
89 240 0.008264513686299324
89 320 0.020497681573033333
89 400 0.008019819855690002
90 0 0.008738500066101551
90 80 0.0106091583147645
90 160 0.013371692970395088
90 240 0.0021864057052880526
90 320 0.013745005242526531
90 400 0.012186446227133274
91 0 0.008052575401961803
91 80 0.009015736170113087
91 160 0.007364732678979635
91 240 0.0031227911822497845
91 320 0.011292919516563416
91 400 0.006208234932273626
92 0 0.00788885448127985
92 80 0.007112050428986549
92 160 0.009529798291623592
92 240 0.014160322025418282
92 320 0.021041370928287506
92 400 0.009854758158326149
93 0 0.01262833271175623
93 80 0.014031502418220043
93 160 0.01182109210640192
93 240 0.005691788624972105
93 320 0.01555781252682209
93 400 0.008311322890222073
94 0 0.014207597821950912
94 80 0.007992601953446865
94 160 0.006792965345084667
94 240 0.010057567618787289
94 320 0.012352495454251766
94 400 0.009511864744126797
95 0 0.00962105579674244
95 80 0.005783241707831621
95 160 0.008306571282446384
95 240 0.007205020170658827
95 320 0.01660924032330513
95 400 0.00734111899510026
96 0 0.01080601941794157
96 80 0.005763504654169083
96 160 0.003699105465784669
96 240 0.00607274891808629
96 320 0.012999092228710651
96 400 0.008974046446383
97 0 0.006422987207770348
97 80 0.011614716611802578
97 160 0.011237828992307186
97 240 0.016436496749520302
97 320 0.003111670957878232
97 400 0.0030502916779369116
98 0 0.006675755605101585
98 80 0.005044285673648119
98 160 0.006914703641086817
98 240 0.012249873951077461
98 320 0.004541564732789993
98 400 0.005869945045560598
99 0 0.010128634050488472
99 80 0.009502993896603584
99 160 0.004955042153596878
99 240 0.007245187647640705
99 320 0.005847270600497723
99 400 0.0055031864903867245
100 0 0.009033694863319397
100 80 0.010894661769270897
100 160 0.007848748937249184
100 240 0.015595192089676857
100 320 0.00670984573662281
100 400 0.006773602217435837
101 0 0.004508916288614273
101 80 0.009547333233058453
101 160 0.0051414440385997295
101 240 0.006506173871457577
101 320 0.010767210274934769
101 400 0.009015987627208233
102 0 0.007735428865998983
102 80 0.004420765675604343
102 160 0.0032613184303045273
102 240 0.009574580006301403
102 320 0.008086374029517174
102 400 0.007269885390996933
103 0 0.002800055779516697
103 80 0.005822884850203991
103 160 0.006841778289526701
103 240 0.011480388231575489
103 320 0.0093988673761487
103 400 0.008514722809195518
104 0 0.009320727549493313
104 80 0.00745412427932024
104 160 0.004738528747111559
104 240 0.014700563624501228
104 320 0.009367217309772968
104 400 0.005476919002830982
105 0 0.010910638608038425
105 80 0.00821632705628872
105 160 0.006630755495280027
105 240 0.005552809685468674
105 320 0.005645187105983496
105 400 0.013204517774283886
106 0 0.007139608729630709
106 80 0.008282768540084362
106 160 0.006111079826951027
106 240 0.013878624886274338
106 320 0.007694177329540253
106 400 0.003916515968739986
107 0 0.010402316227555275
107 80 0.004677928052842617
107 160 0.007828030735254288
107 240 0.003520455677062273
107 320 0.003172443713992834
107 400 0.007811401039361954
108 0 0.006287545431405306
108 80 0.00957443192601204
108 160 0.005765515845268965
108 240 0.012202476151287556
108 320 0.007232008967548609
108 400 0.007983474060893059
109 0 0.006430739536881447
109 80 0.012454439885914326
109 160 0.01049681007862091
109 240 0.005652661435306072
109 320 0.00630203727632761
109 400 0.015410646796226501
110 0 0.0038598577957600355
110 80 0.006250033620744944
110 160 0.003982112742960453
110 240 0.003698777174577117
110 320 0.007708976976573467
110 400 0.0026299378369003534
111 0 0.005032292567193508
111 80 0.005489954259246588
111 160 0.009319983422756195
111 240 0.0047460077330470085
111 320 0.00872790813446045
111 400 0.007346044294536114
112 0 0.0063629355281591415
112 80 0.00732918968424201
112 160 0.013185289688408375
112 240 0.004729431122541428
112 320 0.013873189687728882
112 400 0.006213890388607979
113 0 0.011012677103281021
113 80 0.005265613552182913
113 160 0.0029149088077247143
113 240 0.0017275053542107344
113 320 0.004205652978271246
113 400 0.00835268385708332
114 0 0.003614543005824089
114 80 0.010440650396049023
114 160 0.009303739294409752
114 240 0.011013643816113472
114 320 0.0033737975172698498
114 400 0.0034978538751602173
115 0 0.002113652415573597
115 80 0.005123199429363012
115 160 0.005145702976733446
115 240 0.0051015145145356655
115 320 0.006553499959409237
115 400 0.009311039000749588
116 0 0.009246084839105606
116 80 0.007893295958638191
116 160 0.003811934730038047
116 240 0.008264215663075447
116 320 0.006156416144222021
116 400 0.006169111933559179
117 0 0.0052841417491436005
117 80 0.004956381395459175
117 160 0.006487070117145777
117 240 0.01064185332506895
117 320 0.010634573176503181
117 400 0.006506322417408228
118 0 0.0045404089614748955
118 80 0.00805851723998785
118 160 0.007366998586803675
118 240 0.003209308022633195
118 320 0.005438871681690216
118 400 0.011752299964427948
119 0 0.004658962599933147
119 80 0.006089452188462019
119 160 0.003530035726726055
119 240 0.0050087966956198215
119 320 0.007058423478156328
119 400 0.011556590907275677
120 0 0.0034949069377034903
120 80 0.007698269560933113
120 160 0.0032928232103586197
120 240 0.004799369256943464
120 320 0.0025852895341813564
120 400 0.005251020658761263
121 0 0.004420294892042875
121 80 0.004759668838232756
121 160 0.01193432230502367
121 240 0.004049008712172508
121 320 0.01023692637681961
121 400 0.0058578806929290295
122 0 0.00764551293104887
122 80 0.0040800608694553375
122 160 0.007713197730481625
122 240 0.006384950131177902
122 320 0.006296281237155199
122 400 0.0036685436498373747
123 0 0.004296892788261175
123 80 0.0058815316297113895
123 160 0.012048584409058094
123 240 0.006180542055517435
123 320 0.006739017553627491
123 400 0.0038669551722705364
124 0 0.003935336600989103
124 80 0.003907427657395601
124 160 0.003525672946125269
124 240 0.00395433884114027
124 320 0.003284101840108633
124 400 0.007538670673966408
125 0 0.0058493176475167274
125 80 0.002599780447781086
125 160 0.006830661091953516
125 240 0.005018460564315319
125 320 0.00468645803630352
125 400 0.0056350091472268105
126 0 0.004816496279090643
126 80 0.008113312534987926
126 160 0.004090600181370974
126 240 0.00828331895172596
126 320 0.009659355506300926
126 400 0.009832085110247135
127 0 0.007767436560243368
127 80 0.0028420938178896904
127 160 0.00798256415873766
127 240 0.00468028150498867
127 320 0.004341591149568558
127 400 0.005138235166668892
128 0 0.007583102211356163
128 80 0.003313373774290085
128 160 0.0067649357952177525
128 240 0.00479291845113039
128 320 0.007863725535571575
128 400 0.0038568368181586266
129 0 0.002718421397730708
129 80 0.007657673209905624
129 160 0.004887470509856939
129 240 0.0030518989078700542
129 320 0.006587788928300142
129 400 0.007321274373680353
130 0 0.0014454663032665849
130 80 0.005239455495029688
130 160 0.0056288400664925575
130 240 0.008771141059696674
130 320 0.009122942574322224
130 400 0.003182784654200077
131 0 0.00841441098600626
131 80 0.004080685321241617
131 160 0.004766885191202164
131 240 0.005073713604360819
131 320 0.0038098508957773447
131 400 0.012575866654515266
132 0 0.002610898809507489
132 80 0.00456215301528573
132 160 0.0048784418031573296
132 240 0.005125740077346563
132 320 0.001802686252631247
132 400 0.005207763519138098
133 0 0.00402625510469079
133 80 0.0052957371808588505
133 160 0.0072542824782431126
133 240 0.005923890043050051
133 320 0.008896995335817337
133 400 0.006072943098843098
134 0 0.004742171615362167
134 80 0.0036856159567832947
134 160 0.004147575702518225
134 240 0.005189703311771154
134 320 0.003773357253521681
134 400 0.004711426794528961
135 0 0.0022234951611608267
135 80 0.004604141693562269
135 160 0.007167911157011986
135 240 0.00485778134316206
135 320 0.006351923570036888
135 400 0.004877613391727209
136 0 0.0032691971864551306
136 80 0.0037497628945857286
136 160 0.005668437108397484
136 240 0.0028747599571943283
136 320 0.005659842398017645
136 400 0.003351708874106407
137 0 0.007060066796839237
137 80 0.008471725508570671
137 160 0.003278052434325218
137 240 0.003286049235612154
137 320 0.0019436429720371962
137 400 0.005235007964074612
138 0 0.002252759877592325
138 80 0.004690246190875769
138 160 0.0073636723682284355
138 240 0.0048681399784982204
138 320 0.007370295003056526
138 400 0.0034801384899765253
139 0 0.005506665445864201
139 80 0.004283504094928503
139 160 0.005442964844405651
139 240 0.00358423194848001
139 320 0.00747504411265254
139 400 0.00833726767450571
140 0 0.00209121429361403
140 80 0.0029067792929708958
140 160 0.0042055766098201275
140 240 0.008328055031597614
140 320 0.004737113602459431
140 400 0.003815438598394394
141 0 0.005027580540627241
141 80 0.005845843814313412
141 160 0.004988412838429213
141 240 0.004669498186558485
141 320 0.0060354904271662235
141 400 0.005677911918610334
142 0 0.007904359139502048
142 80 0.0025181544478982687
142 160 0.002953018993139267
142 240 0.004385760985314846
142 320 0.0030893543735146523
142 400 0.00281286658719182
143 0 0.0025874043349176645
143 80 0.006256909109652042
143 160 0.004809406585991383
143 240 0.0070602730847895145
143 320 0.002906093141064048
143 400 0.004532121121883392
144 0 0.004637831822037697
144 80 0.007276627235114574
144 160 0.00435497984290123
144 240 0.003269422799348831
144 320 0.003068301361054182
144 400 0.007090024184435606
145 0 0.0013578152284026146
145 80 0.006280689500272274
145 160 0.0021156752482056618
145 240 0.003284946782514453
145 320 0.0036414002534002066
145 400 0.004992378875613213
146 0 0.0062313443049788475
146 80 0.002816481050103903
146 160 0.004204835742712021
146 240 0.004767315462231636
146 320 0.0038452798034995794
146 400 0.007804570719599724
147 0 0.0040340907871723175
147 80 0.006360410712659359
147 160 0.007629868574440479
147 240 0.00607314333319664
147 320 0.004065198823809624
147 400 0.00385095807723701
148 0 0.00391184538602829
148 80 0.0050540161319077015
148 160 0.004172774031758308
148 240 0.006719834171235561
148 320 0.004191403277218342
148 400 0.0020151014905422926
149 0 0.00525730662047863
149 80 0.003110970137640834
149 160 0.005639922339469194
149 240 0.005598308984190226
149 320 0.003408438293263316
149 400 0.0041650645434856415
150 0 0.004391225054860115
150 80 0.004833693150430918
150 160 0.0030917220283299685
150 240 0.004097694996744394
150 320 0.005320193246006966
150 400 0.0038426208775490522
151 0 0.005333485547453165
151 80 0.003439906984567642
151 160 0.0052496944554150105
151 240 0.003369806567206979
151 320 0.004353279713541269
151 400 0.0024048222694545984
152 0 0.003502416191622615
152 80 0.0033748832065612078
152 160 0.0051428405568003654
152 240 0.005121591966599226
152 320 0.007211622782051563
152 400 0.002899985760450363
153 0 0.003792417934164405
153 80 0.003777572186663747
153 160 0.003053926629945636
153 240 0.002912181196734309
153 320 0.003836211282759905
153 400 0.003720068372786045
154 0 0.0036551672965288162
154 80 0.005353204440325499
154 160 0.004317656625062227
154 240 0.005954448599368334
154 320 0.001505682710558176
154 400 0.001845435705035925
155 0 0.0034421226009726524
155 80 0.002706522587686777
155 160 0.005354802589863539
155 240 0.004306307528167963
155 320 0.006012796424329281
155 400 0.008901994675397873
156 0 0.0015236306935548782
156 80 0.006331339944154024
156 160 0.003535290714353323
156 240 0.003628137521445751
156 320 0.0031740800477564335
156 400 0.007866127416491508
157 0 0.004637022502720356
157 80 0.004462141543626785
157 160 0.00856573972851038
157 240 0.004689723253250122
157 320 0.004300187807530165
157 400 0.002729906002059579
158 0 0.003861640579998493
158 80 0.00412357971072197
158 160 0.0025075057055801153
158 240 0.0042660352773964405
158 320 0.0052831219509243965
158 400 0.004614779260009527
159 0 0.0015715130139142275
159 80 0.0028681636322289705
159 160 0.0019396926509216428
159 240 0.006173755973577499
159 320 0.002377695171162486
159 400 0.0031757429242134094
160 0 0.002708687214180827
160 80 0.004036775324493647
160 160 0.0028469772078096867
160 240 0.0036693005822598934
160 320 0.0037502706982195377
160 400 0.003839112352579832
161 0 0.0031834475230425596
161 80 0.0027604475617408752
161 160 0.0022712331265211105
161 240 0.004696620162576437
161 320 0.0036383846309036016
161 400 0.005406237673014402
162 0 0.0015425810124725103
162 80 0.003575450275093317
162 160 0.0038145382422953844
162 240 0.005504641681909561
162 320 0.0023499864619225264
162 400 0.003319056471809745
163 0 0.0017239702865481377
163 80 0.005102505907416344
163 160 0.006388566456735134
163 240 0.0033752063754945993
163 320 0.004215862136334181
163 400 0.002480642171576619
164 0 0.004307003691792488
164 80 0.0033746506087481976
164 160 0.005062017124146223
164 240 0.002351498929783702
164 320 0.0033016845118254423
164 400 0.004089842084795237
165 0 0.002006290480494499
165 80 0.0023752402048557997
165 160 0.004032634664326906
165 240 0.0029182196594774723
165 320 0.003773231990635395
165 400 0.0035702241584658623
166 0 0.003379732370376587
166 80 0.003936664201319218
166 160 0.0026312286499887705
166 240 0.002061077393591404
166 320 0.0032686956692487
166 400 0.006469608750194311
167 0 0.005030672065913677
167 80 0.002559213899075985
167 160 0.0041840896010398865
167 240 0.005093311425298452
167 320 0.004873075522482395
167 400 0.0025506303645670414
168 0 0.002479585586115718
168 80 0.003927124664187431
168 160 0.004028119146823883
168 240 0.00226777046918869
168 320 0.005347054917365313
168 400 0.004340500105172396
169 0 0.0025931657291948795
169 80 0.0023629406932741404
169 160 0.003402430098503828
169 240 0.003713578451424837
169 320 0.004206201061606407
169 400 0.0020913525950163603
170 0 0.0022264905273914337
170 80 0.002895399695262313
170 160 0.0034220919478684664
170 240 0.002519625471904874
170 320 0.0059470911510288715
170 400 0.005131049081683159
171 0 0.0034426210913807154
171 80 0.0025827300269156694
171 160 0.002824192401021719
171 240 0.003517518751323223
171 320 0.0028745345771312714
171 400 0.0045053912326693535
172 0 0.0017815874889492989
172 80 0.0042263842187821865
172 160 0.004376253113150597
172 240 0.0018266469705849886
172 320 0.003936036489903927
172 400 0.005568596534430981
173 0 0.0016015899600461125
173 80 0.003586371662095189
173 160 0.0028201527893543243
173 240 0.003203414846211672
173 320 0.004856988787651062
173 400 0.0019419370219111443
174 0 0.0036418181844055653
174 80 0.0025661035906523466
174 160 0.003918906673789024
174 240 0.0028056579176336527
174 320 0.0030119677539914846
174 400 0.003802427789196372
175 0 0.004034549929201603
175 80 0.0016148852882906795
175 160 0.004940737504512072
175 240 0.0015833196230232716
175 320 0.005141681060194969
175 400 0.0031648355070501566
176 0 0.0029489973094314337
176 80 0.0019715717062354088
176 160 0.0019160511437803507
176 240 0.0013674653600901365
176 320 0.004376314114779234
176 400 0.005192722659558058
177 0 0.005690071266144514
177 80 0.003196211066097021
177 160 0.00296408380381763
177 240 0.004124762024730444
177 320 0.0034538249019533396
177 400 0.0020688751246780157
178 0 0.0026513326447457075
178 80 0.0034121491480618715
178 160 0.0032186980824917555
178 240 0.005084770731627941
178 320 0.0032252673991024494
178 400 0.002101553836837411
179 0 0.002255508443340659
179 80 0.0036543793976306915
179 160 0.002425422426313162
179 240 0.0021749725565314293
179 320 0.004680036101490259
179 400 0.00406619580462575
180 0 0.0030536616686731577
180 80 0.00334473280236125
180 160 0.0018147057853639126
180 240 0.0028246641159057617
180 320 0.0022100575733929873
180 400 0.0037147579714655876
181 0 0.0019167271675541997
181 80 0.0035513632465153933
181 160 0.0025235391221940517
181 240 0.0026728182565420866
181 320 0.0027839699760079384
181 400 0.0035540072713047266
182 0 0.0034450474195182323
182 80 0.00397777883335948
182 160 0.004942369181662798
182 240 0.004271906800568104
182 320 0.0031505574006587267
182 400 0.0009627345716580749
183 0 0.0027516568079590797
183 80 0.0023226183839142323
183 160 0.00379731971770525
183 240 0.0025575736071914434
183 320 0.001433685072697699
183 400 0.002453405875712633
184 0 0.0033359320368617773
184 80 0.0017828316194936633
184 160 0.004289453383535147
184 240 0.003016701200976968
184 320 0.005295892246067524
184 400 0.0031475957948714495
185 0 0.004929850809276104
185 80 0.005270044319331646
185 160 0.0015713217435404658
185 240 0.002129376633092761
185 320 0.001048050238750875
185 400 0.0030981511808931828
186 0 0.0012579100439324975
186 80 0.004346037749201059
186 160 0.003135681850835681
186 240 0.004076168406754732
186 320 0.002828149124979973
186 400 0.0033171907998621464
187 0 0.00204826844856143
187 80 0.0031716106459498405
187 160 0.003800308331847191
187 240 0.003044563578441739
187 320 0.0018209738191217184
187 400 0.004605916794389486
188 0 0.0027019474655389786
188 80 0.00395525386556983
188 160 0.0050513301976025105
188 240 0.0025395110715180635
188 320 0.0017350269481539726
188 400 0.004542447626590729
189 0 0.00244625611230731
189 80 0.0031713128555566072
189 160 0.002670122077688575
189 240 0.003199185710400343
189 320 0.0019253288628533483
189 400 0.005556975957006216
190 0 0.003760963911190629
190 80 0.003856696654111147
190 160 0.003137656021863222
190 240 0.005346190184354782
190 320 0.0034426231868565083
190 400 0.0031519292388111353
191 0 0.0016117829363793135
191 80 0.0012674292083829641
191 160 0.003126004943624139
191 240 0.004626548383384943
191 320 0.0011729712132364511
191 400 0.0021659343037754297
192 0 0.004297566134482622
192 80 0.0031323572620749474
192 160 0.004025805275887251
192 240 0.0023005264811217785
192 320 0.004231120925396681
192 400 0.005178261548280716
193 0 0.002436192939057946
193 80 0.0035875942558050156
193 160 0.0030732043087482452
193 240 0.0022098873741924763
193 320 0.002150333486497402
193 400 0.0029593787621706724
194 0 0.004012761637568474
194 80 0.0020675770938396454
194 160 0.0013931895373389125
194 240 0.0014987762551754713
194 320 0.0034430359955877066
194 400 0.0032467562705278397
195 0 0.0025995869655162096
195 80 0.0017009350704029202
195 160 0.003791266120970249
195 240 0.0020948685705661774
195 320 0.003525697160512209
195 400 0.0034487824887037277
196 0 0.002434826223179698
196 80 0.0020362052600830793
196 160 0.0021390458568930626
196 240 0.003013567766174674
196 320 0.0035388146061450243
196 400 0.0017471417086198926
197 0 0.003116549924015999
197 80 0.0017337349709123373
197 160 0.003072169842198491
197 240 0.002405746839940548
197 320 0.0033379539381712675
197 400 0.0007004027720540762
198 0 0.001713053323328495
198 80 0.001653125393204391
198 160 0.002786463825032115
198 240 0.0036765378899872303
198 320 0.001577378367073834
198 400 0.001760699087753892
199 0 0.004473980516195297
199 80 0.0008777243201620877
199 160 0.004373657051473856
199 240 0.001881968230009079
199 320 0.0043660979717969894
199 400 0.00305547215975821
200 0 0.002864111214876175
200 80 0.0028968388214707375
200 160 0.0036079022102057934
200 240 0.0044415718875825405
200 320 0.00100901594851166
200 400 0.0031002226751297712
201 0 0.0012431095819920301
201 80 0.002788865240290761
201 160 0.0017568469047546387
201 240 0.0038004531525075436
201 320 0.001926236436702311
201 400 0.0022112345322966576
202 0 0.0019149774452671409
202 80 0.001976997824385762
202 160 0.0025458557065576315
202 240 0.004596864338964224
202 320 0.0038996876683086157
202 400 0.001593004446476698
203 0 0.00369143090210855
203 80 0.002910592593252659
203 160 0.0021081785671412945
203 240 0.004392585717141628
203 320 0.0030977101996541023
203 400 0.004229903221130371
204 0 0.0017732931300997734
204 80 0.002648877212777734
204 160 0.0026279150042682886
204 240 0.0015842573484405875
204 320 0.0018021089490503073
204 400 0.0045831454917788506
205 0 0.003325675381347537
205 80 0.002724788151681423
205 160 0.0027718436904251575
205 240 0.001886543002910912
205 320 0.0036432284396141768
205 400 0.0027150216046720743
206 0 0.0034251189790666103
206 80 0.0022499680053442717
206 160 0.0025469856336712837
206 240 0.002464724937453866
206 320 0.002764174249023199
206 400 0.0016107145929709077
207 0 0.003162743290886283
207 80 0.004995287861675024
207 160 0.001912338426336646
207 240 0.0034548244439065456
207 320 0.0027619178872555494
207 400 0.0021792473271489143
208 0 0.0014889584854245186
208 80 0.0023916030768305063
208 160 0.0037486639339476824
208 240 0.0019277154933661222
208 320 0.001399087137542665
208 400 0.001831011031754315
209 0 0.0011428522411733866
209 80 0.0019336709519848228
209 160 0.0028243218548595905
209 240 0.0019810576923191547
209 320 0.002241829875856638
209 400 0.0014766431413590908
210 0 0.0023072685580700636
210 80 0.002729998202994466
210 160 0.0012816321104764938
210 240 0.00358800170943141
210 320 0.003495075972750783
210 400 0.003203853266313672
211 0 0.0026141402777284384
211 80 0.0031687957234680653
211 160 0.00335793849080801
211 240 0.0034480758477002382
211 320 0.004315017722547054
211 400 0.000965375336818397
212 0 0.001917539513669908
212 80 0.003262872574850917
212 160 0.004353523254394531
212 240 0.0031534740701317787
212 320 0.0014991078060120344
212 400 0.002345726592466235
213 0 0.0015292047755792737
213 80 0.0012516275746747851
213 160 0.0022890621330589056
213 240 0.0015799460234120488
213 320 0.003114750375971198
213 400 0.002057141624391079
214 0 0.0033588726073503494
214 80 0.0020820030476897955
214 160 0.0015781037509441376
214 240 0.002016658429056406
214 320 0.0024608667008578777
214 400 0.001755629084073007
215 0 0.0020471392199397087
215 80 0.0019183742115274072
215 160 0.0030912093352526426
215 240 0.00288116536103189
215 320 0.0020998711697757244
215 400 0.0022610644809901714
216 0 0.0044306302443146706
216 80 0.002181293908506632
216 160 0.0029956421349197626
216 240 0.005930837243795395
216 320 0.0012096770806238055
216 400 0.0026811878196895123
217 0 0.0015293254982680082
217 80 0.0016987924464046955
217 160 0.0016809477237984538
217 240 0.002126609440892935
217 320 0.0018378267996013165
217 400 0.002360396087169647
218 0 0.0034512660931795835
218 80 0.0034277657978236675
218 160 0.002252219943329692
218 240 0.002515348605811596
218 320 0.0015496088890358806
218 400 0.0027809510938823223
219 0 0.005027714651077986
219 80 0.0013468003598973155
219 160 0.0020842652302235365
219 240 0.0017243543406948447
219 320 0.0010847749654203653
219 400 0.0022709898184984922
220 0 0.0022721386048942804
220 80 0.0019327582558616996
220 160 0.001980262342840433
220 240 0.0022762445732951164
220 320 0.0024619007017463446
220 400 0.0030784490518271923
221 0 0.0030662170611321926
221 80 0.0026303159538656473
221 160 0.00365346297621727
221 240 0.0012816499220207334
221 320 0.002951268805190921
221 400 0.002591122640296817
222 0 0.001986660761758685
222 80 0.0025804219767451286
222 160 0.0025490138214081526
222 240 0.001751758623868227
222 320 0.001981739653274417
222 400 0.003377470187842846
223 0 0.003741063177585602
223 80 0.002706614788621664
223 160 0.0014981911517679691
223 240 0.002399618737399578
223 320 0.0034345341846346855
223 400 0.002578545128926635
224 0 0.0016546951374039054
224 80 0.002723642624914646
224 160 0.00206358777359128
224 240 0.002288381103426218
224 320 0.0023414825554937124
224 400 0.001992166042327881
225 0 0.0034397970885038376
225 80 0.002560163615271449
225 160 0.002341552870348096
225 240 0.0014580677961930633
225 320 0.0038701253943145275
225 400 0.0017186005134135485
226 0 0.0016225347062572837
226 80 0.0019827743526548147
226 160 0.001820277189835906
226 240 0.0026753826532512903
226 320 0.002547693671658635
226 400 0.0028616958297789097
227 0 0.001008692430332303
227 80 0.001471865689381957
227 160 0.0037349718622863293
227 240 0.002629367634654045
227 320 0.0016010430408641696
227 400 0.0026839468628168106
228 0 0.001239481382071972
228 80 0.0028481697663664818
228 160 0.001771179842762649
228 240 0.0020562836434692144
228 320 0.003050621598958969
228 400 0.0018059259746223688
229 0 0.0020664127077907324
229 80 0.0021912145894020796
229 160 0.001653730752877891
229 240 0.001995089929550886
229 320 0.001852039946243167
229 400 0.00201576785184443
230 0 0.0015859033446758986
230 80 0.004117963369935751
230 160 0.0029850786086171865
230 240 0.00139333656989038
230 320 0.0053235674276947975
230 400 0.001429384807124734
231 0 0.0017108852043747902
231 80 0.0024141529574990273
231 160 0.0025032858829945326
231 240 0.002640664577484131
231 320 0.002531233476474881
231 400 0.0036828359588980675
232 0 0.0022307641338557005
232 80 0.001430843723937869
232 160 0.002178895054385066
232 240 0.0030354727059602737
232 320 0.002782680792734027
232 400 0.0011849553557112813
233 0 0.0021428721956908703
233 80 0.003068087622523308
233 160 0.0013062458019703627
233 240 0.001668009557761252
233 320 0.0023507338482886553
233 400 0.0021041342988610268
234 0 0.0036305251996964216
234 80 0.0013277882244437933
234 160 0.0036196757573634386
234 240 0.002083730883896351
234 320 0.002027988899499178
234 400 0.0027821005787700415
235 0 0.0022080193739384413
235 80 0.0018132749246433377
235 160 0.0019246736774221063
235 240 0.0015926699852570891
235 320 0.0023596440441906452
235 400 0.0020048958249390125
236 0 0.0016760805156081915
236 80 0.0017679940210655332
236 160 0.0030878856778144836
236 240 0.0029781130142509937
236 320 0.0020321884658187628
236 400 0.0013829133240506053
237 0 0.002036956138908863
237 80 0.002987099578604102
237 160 0.0009722255053929985
237 240 0.002485907170921564
237 320 0.0010583944385871291
237 400 0.0016214228235185146
238 0 0.0017091261688619852
238 80 0.002027120441198349
238 160 0.004545974545180798
238 240 0.002296586288139224
238 320 0.0016240969998762012
238 400 0.001958383247256279
239 0 0.0014817609917372465
239 80 0.0030033718794584274
239 160 0.0010099682258442044
239 240 0.0012463789898902178
239 320 0.002075870055705309
239 400 0.0016033881111070514
240 0 0.001897637965157628
240 80 0.0024190929252654314
240 160 0.0010383761255070567
240 240 0.0016235588118433952
240 320 0.002930964110419154
240 400 0.0040078070014715195
241 0 0.001892931410111487
241 80 0.0035639931447803974
241 160 0.001756389974616468
241 240 0.0035882124211639166
241 320 0.001995707396417856
241 400 0.0013761676382273436
242 0 0.0025025038048624992
242 80 0.0019175062188878655
242 160 0.001542703597806394
242 240 0.0034794865641742945
242 320 0.0022810669615864754
242 400 0.002390513429418206
243 0 0.00271972524933517
243 80 0.0019654235802590847
243 160 0.001955678453668952
243 240 0.0010889720870181918
243 320 0.0013936719624325633
243 400 0.0021872823126614094
244 0 0.0016109886346384883
244 80 0.001285754726268351
244 160 0.0020160290878266096
244 240 0.0023941444233059883
244 320 0.0017473427578806877
244 400 0.0021056928671896458
245 0 0.001867184299044311
245 80 0.0017977157840505242
245 160 0.0021820783149451017
245 240 0.001095653627999127
245 320 0.0019533003214746714
245 400 0.0013332207454368472
246 0 0.0019671788904815912
246 80 0.001426682691089809
246 160 0.00210662093013525
246 240 0.0025795004330575466
246 320 0.0017497537191957235
246 400 0.0011590523645281792
247 0 0.0019447230733931065
247 80 0.001365887001156807
247 160 0.0022038293536752462
247 240 0.0014656317653134465
247 320 0.0016518480842933059
247 400 0.0022057355381548405
248 0 0.0022155698388814926
248 80 0.0017631675582379103
248 160 0.0022198972292244434
248 240 0.0008374530589208007
248 320 0.002927761757746339
248 400 0.002123404759913683
249 0 0.0015025631291791797
249 80 0.0019137784838676453
249 160 0.0014271358959376812
249 240 0.0017607748741284013
249 320 0.0022392142564058304
249 400 0.0022198001388460398
250 0 0.001226730877533555
250 80 0.0024369049351662397
250 160 0.0017864800756797194
250 240 0.0023078350350260735
250 320 0.003457433544099331
250 400 0.0011534435907378793
251 0 0.0029616444371640682
251 80 0.001903266180306673
251 160 0.001578829251229763
251 240 0.0026667779311537743
251 320 0.0011455456260591745
251 400 0.0013610768364742398
252 0 0.00306231458671391
252 80 0.0008244561031460762
252 160 0.002246308606117964
252 240 0.002954874886199832
252 320 0.0020024448167532682
252 400 0.0012666279217228293
253 0 0.0017579825362190604
253 80 0.0019461432239040732
253 160 0.0014906370779499412
253 240 0.001501403865404427
253 320 0.002836095169186592
253 400 0.0026117535308003426
254 0 0.0020590859930962324
254 80 0.002030967967584729
254 160 0.002096343319863081
254 240 0.002079427009448409
254 320 0.001585011719726026
254 400 0.0025750144850462675
255 0 0.0011466435389593244
255 80 0.002815419342368841
255 160 0.0017551685450598598
255 240 0.0019123237580060959
255 320 0.0021247081458568573
255 400 0.002859335159882903
256 0 0.002342075575143099
256 80 0.0016866348451003432
256 160 0.0022492201533168554
256 240 0.002284807153046131
256 320 0.0014532480854541063
256 400 0.002503689844161272
257 0 0.003698619082570076
257 80 0.0018474945100024343
257 160 0.0020613069646060467
257 240 0.0005295256851240993
257 320 0.0025504534132778645
257 400 0.0007140888483263552
258 0 0.001848879735916853
258 80 0.0016588777070865035
258 160 0.0011305392254143953
258 240 0.002428152598440647
258 320 0.0017265115166082978
258 400 0.0013769962824881077
259 0 0.0010223125573247671
259 80 0.002202707575634122
259 160 0.0016707837348803878
259 240 0.001327310223132372
259 320 0.0021237290930002928
259 400 0.0019782932940870523
260 0 0.0020933165214955807
260 80 0.003294854424893856
260 160 0.0017007810529321432
260 240 0.0026712766848504543
260 320 0.001723802532069385
260 400 0.001029460341669619
261 0 0.0015540121821686625
261 80 0.00230145244859159
261 160 0.0017908293521031737
261 240 0.0012315777130424976
261 320 0.0011359740747138858
261 400 0.000989610212855041
262 0 0.0015748104779049754
262 80 0.0016018925234675407
262 160 0.0020626219920814037
262 240 0.0017301102634519339
262 320 0.002628978341817856
262 400 0.0017133369110524654
263 0 0.0011973916552960873
263 80 0.003206280991435051
263 160 0.002929301932454109
263 240 0.0015983427874743938
263 320 0.001912695704959333
263 400 0.0012254428584128618
264 0 0.0018508794018998742
264 80 0.001995443133637309
264 160 0.0017971140332520008
264 240 0.002110380446538329
264 320 0.0009676244226284325
264 400 0.0014491595793515444
265 0 0.0012927679345011711
265 80 0.002512072678655386
265 160 0.0015987876104190946
265 240 0.0025962127838283777
265 320 0.003619967494159937
265 400 0.0014391862787306309
266 0 0.0012456089025363326
266 80 0.0020832617301493883
266 160 0.0013925046660006046
266 240 0.002950193826109171
266 320 0.0019744005985558033
266 400 0.001036416506394744
267 0 0.001252303714863956
267 80 0.0015398393152281642
267 160 0.001140153151936829
267 240 0.0007377821020781994
267 320 0.003359879832714796
267 400 0.0015550201060250401
268 0 0.001683692680671811
268 80 0.0017430133884772658
268 160 0.0013930565910413861
268 240 0.00174889643676579
268 320 0.0015277797356247902
268 400 0.0014841050142422318
269 0 0.0016284832963719964
269 80 0.0019875920843333006
269 160 0.0021361957769840956
269 240 0.0013275074306875467
269 320 0.0016700912965461612
269 400 0.001721581444144249
270 0 0.0009028389467857778
270 80 0.002642951672896743
270 160 0.0012330568861216307
270 240 0.0014203863684087992
270 320 0.0010366286151111126
270 400 0.0008208304643630981
271 0 0.000590394833125174
271 80 0.0016254009678959846
271 160 0.0016543715028092265
271 240 0.0025095827877521515
271 320 0.0020389144774526358
271 400 0.001152042648755014
272 0 0.002012491226196289
272 80 0.0014428867725655437
272 160 0.0019415076822042465
272 240 0.0011331280693411827
272 320 0.0027825061697512865
272 400 0.0007918942719697952
273 0 0.001859007403254509
273 80 0.0017019259976223111
273 160 0.0014114377554506063
273 240 0.002153050620108843
273 320 0.0019909790717065334
273 400 0.0018362407572567463
274 0 0.0017420912627130747
274 80 0.002721733646467328
274 160 0.0017083092825487256
274 240 0.0015802730340510607
274 320 0.001404468435794115
274 400 0.002202235395088792
275 0 0.0012381160631775856
275 80 0.0013641556724905968
275 160 0.0018109619850292802
275 240 0.0006748306332156062
275 320 0.001587381586432457
275 400 0.0010450941044837236
276 0 0.0019006530055776238
276 80 0.002432077657431364
276 160 0.0025134955067187548
276 240 0.0020427540875971317
276 320 0.001382801914587617
276 400 0.0011804477544501424
277 0 0.0014831748558208346
277 80 0.0015462350565940142
277 160 0.0018728729337453842
277 240 0.0010923021472990513
277 320 0.0014234146801754832
277 400 0.0012347893789410591
278 0 0.002913710428401828
278 80 0.0019413349218666553
278 160 0.0018381290137767792
278 240 0.0010335671249777079
278 320 0.0013966263504698873
278 400 0.002366943284869194
279 0 0.0015272594755515456
279 80 0.0038113249465823174
279 160 0.0033843584824353456
279 240 0.001085589756257832
279 320 0.0011808533454313874
279 400 0.002528386889025569
280 0 0.0026180325075984
280 80 0.0009607873507775366
280 160 0.002628915011882782
280 240 0.0010723910527303815
280 320 0.0012268347200006247
280 400 0.001792585477232933
281 0 0.0016301616560667753
281 80 0.0024992956314235926
281 160 0.0035196486860513687
281 240 0.001967895543202758
281 320 0.0028298054821789265
281 400 0.0010321235749870539
282 0 0.001272090943530202
282 80 0.0019774737302213907
282 160 0.0015577373560518026
282 240 0.00142467743717134
282 320 0.0016943129012361169
282 400 0.0018471234943717718
283 0 0.0011175753315910697
283 80 0.0025985841639339924
283 160 0.0010063279187306762
283 240 0.0008030105964280665
283 320 0.0026294824201613665
283 400 0.0010078513296321034
284 0 0.002326949965208769
284 80 0.001485315733589232
284 160 0.0017111445777118206
284 240 0.0031233150511980057
284 320 0.0020374900195747614
284 400 0.0012209474807605147
285 0 0.0016703163273632526
285 80 0.001236971584148705
285 160 0.001969768665730953
285 240 0.0025487898383289576
285 320 0.001092999940738082
285 400 0.0026426909025758505
286 0 0.0013828627998009324
286 80 0.001326940138824284
286 160 0.0008818592759780586
286 240 0.0022489933762699366
286 320 0.0015397552633658051
286 400 0.0018925108015537262
287 0 0.0015285598346963525
287 80 0.0013672119239345193
287 160 0.0009014257811941206
287 240 0.0016919069457799196
287 320 0.0022962649818509817
287 400 0.0025560136418789625
288 0 0.0019069219706580043
288 80 0.0014047392178326845
288 160 0.0015497941058129072
288 240 0.0007859121542423964
288 320 0.002603962318971753
288 400 0.0011899766977876425
289 0 0.0013278188416734338
289 80 0.000960291363298893
289 160 0.001314591383561492
289 240 0.0023597439285367727
289 320 0.000894682016223669
289 400 0.0018957622814923525
290 0 0.0005063550197519362
290 80 0.0015262675005942583
290 160 0.0018065508920699358
290 240 0.0013408745871856809
290 320 0.0029209761414676905
290 400 0.0033217344898730516
291 0 0.0016485702944919467
291 80 0.0007646706071682274
291 160 0.0026136813685297966
291 240 0.0017525508301332593
291 320 0.00136378628667444
291 400 0.0006580178742296994
292 0 0.0020992939826101065
292 80 0.0010952429147437215
292 160 0.0012148661771789193
292 240 0.0021238098852336407
292 320 0.001359184505417943
292 400 0.002043789252638817
293 0 0.0023714525159448385
293 80 0.0008289587567560375
293 160 0.002011651173233986
293 240 0.002174891997128725
293 320 0.0023649227805435658
293 400 0.0025766424369066954
294 0 0.0021333086770027876
294 80 0.001897751702927053
294 160 0.001923494040966034
294 240 0.0017429894069209695
294 320 0.0018934583058580756
294 400 0.0026130189653486013
295 0 0.0031055626459419727
295 80 0.0009625189122743905
295 160 0.0024155036080628633
295 240 0.0007279153796844184
295 320 0.0017794661689549685
295 400 0.0008622691966593266
296 0 0.0015814517391845584
296 80 0.0018966629868373275
296 160 0.0015282640233635902
296 240 0.0013838328886777163
296 320 0.0014633919345214963
296 400 0.002559168729931116
297 0 0.0017425490077584982
297 80 0.0014450845774263144
297 160 0.0011309615802019835
297 240 0.0021740682423114777
297 320 0.0010067739058285952
297 400 0.0024886499159038067
298 0 0.001232893206179142
298 80 0.0020624306052923203
298 160 0.0019022012129426003
298 240 0.0013442125637084246
298 320 0.0034048249945044518
298 400 0.0009205334354192019
299 0 0.0013081644428893924
299 80 0.0016186627326533198
299 160 0.002051111776381731
299 240 0.0026397272013127804
299 320 0.002023363718762994
299 400 0.002692478010430932
300 0 0.001647002762183547
300 80 0.0007596607902087271
300 160 0.0017080631805583835
300 240 0.002188747050240636
300 320 0.0013419152237474918
300 400 0.002698055934160948
