1 0.4595032332421366 0.86795
2 0.2632667534609339 0.9249166666666667
3 0.22115016723873773 0.9374166666666667
4 0.1947772980673608 0.9456166666666667
5 0.175650073870667 0.9509166666666666
6 0.16066026592305474 0.9553666666666667
7 0.14849870895811998 0.9588333333333333
8 0.1379564424186373 0.9617333333333333
9 0.12931561601886363 0.96435
10 0.12130109471743548 0.96665
11 0.11454466093323633 0.9686
12 0.10844722174123915 0.9705333333333334
13 0.10292900035550981 0.9721666666666666
14 0.0980546134017678 0.97315
15 0.09333936075395993 0.97485
16 0.08920744165921135 0.97575
17 0.08527684833274594 0.9773166666666666
18 0.08165231577829639 0.9783
19 0.07840607926519567 0.97945
20 0.07525080545688234 0.98
21 0.07241214812199064 0.9808166666666667
22 0.0697209441672955 0.98195
23 0.06720070530181882 0.9826666666666667
24 0.06460822292808086 0.9834333333333334
25 0.06243718549537697 0.9839666666666667
26 0.060346498743875196 0.9847
27 0.05823430855240204 0.9854333333333334
28 0.056375608469711055 0.98585
29 0.05449439902136575 0.9864333333333334
30 0.05264456319743827 0.9870666666666666
31 0.051163383777430065 0.9875166666666667
32 0.049531371688156495 0.9877
33 0.04789965288407767 0.9885
34 0.0464119097547554 0.9887333333333334
35 0.04507462488118011 0.9892333333333333
36 0.043681566992691205 0.9898166666666667
37 0.04252961762686337 0.98995
38 0.04128037708630757 0.9904666666666667
39 0.04012882802635431 0.9907166666666667
40 0.038951638065326186 0.9912833333333333
41 0.03800120465814877 0.9914833333333334
42 0.0368611698072634 0.9918333333333333
43 0.035896692962161324 0.9923
44 0.03495392962190102 0.9925833333333334
45 0.03402146942087455 0.99265
46 0.033146914420351545 0.9929666666666667
47 0.03225822050743965 0.9933333333333333
48 0.03142742467110853 0.9937166666666667
49 0.030645190587223592 0.99385
50 0.029843117466875548 0.99425
51 0.029154169833911125 0.99425
52 0.028401846058174238 0.99465
53 0.027680447587231073 0.9950333333333333
54 0.027042399113898528 0.9950333333333333
55 0.026371291601287723 0.9954833333333334
56 0.025774467738468382 0.9957833333333334
57 0.025126460799649517 0.996
58 0.02455066898658967 0.9960833333333333
59 0.024000744347267948 0.9962166666666666
60 0.0234294622036408 0.9964
61 0.022895739537908008 0.99655
62 0.022391467884397394 0.9966333333333334
63 0.021876161798898345 0.9967833333333334
64 0.02138741304184487 0.99695
65 0.02096476027074812 0.9970333333333333
66 0.020503741940225303 0.9969666666666667
67 0.020057460592031034 0.9973666666666666
68 0.019619919766765286 0.9974166666666666
69 0.019218795158382037 0.99745
70 0.01876335339233486 0.99765
71 0.01841519009629721 0.9976333333333334
72 0.01800978912719722 0.9977333333333334
73 0.017680633140962198 0.9978166666666667
74 0.017304508381390145 0.9979833333333333
75 0.016953428423326058 0.99795
76 0.016645429014508276 0.9981833333333333
77 0.016310120530640966 0.9981333333333333
78 0.01597870816526287 0.9982333333333333
79 0.015704118538457257 0.9983166666666666
80 0.015353457465060928 0.9983833333333333
81 0.01507510594539106 0.9985
82 0.014815528795166786 0.9985
83 0.014531323038883555 0.9986333333333334
84 0.014264537279666869 0.9987833333333334
85 0.013992144916353545 0.9987166666666667
86 0.01374932310220275 0.9988666666666667
87 0.01349204702666208 0.9988833333333333
88 0.013240260634023244 0.99895
89 0.013027302674087348 0.999
90 0.012808741079762515 0.9991
91 0.012563889386998152 0.9991
92 0.012352514815931795 0.9991833333333333
93 0.012144947928418196 0.9991166666666667
94 0.011964034547518963 0.9991666666666666
95 0.011770704755190212 0.9992833333333333
96 0.011557936201741828 0.9993666666666666
97 0.011382110172640413 0.9994166666666666
98 0.011170855095324072 0.9993833333333333
99 0.010999816138225833 0.9994666666666666
100 0.010835673456002812 0.9995
101 0.010659351452454321 0.9995
102 0.010500273491535931 0.99955
103 0.010341006664753849 0.9994833333333333
104 0.010172111902143687 0.99955
105 0.010018552074641751 0.9996
106 0.009884657338758046 0.9995833333333334
107 0.0097158064719226 0.9996166666666667
108 0.009580581462376121 0.9996333333333334
109 0.009441881364128038 0.99965
110 0.009292572245760354 0.9997
111 0.00916097239642811 0.9996833333333334
112 0.009038003291617006 0.9997
113 0.008900590653001054 0.9996833333333334
114 0.008775362901306196 0.9997166666666667
115 0.008657617401133086 0.9997166666666667
116 0.00854634152782926 0.9997333333333334
117 0.008413333964567862 0.9997666666666667
118 0.00830827999327864 0.9997333333333334
119 0.008191770573120826 0.9997333333333334
120 0.008084598379130207 0.9997333333333334
121 0.007974611470169986 0.9997666666666667
122 0.007870877298391435 0.9997833333333334
123 0.0077663998971921585 0.9997833333333334
124 0.007669547812264563 0.9997666666666667
125 0.007574039607195616 0.9997833333333334
126 0.007467026706598302 0.9998333333333334
127 0.007378298521929506 0.9998166666666667
128 0.007281519577347997 0.9998166666666667
129 0.007200405451415507 0.99985
130 0.00710429161536827 0.9998333333333334
131 0.007014142680984698 0.9998833333333333
132 0.006927239704630904 0.9998666666666667
133 0.006839986714069793 0.9998666666666667
134 0.00675895623515235 0.99985
135 0.006671395675559193 0.9999
136 0.006610620985560214 0.9998666666666667
137 0.0065337698633617745 0.9998833333333333
138 0.006455026382802805 0.9999
139 0.006389817031326769 0.9999
140 0.006307665147443316 0.9998833333333333
141 0.006235605002994508 0.9999
142 0.006156990365651466 0.9999333333333333
143 0.006091212250738105 0.9999
144 0.006022491297726311 0.9999333333333333
145 0.005952873502546218 0.9999
146 0.005889326638814165 0.9999333333333333
147 0.005831951204973307 0.9999333333333333
148 0.005760066736705982 0.9999166666666667
149 0.0057115528232622535 0.9999166666666667
150 0.005645792266336093 0.9999333333333333
151 0.005582748328212466 0.9999333333333333
152 0.005528415430650941 0.9999333333333333
153 0.0054732107243109455 0.99995
154 0.005415389084690082 0.9999333333333333
155 0.0053592764254687215 0.99995
156 0.005305480877451821 0.99995
157 0.005251071133615096 0.99995
158 0.005194275852179587 0.99995
159 0.005151770569370198 0.99995
160 0.005096908405806417 0.99995
161 0.0050420471762956335 0.9999666666666667
162 0.0049982992929718225 0.99995
163 0.0049451390521596875 0.9999666666666667
164 0.004901150329860607 0.9999666666666667
165 0.004856444399571543 0.99995
166 0.004818309472674238 0.99995
167 0.004765007612374879 0.9999666666666667
168 0.004719810875461324 0.9999666666666667
169 0.004677154121797349 1.0
170 0.004632508683912973 1.0
171 0.004598419265901006 0.9999833333333333
172 0.004548459123052569 0.9999833333333333
173 0.004509161463501786 0.9999833333333333
174 0.0044718803691445414 0.9999833333333333
175 0.004433199687094402 1.0
176 0.004391389709687841 0.9999833333333333
177 0.00435506668649733 0.9999833333333333
178 0.004316992490792643 0.9999833333333333
179 0.004278235573213357 1.0
180 0.00423939250084931 1.0
181 0.004209069375530569 0.9999833333333333
182 0.00417593604614978 1.0
183 0.0041355313487482 1.0
184 0.004097440571679092 1.0
185 0.004065619956732773 0.9999833333333333
186 0.004031897610627305 1.0
187 0.0040009760403080285 0.9999833333333333
188 0.003967682468339499 0.9999833333333333
189 0.003939380145458969 1.0
190 0.003906026683516427 1.0
191 0.0038794649630608255 1.0
192 0.0038434709201374258 1.0
193 0.003814812426565529 0.9999833333333333
194 0.003781451133272446 1.0
195 0.0037583566751323147 1.0
196 0.003726913469847538 1.0
197 0.003699289833400041 1.0
198 0.0036614536794760365 1.0
199 0.003643604712426734 1.0
200 0.0036090655127730864 1.0
201 0.003591015864449587 1.0
202 0.0035603386049629497 1.0
203 0.0035330124454064442 1.0
204 0.003511627152465832 1.0
205 0.0034839413666190194 1.0
206 0.0034548069948880577 1.0
207 0.003430589250520245 1.0
208 0.0034081189096895363 1.0
209 0.0033769431002219634 1.0
210 0.0033584187643280797 1.0
211 0.0033363020103395003 1.0
212 0.003312117952321257 1.0
213 0.0032876207796570813 1.0
214 0.003267434773656891 1.0
215 0.0032419332548596666 1.0
216 0.0032200237370849745 1.0
217 0.003200953172620084 1.0
218 0.003177965252123066 1.0
219 0.003156507886555999 1.0
220 0.0031345876379073588 1.0
221 0.0031119702974143726 1.0
222 0.003093055092113049 1.0
223 0.0030735512945437625 1.0
224 0.0030545446992432798 1.0
225 0.0030294968121087375 1.0
226 0.0030093363303540233 1.0
227 0.002991294577670123 1.0
228 0.002972453759153133 1.0
229 0.0029523210343855148 1.0
230 0.0029339624802395305 1.0
231 0.00291632779991564 1.0
232 0.0028984558228443047 1.0
233 0.0028782131113193887 1.0
234 0.0028599656625354943 1.0
235 0.00284033941553294 1.0
236 0.002827545682808309 1.0
237 0.002809064605879957 1.0
238 0.0027895830437612494 1.0
239 0.002773783632493548 1.0
240 0.0027549848822293 1.0
241 0.0027379868262912086 1.0
242 0.002722685382059062 1.0
243 0.0027070467260160813 1.0
244 0.002688135214791353 1.0
245 0.0026764164656164374 1.0
246 0.002658689192852188 1.0
247 0.002643670475640114 1.0
248 0.002629693337792614 1.0
249 0.002609667942366763 1.0
250 0.002597103152162969 1.0
251 0.0025822845414089266 1.0
252 0.002566023662349761 1.0
253 0.0025530554223130507 1.0
254 0.0025383616057433078 1.0
255 0.00252436083781946 1.0
256 0.002508253467007121 1.0
257 0.0024960721657524055 1.0
258 0.0024827515690533843 1.0
259 0.002466969836780281 1.0
260 0.0024553004798463494 1.0
261 0.0024417616919165594 1.0
262 0.0024263753843898855 1.0
263 0.0024121566979673262 1.0
264 0.00240139213481497 1.0
265 0.0023872239243632343 1.0
266 0.0023743662453104635 1.0
267 0.0023628778649922976 1.0
268 0.0023485915837134284 1.0
269 0.0023356941395820474 1.0
270 0.0023250202048269073 1.0
271 0.002311728274904446 1.0
272 0.0022993019850515543 1.0
273 0.002288633775932075 1.0
274 0.0022744102040995785 1.0
275 0.0022625621449925116 1.0
276 0.00225270428691806 1.0
277 0.0022395379526832545 1.0
278 0.002228419648295741 1.0
