1 0 2.889800548553467
1 80 0.5639380216598511
1 160 0.4402707517147064
1 240 0.33279481530189514
1 320 0.3039153218269348
1 400 0.26760077476501465
2 0 0.21879643201828003
2 80 0.24685634672641754
2 160 0.2882557809352875
2 240 0.22507302463054657
2 320 0.12653009593486786
2 400 0.18772925436496735
3 0 0.1904006451368332
3 80 0.27147358655929565
3 160 0.2282920479774475
3 240 0.2363424003124237
3 320 0.17701753973960876
3 400 0.3323908746242523
4 0 0.29306459426879883
4 80 0.12148366123437881
4 160 0.1453961282968521
4 240 0.18653081357479095
4 320 0.15969321131706238
4 400 0.17685772478580475
5 0 0.11334135383367538
5 80 0.2516024708747864
5 160 0.1400139331817627
5 240 0.19572627544403076
5 320 0.2738015353679657
5 400 0.18891112506389618
6 0 0.21194635331630707
6 80 0.15167851746082306
6 160 0.23900648951530457
6 240 0.22972872853279114
6 320 0.18739420175552368
6 400 0.1997935026884079
7 0 0.1581183671951294
7 80 0.14245857298374176
7 160 0.16250674426555634
7 240 0.11666005104780197
7 320 0.120967797935009
7 400 0.1299375295639038
8 0 0.16783417761325836
8 80 0.12263805419206619
8 160 0.21713919937610626
8 240 0.07069117575883865
8 320 0.1343131810426712
8 400 0.1621001809835434
9 0 0.10082471370697021
9 80 0.1482246071100235
9 160 0.11047942191362381
9 240 0.2107669562101364
9 320 0.10322459042072296
9 400 0.10282183438539505
10 0 0.09523584693670273
10 80 0.16879093647003174
10 160 0.2146875113248825
10 240 0.11041344702243805
10 320 0.09231655299663544
10 400 0.09812062233686447
11 0 0.07823818176984787
11 80 0.11609462648630142
11 160 0.14600946009159088
11 240 0.2194485068321228
11 320 0.13643325865268707
11 400 0.14759542047977448
12 0 0.12027251720428467
12 80 0.09737011045217514
12 160 0.05433715879917145
12 240 0.09010547399520874
12 320 0.07892099022865295
12 400 0.11007793247699738
13 0 0.12831522524356842
13 80 0.06818678975105286
13 160 0.1940349042415619
13 240 0.061055347323417664
13 320 0.16044308245182037
13 400 0.07715551555156708
14 0 0.10162757337093353
14 80 0.09228086471557617
14 160 0.10372842103242874
14 240 0.10590015351772308
14 320 0.13764183223247528
14 400 0.12579089403152466
15 0 0.2275559902191162
15 80 0.06090402975678444
15 160 0.10351312905550003
15 240 0.10765748471021652
15 320 0.07008470594882965
15 400 0.14542125165462494
16 0 0.08615511655807495
16 80 0.056087445467710495
16 160 0.1055646762251854
16 240 0.07858376950025558
16 320 0.08284910023212433
16 400 0.05719858780503273
17 0 0.09595345705747604
17 80 0.11169461160898209
17 160 0.06149296835064888
17 240 0.06089707836508751
17 320 0.07743194699287415
17 400 0.054989028722047806
18 0 0.061350878328084946
18 80 0.14240770041942596
18 160 0.07832153141498566
18 240 0.04929831996560097
18 320 0.0982610359787941
18 400 0.04900061711668968
19 0 0.06753714382648468
19 80 0.09027175605297089
19 160 0.07568082958459854
19 240 0.07426299154758453
19 320 0.06876779347658157
19 400 0.09022160619497299
20 0 0.045945845544338226
20 80 0.03386593610048294
20 160 0.08464571833610535
20 240 0.10668350756168365
20 320 0.032437168061733246
20 400 0.06513857841491699
21 0 0.07957635819911957
21 80 0.04998181015253067
21 160 0.03285101056098938
21 240 0.05320420861244202
21 320 0.05662127584218979
21 400 0.05980484187602997
22 0 0.08401207625865936
22 80 0.04544835910201073
22 160 0.06656620651483536
22 240 0.08362909406423569
22 320 0.07522520422935486
22 400 0.07324402779340744
23 0 0.06220659613609314
23 80 0.06799936294555664
23 160 0.1129039078950882
23 240 0.04241565242409706
23 320 0.06613728404045105
23 400 0.06570667773485184
24 0 0.05355215072631836
24 80 0.08880911767482758
24 160 0.07361902296543121
24 240 0.07994171977043152
24 320 0.04056134819984436
24 400 0.10718363523483276
25 0 0.05347222089767456
25 80 0.0406852662563324
25 160 0.06425658613443375
25 240 0.051509466022253036
25 320 0.11356065422296524
25 400 0.09637553244829178
26 0 0.04177039861679077
26 80 0.03551894426345825
26 160 0.05608953535556793
26 240 0.06531231105327606
26 320 0.046609584242105484
26 400 0.02588329091668129
27 0 0.04545936360955238
27 80 0.027058327570557594
27 160 0.030182087793946266
27 240 0.0523342601954937
27 320 0.051511552184820175
27 400 0.11121151596307755
28 0 0.08172740787267685
28 80 0.02847340703010559
28 160 0.0653151273727417
28 240 0.04473721608519554
28 320 0.0464581623673439
28 400 0.021095138043165207
29 0 0.035997066646814346
29 80 0.05308882147073746
29 160 0.05273893475532532
29 240 0.06448612362146378
29 320 0.04519059881567955
29 400 0.029602596536278725
30 0 0.02737252227962017
30 80 0.026409795507788658
30 160 0.07407909631729126
30 240 0.05169843137264252
30 320 0.05698895454406738
30 400 0.0642610713839531
31 0 0.07657015323638916
31 80 0.06830053776502609
31 160 0.055770862847566605
31 240 0.02387961931526661
31 320 0.04338507354259491
31 400 0.09412312507629395
32 0 0.027275996282696724
32 80 0.029061373323202133
32 160 0.057008128613233566
32 240 0.06232091411948204
32 320 0.046826284378767014
32 400 0.08906430006027222
33 0 0.013965044170618057
33 80 0.056415263563394547
33 160 0.030855262652039528
33 240 0.02482113242149353
33 320 0.014371613040566444
33 400 0.09140868484973907
34 0 0.11900479346513748
34 80 0.04592379182577133
34 160 0.042481519281864166
34 240 0.06983869522809982
34 320 0.05362432822585106
34 400 0.02132193185389042
35 0 0.05570930615067482
35 80 0.028075383976101875
35 160 0.027806119993329048
35 240 0.017388086766004562
35 320 0.05212562531232834
35 400 0.026653850451111794
36 0 0.042284637689590454
36 80 0.050404466688632965
36 160 0.026985595002770424
36 240 0.03735180199146271
36 320 0.08156684041023254
36 400 0.015878910198807716
37 0 0.032949354499578476
37 80 0.11561014503240585
37 160 0.024538742378354073
37 240 0.053848348557949066
37 320 0.02353391796350479
37 400 0.025383958593010902
38 0 0.04812812805175781
38 80 0.03163476288318634
38 160 0.07887259125709534
38 240 0.0341801643371582
38 320 0.03014933317899704
38 400 0.018475323915481567
39 0 0.010113542899489403
39 80 0.027248039841651917
39 160 0.018763501197099686
39 240 0.03613675385713577
39 320 0.027449287474155426
39 400 0.044127680361270905
40 0 0.04815026372671127
40 80 0.10018965601921082
40 160 0.03883196786046028
40 240 0.018316276371479034
40 320 0.04143452271819115
40 400 0.06474083662033081
41 0 0.028811104595661163
41 80 0.03626737743616104
41 160 0.02774895541369915
41 240 0.042891137301921844
41 320 0.020420420914888382
41 400 0.021185362711548805
42 0 0.02245166525244713
42 80 0.027873361483216286
42 160 0.05634865537285805
42 240 0.02472146973013878
42 320 0.023543475195765495
42 400 0.04028204083442688
43 0 0.0483224019408226
43 80 0.02704264596104622
43 160 0.049550388008356094
43 240 0.030608313158154488
43 320 0.025386612862348557
43 400 0.03910069167613983
44 0 0.028010213747620583
44 80 0.037765856832265854
44 160 0.011752035468816757
44 240 0.04956125468015671
44 320 0.04902513697743416
44 400 0.02567966841161251
45 0 0.046653635799884796
45 80 0.03397823125123978
45 160 0.017153361812233925
45 240 0.02363644167780876
45 320 0.04084242507815361
45 400 0.03748658299446106
46 0 0.025148821994662285
46 80 0.03705011308193207
46 160 0.048331815749406815
46 240 0.020870540291070938
46 320 0.11389166861772537
46 400 0.024044103920459747
47 0 0.051143910735845566
47 80 0.01790233701467514
47 160 0.03449968248605728
47 240 0.031278058886528015
47 320 0.07169488072395325
47 400 0.04912511259317398
48 0 0.027134206146001816
48 80 0.014173302799463272
48 160 0.020128536969423294
48 240 0.04124019667506218
48 320 0.03473842516541481
48 400 0.03254368156194687
49 0 0.019951002672314644
49 80 0.02219488099217415
49 160 0.030697721987962723
49 240 0.013595444150269032
49 320 0.033520862460136414
49 400 0.021722428500652313
50 0 0.055942289531230927
50 80 0.02774951234459877
50 160 0.061429038643836975
50 240 0.03691280260682106
50 320 0.019544217735528946
50 400 0.024913938716053963
51 0 0.014804926700890064
51 80 0.03960442915558815
51 160 0.01734464429318905
51 240 0.013255397789180279
51 320 0.024593286216259003
51 400 0.03295200690627098
52 0 0.019564174115657806
52 80 0.0207900982350111
52 160 0.022969283163547516
52 240 0.03965086117386818
52 320 0.025326956063508987
52 400 0.030840089544653893
53 0 0.012433074414730072
53 80 0.018184879794716835
53 160 0.014543266966938972
53 240 0.029589535668492317
53 320 0.08852551132440567
53 400 0.014917411841452122
54 0 0.029367370530962944
54 80 0.025754468515515327
54 160 0.019946925342082977
54 240 0.015917951241135597
54 320 0.021546481177210808
54 400 0.018183009698987007
55 0 0.028679363429546356
55 80 0.03536837920546532
55 160 0.04423370212316513
55 240 0.056175366044044495
55 320 0.030796147882938385
55 400 0.031146451830863953
56 0 0.032949917018413544
56 80 0.029067259281873703
56 160 0.022074950858950615
56 240 0.029238879680633545
56 320 0.0219869464635849
56 400 0.01663832738995552
57 0 0.017784977331757545
57 80 0.03454580903053284
57 160 0.03083183616399765
57 240 0.020233770832419395
57 320 0.017572980374097824
57 400 0.050843626260757446
58 0 0.014589290134608746
58 80 0.018195485696196556
58 160 0.017698245123028755
58 240 0.01763690635561943
58 320 0.042013268917798996
58 400 0.022176992148160934
59 0 0.011354994960129261
59 80 0.021474536508321762
59 160 0.01737317070364952
59 240 0.01035799365490675
59 320 0.02478439174592495
59 400 0.0307911429554224
60 0 0.017825184389948845
60 80 0.01193592045456171
60 160 0.009288661181926727
60 240 0.032900333404541016
60 320 0.03476946800947189
60 400 0.030410803854465485
61 0 0.03623880445957184
61 80 0.025557607412338257
61 160 0.015095720067620277
61 240 0.008804110810160637
61 320 0.02025829628109932
61 400 0.015342693775892258
62 0 0.014688381925225258
62 80 0.011568292044103146
62 160 0.04024992510676384
62 240 0.014642843045294285
62 320 0.04099569469690323
62 400 0.02534518949687481
63 0 0.017255200073122978
63 80 0.020889287814497948
63 160 0.02314571663737297
63 240 0.01689239591360092
63 320 0.012299277819693089
63 400 0.01261853240430355
64 0 0.009373738430440426
64 80 0.00890799518674612
64 160 0.03013353794813156
64 240 0.015589309856295586
64 320 0.04025246948003769
64 400 0.01911325380206108
65 0 0.016811074689030647
65 80 0.018291113898158073
65 160 0.04534819722175598
65 240 0.008856065571308136
65 320 0.016488928347826004
65 400 0.012132110074162483
66 0 0.017624853178858757
66 80 0.008033324964344501
66 160 0.029269229620695114
66 240 0.012593740597367287
66 320 0.016588442027568817
66 400 0.021301856264472008
67 0 0.02677897922694683
67 80 0.010587969794869423
67 160 0.030071690678596497
67 240 0.008304852060973644
67 320 0.004534238483756781
67 400 0.0075101424008607864
68 0 0.020351041108369827
68 80 0.019265713170170784
68 160 0.014878652058541775
68 240 0.020073940977454185
68 320 0.006655645556747913
68 400 0.013972257263958454
69 0 0.034772250801324844
69 80 0.013225505128502846
69 160 0.03961559012532234
69 240 0.027989769354462624
69 320 0.05977114662528038
69 400 0.012758121825754642
70 0 0.02497587352991104
70 80 0.04708082973957062
70 160 0.013266914524137974
70 240 0.021354258060455322
70 320 0.0389595627784729
70 400 0.01110431831330061
71 0 0.010928169824182987
71 80 0.06569132953882217
71 160 0.009093998931348324
71 240 0.013238262385129929
71 320 0.009437724947929382
71 400 0.022229379042983055
72 0 0.012054558843374252
72 80 0.018551960587501526
72 160 0.017711248248815536
72 240 0.025296831503510475
72 320 0.014082471840083599
72 400 0.018996767699718475
73 0 0.016522929072380066
73 80 0.014372356235980988
73 160 0.019145889207720757
73 240 0.028640087693929672
73 320 0.01761351153254509
73 400 0.019062664359807968
74 0 0.011915594339370728
74 80 0.00888375099748373
74 160 0.01105064433068037
74 240 0.016459871083498
74 320 0.023882126435637474
74 400 0.012303470633924007
75 0 0.010606248863041401
75 80 0.010151245631277561
75 160 0.017103664577007294
75 240 0.024638153612613678
75 320 0.01935107633471489
75 400 0.01225811056792736
76 0 0.007814835757017136
76 80 0.019167756661772728
76 160 0.012041961774230003
76 240 0.011873702518641949
76 320 0.014394099824130535
76 400 0.03013097308576107
77 0 0.014473279006779194
77 80 0.013690676540136337
77 160 0.017199818044900894
77 240 0.01874960958957672
77 320 0.011255252175033092
77 400 0.023333167657256126
78 0 0.012459664605557919
78 80 0.015313306823372841
78 160 0.01589532010257244
78 240 0.014466737397015095
78 320 0.009425242431461811
78 400 0.020478716120123863
79 0 0.013695530593395233
79 80 0.015236674807965755
79 160 0.017939480021595955
79 240 0.01215382944792509
79 320 0.009114478714764118
79 400 0.005171633325517178
80 0 0.01221062894910574
80 80 0.0075476933270692825
80 160 0.007561441510915756
80 240 0.010464640334248543
80 320 0.019325749948620796
80 400 0.032376423478126526
81 0 0.0072344327345490456
81 80 0.007336270995438099
81 160 0.020676802843809128
81 240 0.010029280558228493
81 320 0.010973541997373104
81 400 0.017199810594320297
82 0 0.01924159564077854
82 80 0.018860023468732834
82 160 0.019404336810112
82 240 0.012241317890584469
82 320 0.012114200741052628
82 400 0.017892129719257355
83 0 0.016223357990384102
83 80 0.011826644651591778
83 160 0.023741938173770905
83 240 0.017185905948281288
83 320 0.012577156536281109
83 400 0.014458724297583103
84 0 0.009962942451238632
84 80 0.026052141562104225
84 160 0.019549371674656868
84 240 0.01270693726837635
84 320 0.016071679070591927
84 400 0.004493015352636576
85 0 0.014025736600160599
85 80 0.009501419961452484
85 160 0.04420753940939903
85 240 0.027107829228043556
85 320 0.0056969416327774525
85 400 0.007666274905204773
86 0 0.009202021174132824
86 80 0.02041637897491455
86 160 0.024595536291599274
86 240 0.011275473050773144
86 320 0.012001700699329376
86 400 0.020207129418849945
87 0 0.011469366028904915
87 80 0.01610560715198517
87 160 0.015814516693353653
87 240 0.023748580366373062
87 320 0.016361208632588387
87 400 0.013750554993748665
88 0 0.012812820263206959
88 80 0.01344012375921011
88 160 0.02378418855369091
88 240 0.01667955331504345
88 320 0.006780799478292465
88 400 0.021361632272601128
89 0 0.01632186397910118
89 80 0.008943773806095123
89 160 0.01039469800889492
89 240 0.012275084853172302
89 320 0.011200125329196453
89 400 0.017012115567922592
90 0 0.011407834477722645
90 80 0.011274158954620361
90 160 0.011832748539745808
90 240 0.011957927606999874
90 320 0.0072295404970645905
90 400 0.008775541558861732
91 0 0.008229422383010387
91 80 0.005887606181204319
91 160 0.01129684317857027
91 240 0.004879500716924667
91 320 0.010204719379544258
91 400 0.0168603602796793
92 0 0.006421826314181089
92 80 0.0055061993189156055
92 160 0.007091786712408066
92 240 0.010826129466295242
92 320 0.005475893616676331
92 400 0.013761377893388271
93 0 0.008824932388961315
93 80 0.013641824014484882
93 160 0.007856348529458046
93 240 0.012177800759673119
93 320 0.017075402662158012
93 400 0.010793511755764484
94 0 0.011607668362557888
94 80 0.00895184651017189
94 160 0.0164748914539814
94 240 0.008774647489190102
94 320 0.014495526440441608
94 400 0.005375769920647144
95 0 0.01821557991206646
95 80 0.008835503831505775
95 160 0.018570121377706528
95 240 0.019151145592331886
95 320 0.011742758564651012
95 400 0.00437959935516119
96 0 0.006865662522614002
96 80 0.0134170176461339
96 160 0.004650099202990532
96 240 0.008198417723178864
96 320 0.011970997788012028
96 400 0.012245779857039452
97 0 0.019260624423623085
97 80 0.004425835330039263
97 160 0.021869907155632973
97 240 0.013186249881982803
97 320 0.015121733769774437
97 400 0.01870807446539402
98 0 0.00996294617652893
98 80 0.010395047254860401
98 160 0.016892196610569954
98 240 0.011487212032079697
98 320 0.02719036489725113
98 400 0.005269789602607489
99 0 0.011054115369915962
99 80 0.023033108562231064
99 160 0.0068779634311795235
99 240 0.011262721382081509
99 320 0.00900312326848507
99 400 0.01111789420247078
100 0 0.0111708864569664
100 80 0.005985282827168703
100 160 0.010815741494297981
100 240 0.010908372700214386
100 320 0.011104630306363106
100 400 0.008293116465210915
101 0 0.012899358756840229
101 80 0.012986023910343647
101 160 0.013879017904400826
101 240 0.04403610900044441
101 320 0.004919314291328192
101 400 0.014245331287384033
102 0 0.008115731179714203
102 80 0.009426983073353767
102 160 0.01058894768357277
102 240 0.008394841104745865
102 320 0.009202875196933746
102 400 0.013688220642507076
103 0 0.014516529627144337
103 80 0.010991694405674934
103 160 0.012451646849513054
103 240 0.007717840373516083
103 320 0.009627621620893478
103 400 0.008664630353450775
104 0 0.012522244825959206
104 80 0.008534209802746773
104 160 0.005652666091918945
104 240 0.004285974428057671
104 320 0.007340869400650263
104 400 0.008727164007723331
105 0 0.021427402272820473
105 80 0.008573643863201141
105 160 0.008569682948291302
105 240 0.004176046699285507
105 320 0.0171197522431612
105 400 0.01505813654512167
106 0 0.004153754562139511
106 80 0.015782222151756287
106 160 0.011581461876630783
106 240 0.0023136057425290346
106 320 0.005161191802471876
106 400 0.006505793891847134
107 0 0.009044850245118141
107 80 0.013566439040005207
107 160 0.010750113055109978
107 240 0.012411125935614109
107 320 0.01026773452758789
107 400 0.008226927369832993
108 0 0.006699602585285902
108 80 0.008229130879044533
108 160 0.01884242706000805
108 240 0.00816980842500925
108 320 0.015351777896285057
108 400 0.004599840380251408
109 0 0.007170009892433882
109 80 0.009263897314667702
109 160 0.01633073017001152
109 240 0.01206152606755495
109 320 0.006766241043806076
109 400 0.007166939787566662
110 0 0.004814073443412781
110 80 0.008065969683229923
110 160 0.007444257847964764
110 240 0.008314093574881554
110 320 0.011526839807629585
110 400 0.009632915258407593
111 0 0.009436978958547115
111 80 0.012408002279698849
111 160 0.008738582022488117
111 240 0.006875625811517239
111 320 0.015202303417026997
111 400 0.005222920794039965
112 0 0.006028576288372278
112 80 0.015195164829492569
112 160 0.011916400864720345
112 240 0.004377736710011959
112 320 0.008098021149635315
112 400 0.010277824476361275
113 0 0.01625167205929756
113 80 0.009329640306532383
113 160 0.009512676857411861
113 240 0.005399894434958696
113 320 0.006545557640492916
113 400 0.0030221629422158003
114 0 0.01555733010172844
114 80 0.019064661115407944
114 160 0.00858873501420021
114 240 0.013282246887683868
114 320 0.00955955870449543
114 400 0.006778080482035875
115 0 0.00553552620112896
115 80 0.010797482915222645
115 160 0.0028416842687875032
115 240 0.0051270416006445885
115 320 0.009070324711501598
115 400 0.007374579552561045
116 0 0.004475426860153675
116 80 0.016012385487556458
116 160 0.00688370643183589
116 240 0.015288016758859158
116 320 0.00489920424297452
116 400 0.004474842920899391
117 0 0.0051156762056052685
117 80 0.0053259702399373055
117 160 0.01230709720402956
117 240 0.007001050282269716
117 320 0.007890363223850727
117 400 0.009096778929233551
118 0 0.007379388436675072
118 80 0.006114158779382706
118 160 0.00694548012688756
118 240 0.004099633544683456
118 320 0.00938436295837164
118 400 0.00868593342602253
119 0 0.005962986499071121
119 80 0.007329101208597422
119 160 0.011764428578317165
119 240 0.004984559025615454
119 320 0.010458854027092457
119 400 0.006003103218972683
120 0 0.006315258797258139
120 80 0.002438655123114586
120 160 0.007841689512133598
120 240 0.01293670292943716
120 320 0.004509401507675648
120 400 0.007308663334697485
121 0 0.009156552143394947
121 80 0.00557797122746706
121 160 0.0036580427549779415
121 240 0.005349887069314718
121 320 0.010928947478532791
121 400 0.004028857219964266
122 0 0.010213933885097504
122 80 0.004834238439798355
122 160 0.01092288363724947
122 240 0.007096976973116398
122 320 0.011547650210559368
122 400 0.004919401835650206
123 0 0.0063851154409348965
123 80 0.006931442767381668
123 160 0.007976820692420006
123 240 0.006604837253689766
123 320 0.00256961677223444
123 400 0.008969483897089958
124 0 0.004480605944991112
124 80 0.005469789728522301
124 160 0.005676728207617998
124 240 0.006548624485731125
124 320 0.007643532939255238
124 400 0.007893742993474007
125 0 0.010759953409433365
125 80 0.0047856783494353294
125 160 0.005725096445530653
125 240 0.004529081750661135
125 320 0.006281671114265919
125 400 0.002856000093743205
126 0 0.005515832453966141
126 80 0.004198526963591576
126 160 0.012275886721909046
126 240 0.005400804802775383
126 320 0.008962255902588367
126 400 0.009908521547913551
127 0 0.0069616627879440784
127 80 0.0075783198699355125
127 160 0.006034187972545624
127 240 0.006559376139193773
127 320 0.018340490758419037
127 400 0.0063405283726751804
128 0 0.011651996523141861
128 80 0.026926720514893532
128 160 0.006971582304686308
128 240 0.007830226793885231
128 320 0.005387221463024616
128 400 0.004973972216248512
129 0 0.0068703992292284966
129 80 0.006963753141462803
129 160 0.006677286699414253
129 240 0.009083807468414307
129 320 0.008099951781332493
129 400 0.010463450103998184
130 0 0.005285935010761023
130 80 0.009833166375756264
130 160 0.007462674751877785
130 240 0.009090285748243332
130 320 0.00942918099462986
130 400 0.00582326902076602
131 0 0.007766385097056627
131 80 0.010517895221710205
131 160 0.013913946226239204
131 240 0.011142200790345669
131 320 0.008772154338657856
131 400 0.0028319121338427067
132 0 0.003525339299812913
132 80 0.005168218165636063
132 160 0.012739176861941814
132 240 0.011922075413167477
132 320 0.006563630886375904
132 400 0.0024556012358516455
133 0 0.004259274806827307
133 80 0.0036708784755319357
133 160 0.006116670090705156
133 240 0.010670823976397514
133 320 0.004446214064955711
133 400 0.003415885614231229
134 0 0.010182160884141922
134 80 0.00742601603269577
134 160 0.013413325883448124
134 240 0.0036184191703796387
134 320 0.00473403837531805
134 400 0.006062341388314962
135 0 0.004004833288490772
135 80 0.00536166038364172
135 160 0.004523039795458317
135 240 0.006678334902971983
135 320 0.0120301004499197
135 400 0.005572355352342129
136 0 0.004162604454904795
136 80 0.0024727489799261093
136 160 0.005553737748414278
136 240 0.007152429316192865
136 320 0.006968580652028322
136 400 0.010965544730424881
137 0 0.006732958368957043
137 80 0.003930564504116774
137 160 0.007742039393633604
137 240 0.008433669805526733
137 320 0.005579808726906776
137 400 0.007792031858116388
138 0 0.006173527799546719
138 80 0.00797919649630785
138 160 0.006736093200743198
138 240 0.005132732912898064
138 320 0.007379704155027866
138 400 0.0073838247917592525
139 0 0.004784260410815477
139 80 0.004781469702720642
139 160 0.004385961685329676
139 240 0.009881016798317432
139 320 0.006782350596040487
139 400 0.00413176603615284
140 0 0.0046401917934417725
140 80 0.007235480006784201
140 160 0.003091653110459447
140 240 0.005679754074662924
140 320 0.007517566438764334
140 400 0.0037506611552089453
141 0 0.005731678102165461
141 80 0.004583774134516716
141 160 0.008055934682488441
141 240 0.007281878963112831
141 320 0.008335977792739868
141 400 0.005759994499385357
142 0 0.006630032788962126
142 80 0.002696000272408128
142 160 0.004477658309042454
142 240 0.00400033313781023
142 320 0.006643973290920258
142 400 0.00735554238781333
143 0 0.0050488985143601894
143 80 0.00602565985172987
143 160 0.009012795053422451
143 240 0.004538851324468851
143 320 0.0034197967033833265
143 400 0.011683489196002483
144 0 0.004524969961494207
144 80 0.0049448334611952305
144 160 0.003882422111928463
144 240 0.009583169594407082
144 320 0.006381013430655003
144 400 0.00445250840857625
145 0 0.006798898335546255
145 80 0.006051358301192522
145 160 0.005971755366772413
145 240 0.004803027492016554
145 320 0.004195377696305513
145 400 0.008687272667884827
146 0 0.007253012619912624
146 80 0.006806269753724337
146 160 0.010385069996118546
146 240 0.00446302117779851
146 320 0.0046186563558876514
146 400 0.005355128552764654
147 0 0.0043883356265723705
147 80 0.0047702486626803875
147 160 0.005382280331104994
147 240 0.003026149934157729
147 320 0.008277785032987595
147 400 0.0027020357083529234
148 0 0.003835108131170273
148 80 0.004009128548204899
148 160 0.0027468246407806873
148 240 0.008670997805893421
148 320 0.008023855276405811
148 400 0.0022834145929664373
149 0 0.0032986679580062628
149 80 0.005277903284877539
149 160 0.006471999920904636
149 240 0.00497510377317667
149 320 0.005516306031495333
149 400 0.004701555240899324
150 0 0.007054251618683338
150 80 0.0033008616883307695
150 160 0.004475903697311878
150 240 0.004721662029623985
150 320 0.007870139554142952
150 400 0.0030448317993432283
151 0 0.0075594536028802395
151 80 0.005915396381169558
151 160 0.006669021211564541
151 240 0.003180462634190917
151 320 0.01026236917823553
151 400 0.00464556273072958
152 0 0.009447842836380005
152 80 0.004315203987061977
152 160 0.00757590914145112
152 240 0.0034721146803349257
152 320 0.004716953728348017
152 400 0.00465875118970871
153 0 0.002577568870037794
153 80 0.005884732119739056
153 160 0.004513086751103401
153 240 0.007274193223565817
153 320 0.007280692458152771
153 400 0.006162083242088556
154 0 0.005008814390748739
154 80 0.00504758395254612
154 160 0.009187827818095684
154 240 0.008825362659990788
154 320 0.004393362440168858
154 400 0.005075156223028898
155 0 0.0035084765404462814
155 80 0.005158999934792519
155 160 0.009362418204545975
155 240 0.00547816650941968
155 320 0.006002784240990877
155 400 0.004927289672195911
156 0 0.007876424118876457
156 80 0.0036594404373317957
156 160 0.0038815145380795
156 240 0.004838243592530489
156 320 0.003316797548905015
156 400 0.008018526248633862
157 0 0.006144189275801182
157 80 0.003712018486112356
157 160 0.006010481622070074
157 240 0.0032029645517468452
157 320 0.0050666313618421555
157 400 0.004596739076077938
158 0 0.0049310470931231976
158 80 0.004456553142517805
158 160 0.012392004020512104
158 240 0.0056778970174491405
158 320 0.0056383926421403885
158 400 0.005835530813783407
159 0 0.006668119225651026
159 80 0.0025331848300993443
159 160 0.002159172436222434
159 240 0.003991514910012484
159 320 0.0029699173755943775
159 400 0.007170559372752905
160 0 0.002500219037756324
160 80 0.004983691498637199
160 160 0.005465337075293064
160 240 0.010486533865332603
160 320 0.002757906448096037
160 400 0.005286447238177061
161 0 0.0038580182008445263
161 80 0.004149021580815315
161 160 0.005397395696491003
161 240 0.009505268186330795
161 320 0.00414278544485569
161 400 0.003452600911259651
162 0 0.0041356515139341354
162 80 0.009902849793434143
162 160 0.0042623658664524555
162 240 0.0032487434800714254
162 320 0.004522349685430527
162 400 0.008397365920245647
163 0 0.003720928216353059
163 80 0.004060864914208651
163 160 0.0067067379131913185
163 240 0.0035233793314546347
163 320 0.005342385731637478
163 400 0.00632121879607439
164 0 0.0030596046708524227
164 80 0.006965793669223785
164 160 0.005043749697506428
164 240 0.006539750378578901
164 320 0.0030547708738595247
164 400 0.011322667822241783
165 0 0.004407411441206932
165 80 0.007831569761037827
165 160 0.004177944269031286
165 240 0.005600488279014826
165 320 0.005963312461972237
165 400 0.003425717819482088
166 0 0.004531397018581629
166 80 0.005681260954588652
166 160 0.004817490000277758
166 240 0.0037919969763606787
166 320 0.003226520959287882
166 400 0.005157409235835075
167 0 0.006211536005139351
167 80 0.006095095071941614
167 160 0.003277032170444727
167 240 0.005712260492146015
167 320 0.005753092467784882
167 400 0.009311658330261707
168 0 0.0022674172651022673
168 80 0.004865724127739668
168 160 0.004398581571877003
168 240 0.0042368629947304726
168 320 0.0034126141108572483
168 400 0.002333392621949315
169 0 0.003653939114883542
169 80 0.007539100479334593
169 160 0.007935949601233006
169 240 0.002982056001201272
169 320 0.005518903490155935
169 400 0.003250081092119217
170 0 0.004830353427678347
170 80 0.0015881427098065615
170 160 0.0030364401172846556
170 240 0.002177618211135268
170 320 0.0032493637409061193
170 400 0.004589539021253586
171 0 0.00315068569034338
171 80 0.00775675754994154
171 160 0.01012749969959259
171 240 0.0051429676823318005
171 320 0.0031217632349580526
171 400 0.0035436591133475304
172 0 0.004048325587064028
172 80 0.005322751123458147
172 160 0.0026215892285108566
172 240 0.0022876805160194635
172 320 0.0040956283919513226
172 400 0.0019285769667476416
173 0 0.00238831271417439
173 80 0.0030145293567329645
173 160 0.004814380779862404
173 240 0.0055810739286243916
173 320 0.004708679858595133
173 400 0.00791498739272356
174 0 0.005703120492398739
174 80 0.002739903749898076
174 160 0.002661790233105421
174 240 0.006196704693138599
174 320 0.003065133234485984
174 400 0.0029735181014984846
175 0 0.0032057035714387894
175 80 0.003418104723095894
175 160 0.0036104745231568813
175 240 0.0036128205247223377
175 320 0.004286473151296377
175 400 0.0037547980900853872
176 0 0.004605965223163366
176 80 0.005330460146069527
176 160 0.0059594507329165936
176 240 0.0037982910871505737
176 320 0.005298192612826824
176 400 0.003821599530056119
177 0 0.0053153191693127155
177 80 0.007128731347620487
177 160 0.006707355845719576
177 240 0.006272415164858103
177 320 0.005753190256655216
177 400 0.007330785505473614
178 0 0.0021524708718061447
178 80 0.0026918426156044006
178 160 0.003060591174289584
178 240 0.00480117229744792
178 320 0.004256358835846186
178 400 0.005453138146549463
179 0 0.0031585211399942636
179 80 0.00324307382106781
179 160 0.003024475648999214
179 240 0.003986501134932041
179 320 0.0047283051535487175
179 400 0.004286257084459066
180 0 0.0018941729795187712
180 80 0.003933141939342022
180 160 0.002969531575217843
180 240 0.006198512390255928
180 320 0.004298198968172073
180 400 0.005101465620100498
181 0 0.0038708867505192757
181 80 0.005614558234810829
181 160 0.004219370428472757
181 240 0.005008120089769363
181 320 0.0062807886861264706
181 400 0.003527763532474637
182 0 0.007169472519308329
182 80 0.002477464033290744
182 160 0.004147934261709452
182 240 0.004037289880216122
182 320 0.004593368154019117
182 400 0.0017434977926313877
183 0 0.004148891661316156
183 80 0.003132409416139126
183 160 0.0020563823636621237
183 240 0.002758471528068185
183 320 0.0066019040532410145
183 400 0.004219172056764364
184 0 0.005598347168415785
184 80 0.0029007019475102425
184 160 0.002670762361958623
184 240 0.004098563455045223
184 320 0.0015363822458311915
184 400 0.0032877351623028517
185 0 0.0027652292046695948
185 80 0.0056152865290641785
185 160 0.0046407501213252544
185 240 0.004321769345551729
185 320 0.004318497609347105
185 400 0.0038313677068799734
186 0 0.0038306722417473793
186 80 0.002110555535182357
186 160 0.0034121484495699406
186 240 0.0025274092331528664
186 320 0.002617553109303117
186 400 0.0030521422158926725
187 0 0.002114643808454275
187 80 0.004251187201589346
187 160 0.002521670889109373
187 240 0.004090834408998489
187 320 0.0022657800000160933
187 400 0.0062968856655061245
188 0 0.003835653653368354
188 80 0.006148986052721739
188 160 0.001956024905666709
188 240 0.005917681381106377
188 320 0.0074893273413181305
188 400 0.0047241696156561375
189 0 0.004965539555996656
189 80 0.006288787815719843
189 160 0.004968605935573578
189 240 0.00363289937376976
189 320 0.004240803420543671
189 400 0.004112207796424627
190 0 0.001802142709493637
190 80 0.0016121341614052653
190 160 0.005695534870028496
190 240 0.003822874277830124
190 320 0.004881591070443392
190 400 0.0029799893964082003
191 0 0.003265408333390951
191 80 0.006149038672447205
191 160 0.005552554503083229
191 240 0.006648730952292681
191 320 0.004960954654961824
191 400 0.0035175755620002747
192 0 0.002373544266447425
192 80 0.0038203822914510965
192 160 0.003740003565326333
192 240 0.0027141908649355173
192 320 0.005571604706346989
192 400 0.00680248299613595
193 0 0.003581948345527053
193 80 0.0032665859907865524
193 160 0.0019100625067949295
193 240 0.003623650874942541
193 320 0.00338892824947834
193 400 0.005422660615295172
194 0 0.005614247173070908
194 80 0.0022743884474039078
194 160 0.00440906872972846
194 240 0.0018449347699061036
194 320 0.0021869749762117863
194 400 0.004373903386294842
195 0 0.0043065533973276615
195 80 0.004366686567664146
195 160 0.0030857310630381107
195 240 0.003273608395829797
195 320 0.0038137396331876516
195 400 0.005359301809221506
196 0 0.0043375128880143166
196 80 0.003659480717033148
196 160 0.0029795512091368437
196 240 0.004079300910234451
196 320 0.004989678040146828
196 400 0.004022551700472832
197 0 0.002539349254220724
197 80 0.004904616624116898
197 160 0.004635504446923733
197 240 0.0028076611924916506
197 320 0.004181798081845045
197 400 0.003860518103465438
198 0 0.005817982833832502
198 80 0.001652736566029489
198 160 0.004456579219549894
198 240 0.002787803765386343
198 320 0.0017045767745003104
198 400 0.0030491899233311415
199 0 0.002399217337369919
199 80 0.003040601033717394
199 160 0.0025668444577604532
199 240 0.005473983474075794
199 320 0.0028785320464521646
199 400 0.00460702134296298
200 0 0.0042669763788580894
200 80 0.002191246720030904
200 160 0.0018985337810590863
200 240 0.0024667694233357906
200 320 0.0025218375958502293
200 400 0.0031778484117239714
201 0 0.0022231778129935265
201 80 0.0026484052650630474
201 160 0.001677413354627788
201 240 0.0018403769936412573
201 320 0.004440180491656065
201 400 0.004446885082870722
202 0 0.00367794674821198
202 80 0.0026092070620507
202 160 0.006350590847432613
202 240 0.003707588417455554
202 320 0.003843629499897361
202 400 0.0019246723968535662
203 0 0.001828002743422985
203 80 0.0026156441308557987
203 160 0.004425715189427137
203 240 0.006770035717636347
203 320 0.0026877829805016518
203 400 0.0029659117572009563
204 0 0.0028587435372173786
204 80 0.007200139574706554
204 160 0.0033461162820458412
204 240 0.001920800656080246
204 320 0.0032103643752634525
204 400 0.004639229271560907
205 0 0.0014139257837086916
205 80 0.0056200213730335236
205 160 0.00277263973839581
205 240 0.0031436686404049397
205 320 0.0030021120328456163
205 400 0.001976416213437915
206 0 0.0012466678163036704
206 80 0.002294329460710287
206 160 0.004075945820659399
206 240 0.002269602380692959
206 320 0.004558499902486801
206 400 0.005676035303622484
207 0 0.0026211824733763933
207 80 0.004485351964831352
207 160 0.0036454915534704924
207 240 0.0035302494652569294
207 320 0.004460071679204702
207 400 0.0015927240019664168
208 0 0.005587241146713495
208 80 0.0031561427749693394
208 160 0.002519231289625168
208 240 0.005455822683870792
208 320 0.0035558566451072693
208 400 0.0037318880204111338
209 0 0.0038953155744820833
209 80 0.003824097802862525
209 160 0.003892781911417842
209 240 0.002580153988674283
209 320 0.0031923630740493536
209 400 0.0025134962052106857
210 0 0.0020674176048487425
210 80 0.00592399388551712
210 160 0.002436721697449684
210 240 0.0015530793461948633
210 320 0.004154767841100693
210 400 0.0028964760713279247
211 0 0.004341902211308479
211 80 0.0026185496244579554
211 160 0.0018500430742278695
211 240 0.002232639119029045
211 320 0.0015010483330115676
211 400 0.005752152297645807
212 0 0.0022263294085860252
212 80 0.0036413774359971285
212 160 0.003827057546004653
212 240 0.00455289613455534
212 320 0.0037014568224549294
212 400 0.0037666880525648594
213 0 0.004168796353042126
213 80 0.0032702686730772257
213 160 0.004639595281332731
213 240 0.0017001073574647307
213 320 0.003066739998757839
213 400 0.0038341667968779802
214 0 0.0024837187957018614
214 80 0.0038949865847826004
214 160 0.0018780137179419398
214 240 0.0034706080332398415
214 320 0.0028117706533521414
214 400 0.002800560789182782
215 0 0.005417844746261835
215 80 0.005666501820087433
215 160 0.0023393374867737293
215 240 0.0017411409644410014
215 320 0.0035859677009284496
215 400 0.004222962539643049
216 0 0.0032440104987472296
216 80 0.002027811948210001
216 160 0.0035713487304747105
216 240 0.0014808778651058674
216 320 0.0042734816670417786
216 400 0.0021858427207916975
217 0 0.002269798656925559
217 80 0.0032520636450499296
217 160 0.003997675608843565
217 240 0.002945234766229987
217 320 0.0027151242829859257
217 400 0.0025507034733891487
218 0 0.0017593601951375604
218 80 0.0016580538358539343
218 160 0.003212863113731146
218 240 0.0029656896367669106
218 320 0.0035702737513929605
218 400 0.0031179203651845455
219 0 0.0033301718067377806
219 80 0.0021330046001821756
219 160 0.002408458385616541
219 240 0.002321911510080099
219 320 0.003267836757004261
219 400 0.002903411164879799
220 0 0.0035406143870204687
220 80 0.0029629047494381666
220 160 0.0043125273659825325
220 240 0.005829978734254837
220 320 0.0018089419463649392
220 400 0.0024763543624430895
221 0 0.0015415706438943744
221 80 0.001974251586943865
221 160 0.0017771937418729067
221 240 0.0022416026331484318
221 320 0.002561096800491214
221 400 0.003301776247099042
222 0 0.003611058695241809
222 80 0.004490999039262533
222 160 0.0027292990125715733
222 240 0.0038248130585998297
222 320 0.0027820663526654243
222 400 0.003376185894012451
223 0 0.0024996709544211626
223 80 0.0016473346622660756
223 160 0.001931851962581277
223 240 0.0024341419339179993
223 320 0.0028170545119792223
223 400 0.0012898292625322938
224 0 0.004189529921859503
224 80 0.0029327673837542534
224 160 0.0019112752052024007
224 240 0.0019056431483477354
224 320 0.0026596803218126297
224 400 0.0026276095304638147
225 0 0.001907016383484006
225 80 0.003817058401182294
225 160 0.005876376759260893
225 240 0.002120591001585126
225 320 0.0019146422855556011
225 400 0.004719564225524664
226 0 0.0022161677479743958
226 80 0.003986385650932789
226 160 0.002721560187637806
226 240 0.0016045267693698406
226 320 0.0030652638524770737
226 400 0.002438194118440151
227 0 0.003388731274753809
227 80 0.0022264893632382154
227 160 0.0027724700048565865
227 240 0.001908194157294929
227 320 0.005115094594657421
227 400 0.0013882707571610808
228 0 0.0018324395641684532
228 80 0.0028756579849869013
228 160 0.0018438989063724875
228 240 0.0018782381666824222
228 320 0.003578562056645751
228 400 0.002252765465527773
229 0 0.0009989773388952017
229 80 0.0027698632329702377
229 160 0.002379869343712926
229 240 0.002307977993041277
229 320 0.002605631249025464
229 400 0.0022543740924447775
230 0 0.0025706165470182896
230 80 0.0036824317649006844
230 160 0.0017095744842663407
230 240 0.0018577937735244632
230 320 0.003202100982889533
230 400 0.0023787941318005323
231 0 0.002948519540950656
231 80 0.0014959006803110242
231 160 0.0018789946334436536
231 240 0.002939182799309492
231 320 0.002221763366833329
231 400 0.002473857020959258
232 0 0.003846982028335333
232 80 0.002097257412970066
232 160 0.0021715927869081497
232 240 0.0018676987383514643
232 320 0.0017696761060506105
232 400 0.004195490851998329
233 0 0.0002295529848197475
233 80 0.002401346806436777
233 160 0.0026177128311246634
233 240 0.0032834706362336874
233 320 0.0021798249799758196
233 400 0.005445042159408331
234 0 0.0019018491730093956
234 80 0.0016161039238795638
234 160 0.002590975956991315
234 240 0.0035338907036930323
234 320 0.00208516838029027
234 400 0.004193128552287817
235 0 0.0011600119760259986
235 80 0.0030925844330340624
235 160 0.0031857178546488285
235 240 0.002324578585103154
235 320 0.003038295079022646
235 400 0.0037003725301474333
236 0 0.0020546521991491318
236 80 0.003548860317096114
236 160 0.0028049719985574484
236 240 0.003840102581307292
236 320 0.0019281314453110099
236 400 0.00212705391459167
237 0 0.0021655496675521135
237 80 0.00349447107873857
237 160 0.0023766651283949614
237 240 0.0035014625173062086
237 320 0.003980422858148813
237 400 0.003923926968127489
238 0 0.004567544441670179
238 80 0.0028216629289090633
238 160 0.004745757207274437
238 240 0.0018324194243177772
238 320 0.00196642498485744
238 400 0.0016130405711010098
239 0 0.003181789768859744
239 80 0.0036757984198629856
239 160 0.0021000117994844913
239 240 0.0019735589157789946
239 320 0.0032073799520730972
239 400 0.0011617563432082534
240 0 0.001408179523423314
240 80 0.0018515343545004725
240 160 0.001854618894867599
240 240 0.001625058357603848
240 320 0.005043832119554281
240 400 0.0014565573073923588
241 0 0.0036034926306456327
241 80 0.0030247734393924475
241 160 0.00202406058087945
241 240 0.0025440279860049486
241 320 0.0029313364066183567
241 400 0.0036857754457741976
242 0 0.004156456328928471
242 80 0.0027336643543094397
242 160 0.0031470998656004667
242 240 0.0015667338157072663
242 320 0.0030725530814379454
242 400 0.0013027539243921638
243 0 0.002514027524739504
243 80 0.005092966370284557
243 160 0.004434388596564531
243 240 0.001460669911466539
243 320 0.002135089598596096
243 400 0.002271079458296299
244 0 0.0022835126146674156
244 80 0.0020994555670768023
244 160 0.0015821208944544196
244 240 0.003670323407277465
244 320 0.0035489965230226517
244 400 0.00225472473539412
245 0 0.00374774681404233
245 80 0.0017185930628329515
245 160 0.0031746781896799803
245 240 0.0020259853918105364
245 320 0.0020081736147403717
245 400 0.0031456099823117256
246 0 0.0022213475313037634
246 80 0.0016571935266256332
246 160 0.003565025981515646
246 240 0.0017440830124542117
246 320 0.0018229673150926828
246 400 0.0015488772187381983
247 0 0.00175069784745574
247 80 0.003112911945208907
247 160 0.00272726290859282
247 240 0.001458554994314909
247 320 0.0023704986087977886
247 400 0.002451022621244192
248 0 0.004453541710972786
248 80 0.0015326130669564009
248 160 0.0032937461510300636
248 240 0.002283194800838828
248 320 0.0030593969859182835
248 400 0.0023592603392899036
249 0 0.001792124123312533
249 80 0.0013918959302827716
249 160 0.002046015812084079
249 240 0.0017928499728441238
249 320 0.0032756044529378414
249 400 0.0012862621806561947
250 0 0.0017901770770549774
250 80 0.0015613747527822852
250 160 0.0019286909373477101
250 240 0.0024595139548182487
250 320 0.0015710715670138597
250 400 0.002963744569569826
251 0 0.0022490352857857943
251 80 0.0017270876560360193
251 160 0.0020202642772346735
251 240 0.0019277648534625769
251 320 0.0022462245542556047
251 400 0.0035051049198955297
252 0 0.0029195460956543684
252 80 0.00125886348541826
252 160 0.002177790505811572
252 240 0.00218748371116817
252 320 0.002732839435338974
252 400 0.0045080906711518764
253 0 0.0028489255346357822
253 80 0.00182133459020406
253 160 0.0024272273294627666
253 240 0.004264120012521744
253 320 0.0023845788091421127
253 400 0.002325238659977913
254 0 0.002697052201256156
254 80 0.003378391731530428
254 160 0.0037584055680781603
254 240 0.0013707863399758935
254 320 0.002506780670955777
254 400 0.0023795594461262226
255 0 0.0009921783348545432
255 80 0.002095860429108143
255 160 0.00458912318572402
255 240 0.0021661531645804644
255 320 0.0026175575330853462
255 400 0.0027625388465821743
256 0 0.0033829223830252886
256 80 0.0028726146556437016
256 160 0.0021109688095748425
256 240 0.0022043182980269194
256 320 0.0015823424328118563
256 400 0.0005625099875032902
257 0 0.0016436135629191995
257 80 0.004864765331149101
257 160 0.002254282822832465
257 240 0.0027345893904566765
257 320 0.0038027139380574226
257 400 0.002570434706285596
258 0 0.0031837515998631716
258 80 0.0016742043662816286
258 160 0.003443370573222637
258 240 0.0019519844790920615
258 320 0.0024605789221823215
258 400 0.0027741394005715847
259 0 0.001426523900590837
259 80 0.002288386458531022
259 160 0.000971080269664526
259 240 0.0033960940781980753
259 320 0.0011872394243255258
259 400 0.0023279208689928055
260 0 0.0032513136975467205
260 80 0.0025610486045479774
260 160 0.0038675074465572834
260 240 0.0035072150640189648
260 320 0.004712284542620182
260 400 0.0031247814185917377
261 0 0.0026904733385890722
261 80 0.0020469841547310352
261 160 0.000837170984596014
261 240 0.003787436755374074
261 320 0.0021978276781737804
261 400 0.002163039054721594
262 0 0.0009732577600516379
262 80 0.00204651290550828
262 160 0.0027605965733528137
262 240 0.002588499803096056
262 320 0.003809584304690361
262 400 0.0027054655365645885
263 0 0.0018185431836172938
263 80 0.0022425674833357334
263 160 0.004973009694367647
263 240 0.002401922596618533
263 320 0.002382897073403001
263 400 0.0031208752188831568
264 0 0.0029502513352781534
264 80 0.001852910267189145
264 160 0.0013632900081574917
264 240 0.002413711976259947
264 320 0.0015688182320445776
264 400 0.0016341799637302756
265 0 0.0019633746705949306
265 80 0.0025875151623040438
265 160 0.0022395106498152018
265 240 0.0020217900164425373
265 320 0.0024728593416512012
265 400 0.0029577508103102446
266 0 0.0014027196448296309
266 80 0.002255040453746915
266 160 0.002468218095600605
266 240 0.0028354045934975147
266 320 0.0008500202093273401
266 400 0.00545848160982132
267 0 0.0022950696293264627
267 80 0.0019863718189299107
267 160 0.0019165084231644869
267 240 0.0027788456063717604
267 320 0.0031166139524430037
267 400 0.0020886468701064587
268 0 0.0013363559264689684
268 80 0.0010908558033406734
268 160 0.0037034996785223484
268 240 0.001849813968874514
268 320 0.0024106712080538273
268 400 0.0019727933686226606
269 0 0.00310529675334692
269 80 0.001219791593030095
269 160 0.00138488644734025
269 240 0.002749335952103138
269 320 0.0015984219498932362
269 400 0.0026475347112864256
270 0 0.0028608376160264015
270 80 0.0010711062932386994
270 160 0.0028448929078876972
270 240 0.0019519850611686707
270 320 0.003629871178418398
270 400 0.001863414770923555
271 0 0.0027901961002498865
271 80 0.0038429705891758204
271 160 0.0029293636325746775
271 240 0.0018385174917057157
271 320 0.003339991206303239
271 400 0.0027284210082143545
272 0 0.0016786097548902035
272 80 0.001520971185527742
272 160 0.0017375777242705226
272 240 0.0037989059928804636
272 320 0.0015835491940379143
272 400 0.0009144030627794564
273 0 0.0013598655350506306
273 80 0.0015626634703949094
273 160 0.002483782824128866
273 240 0.0020615579560399055
273 320 0.0015998641029000282
273 400 0.001991933910176158
274 0 0.0015266730915755033
274 80 0.002323246095329523
274 160 0.0032386798411607742
274 240 0.0025750012136995792
274 320 0.002548959106206894
274 400 0.001917110406793654
275 0 0.0018686626572161913
275 80 0.0022321599535644054
275 160 0.003529356559738517
275 240 0.0009968775557354093
275 320 0.0030267832335084677
275 400 0.0008460958488285542
276 0 0.0008836142369545996
276 80 0.0020432481542229652
276 160 0.0013223136775195599
276 240 0.0019052225397899747
276 320 0.0007568924920633435
276 400 0.0028542098589241505
277 0 0.00129166548140347
277 80 0.0017950775800272822
277 160 0.0030827492009848356
277 240 0.0021874853409826756
277 320 0.00136259151622653
277 400 0.0010101370280608535
278 0 0.0036310837604105473
278 80 0.0034743286669254303
278 160 0.002123552141711116
278 240 0.0021364600397646427
278 320 0.001968628726899624
278 400 0.0021014083176851273
279 0 0.004009272437542677
279 80 0.002090266440063715
279 160 0.0021462487056851387
