1 0.4697214503850001 0.86295
2 0.260827200721576 0.9256833333333333
3 0.21788838766276963 0.9381666666666667
4 0.1913817185265169 0.94615
5 0.17218746870819693 0.9515
6 0.15706831814129468 0.9562833333333334
7 0.14500652947056014 0.9590833333333333
8 0.1347506462352108 0.9625833333333333
9 0.12600422859477844 0.9659333333333333
10 0.11828055052456063 0.96805
11 0.11167295405796088 0.97025
12 0.10565422355397933 0.9715666666666667
13 0.10019686842746318 0.9732
14 0.09539471901079485 0.9745833333333334
15 0.09084197573824478 0.9758666666666667
16 0.08683957361272657 0.9769
17 0.08310367579637433 0.97785
18 0.07957354730872838 0.9787833333333333
19 0.0764286269002886 0.9797166666666667
20 0.07333206355587633 0.9808333333333333
21 0.07062267047017495 0.98155
22 0.06807215410127823 0.9824166666666667
23 0.06560501639347976 0.9832833333333333
24 0.06333386300326284 0.9838833333333333
25 0.061014400149729336 0.9846833333333334
26 0.05911273794022323 0.98495
27 0.05698789657949448 0.9862666666666666
28 0.05516836130177415 0.9861833333333333
29 0.053559588657608674 0.98685
30 0.05183768286697392 0.9874666666666667
31 0.050235941023158745 0.988
32 0.048764851281860234 0.9882666666666666
33 0.04727508509750051 0.98905
34 0.045901388096720425 0.9890166666666667
35 0.04458945423666475 0.9894666666666667
36 0.04331385154229428 0.9902
37 0.04215235537938726 0.9902166666666666
38 0.04094796831697734 0.9909
39 0.039754931761353 0.9912333333333333
40 0.03869545039162834 0.9915833333333334
41 0.03765731852954385 0.9918833333333333
42 0.036733440891988496 0.992
43 0.03576957887368225 0.9924666666666667
44 0.034879739835127585 0.9926
45 0.03398541025301096 0.993
46 0.03305067432754393 0.9932666666666666
47 0.032300485982132685 0.9935
48 0.0314933859081919 0.9937
49 0.030725289173900827 0.9940166666666667
50 0.029911172091722615 0.99445
51 0.02925736646551186 0.9943
52 0.028562440231108842 0.99475
53 0.02788742173061982 0.9949166666666667
54 0.027259381225844946 0.9950833333333333
55 0.02660447923935203 0.9952833333333333
56 0.02599530503638327 0.9955
57 0.02535437002702594 0.9957166666666667
58 0.024803947802307384 0.99595
59 0.024245949426312436 0.9961166666666667
60 0.023767598934455722 0.9961
61 0.02322046802655212 0.9964666666666666
62 0.022664294366651315 0.9965833333333334
63 0.022216827025823692 0.9966333333333334
64 0.021721797681518835 0.9967
65 0.021312656772654575 0.9968833333333333
66 0.020821106895161017 0.9970166666666667
67 0.020398384579685704 0.997
68 0.020002938085186012 0.9971166666666667
69 0.019589336963294984 0.9971833333333333
70 0.01918695424435172 0.9973
71 0.018814391371653055 0.9976
72 0.018430360467798675 0.9975333333333334
73 0.018066418475346332 0.99755
74 0.017730212322613004 0.9977333333333334
75 0.01738919014397111 0.9978333333333333
76 0.017092581833404962 0.9978166666666667
77 0.01672804731824028 0.9980833333333333
78 0.01640866947834934 0.9980166666666667
79 0.016114095774993523 0.99815
80 0.015809304627981077 0.99825
81 0.015549072790751928 0.99825
82 0.01527483045939666 0.9983166666666666
83 0.014990787196066429 0.99845
84 0.014716301155068091 0.99855
85 0.014457455748862931 0.9984666666666666
86 0.01419968740778294 0.9987333333333334
87 0.01393944052343906 0.9987333333333334
88 0.013707444588564384 0.9987833333333334
89 0.013474706320096053 0.99895
90 0.013274461177410062 0.9988166666666667
91 0.013041725757517922 0.99895
92 0.012811997143337245 0.99895
93 0.012620565582013158 0.9990166666666667
94 0.012388459665935114 0.9991166666666667
95 0.012209061611402058 0.9991333333333333
96 0.012010940589876508 0.99915
97 0.011820197526389348 0.9992833333333333
98 0.011634472181706795 0.9993166666666666
99 0.01144560402148028 0.9992833333333333
100 0.011277473830024221 0.9994166666666666
101 0.011084822962668214 0.9993833333333333
102 0.010915143973331081 0.9994166666666666
103 0.01076919042956092 0.9994333333333333
104 0.010589868370403868 0.9995666666666667
105 0.0104517532718072 0.9994833333333333
106 0.010298289991081205 0.9995
107 0.010131214450457011 0.9995666666666667
108 0.0099970597546917 0.9996166666666667
109 0.00986265518448389 0.9996
110 0.009708855259688948 0.99955
111 0.009574031600279849 0.99965
112 0.009433576753780024 0.9996666666666667
113 0.009323300099246569 0.9996333333333334
114 0.009185238551697943 0.9996833333333334
115 0.009061498519059009 0.99965
116 0.008929921010795084 0.9996666666666667
117 0.008821333759525882 0.9997
118 0.008701768869569878 0.9997166666666667
119 0.008571658320456886 0.9997166666666667
120 0.008477708410426004 0.9997
121 0.00835839758040324 0.99975
122 0.008243600996995547 0.9997333333333334
123 0.008144275539481183 0.9997833333333334
124 0.008040169709429605 0.9997833333333334
125 0.007937508190908571 0.9998
126 0.007844593167416196 0.9998
127 0.007746890101875705 0.9998333333333334
128 0.007655278681271048 0.9998166666666667
129 0.007559913415600782 0.9998
130 0.007458695676674181 0.9998333333333334
131 0.007387422328528914 0.9998
132 0.007284680796938061 0.99985
133 0.007204894289455767 0.99985
134 0.007115224874250765 0.9998666666666667
135 0.007039401242370481 0.9998333333333334
136 0.006949795342272898 0.9998666666666667
137 0.0068714706043996755 0.9998666666666667
138 0.006789373839820133 0.9998833333333333
139 0.0067146173827270705 0.99985
140 0.006641181769903932 0.9998666666666667
141 0.006572304917787358 0.9998666666666667
142 0.0064981119182985474 0.9998833333333333
143 0.00642392939519582 0.9998666666666667
144 0.006356888841629139 0.9999
145 0.00627484404618965 0.9999166666666667
146 0.00621807636734821 0.9999
147 0.0061577192988238735 0.9999
148 0.006091515637878606 0.9999
149 0.0060180068186827815 0.9999333333333333
150 0.005961066056569137 0.9999166666666667
151 0.005889294765093354 0.9999333333333333
152 0.005840851336038475 0.9999166666666667
153 0.005782735752942625 0.9999333333333333
154 0.005719613468548509 0.9999166666666667
155 0.005673647631577321 0.9999166666666667
156 0.0056064473440263 0.9999166666666667
157 0.0055496879818060915 0.9999166666666667
158 0.005496634013537787 0.9999333333333333
159 0.005442693942476676 0.9999333333333333
160 0.0053850063444254226 0.9999333333333333
161 0.005339284719122863 0.99995
162 0.005285351518303283 0.99995
163 0.005231383406787491 0.99995
164 0.005184541142899107 0.99995
165 0.005137492721624323 0.99995
166 0.00509126055519035 0.99995
167 0.00504186457303017 0.99995
168 0.004995913914234034 0.99995
169 0.004954003729919063 0.9999333333333333
170 0.004908420808259834 0.99995
171 0.0048642035441915955 0.9999666666666667
172 0.004817684695098811 0.99995
173 0.004778180055559547 0.9999666666666667
174 0.004734380825756312 0.9999666666666667
175 0.004691093883314319 0.9999333333333333
176 0.004650173111578454 0.9999666666666667
177 0.004613221993596394 0.9999666666666667
178 0.00456872319830939 0.9999833333333333
179 0.0045372739757921525 0.99995
180 0.0044932754195011314 0.9999666666666667
181 0.004453047677608473 0.9999666666666667
182 0.004421539473355309 0.9999833333333333
183 0.004380579686848752 0.9999833333333333
184 0.004341800358699464 0.9999833333333333
185 0.004312413760018089 0.9999833333333333
186 0.00427745373027006 0.9999666666666667
187 0.004237291353718956 0.9999833333333333
188 0.004201631221710754 0.9999833333333333
189 0.0041686548565480624 0.9999833333333333
190 0.0041380649032160596 0.9999833333333333
191 0.0041010405539151735 1.0
192 0.004073545042085828 0.9999833333333333
193 0.004044030826272709 0.9999833333333333
194 0.0040149213463218925 0.9999833333333333
195 0.003978891679441243 0.9999833333333333
196 0.003949260447240833 0.9999833333333333
197 0.00391941252045397 1.0
198 0.00389224084576707 0.9999833333333333
199 0.0038580463477857173 1.0
200 0.0038321091146118987 0.9999833333333333
201 0.0038041992143773512 1.0
202 0.0037743696485703655 1.0
203 0.0037485308387179748 1.0
204 0.0037194472620450357 1.0
205 0.003690767170079966 0.9999833333333333
206 0.003669079360631563 1.0
207 0.003640743591058165 0.9999833333333333
208 0.0036142410864102355 1.0
209 0.003587249022444833 1.0
210 0.0035596423249231028 1.0
211 0.0035374634890511297 1.0
212 0.003513328694199313 1.0
213 0.003489614739370689 1.0
214 0.0034665586472774888 1.0
215 0.0034399677754572426 0.9999833333333333
216 0.0034164440438850347 1.0
217 0.0033972796143542953 1.0
218 0.0033702650921605924 1.0
219 0.003346787800124761 1.0
220 0.003327649241230929 1.0
221 0.003304054397148396 1.0
222 0.003279944315606327 1.0
223 0.003261296477949203 1.0
224 0.00323757332258685 1.0
225 0.0032164474696304195 1.0
226 0.0031970864674920386 1.0
227 0.00317650850959567 1.0
228 0.0031526838643982738 1.0
229 0.0031362083326749155 1.0
230 0.003113997790506725 1.0
231 0.003094906446217164 1.0
232 0.0030753519350061142 1.0
233 0.0030550654946036064 1.0
234 0.0030384355702244843 1.0
235 0.0030191218709326915 1.0
236 0.002997122273699982 1.0
237 0.0029809736498524306 1.0
238 0.0029619661231052633 1.0
239 0.0029457826797824613 1.0
240 0.0029253439420758726 1.0
241 0.002909001515386924 1.0
242 0.0028904147589130444 1.0
243 0.0028731476075933384 1.0
244 0.002856496987598283 1.0
245 0.0028407236261825475 1.0
246 0.00282033339208826 1.0
247 0.0028055811664268277 1.0
248 0.0027914233434983074 1.0
249 0.002776165686196276 1.0
250 0.002756304659772474 1.0
251 0.0027437070337459762 1.0
252 0.0027279389718336973 1.0
253 0.0027114213074444296 1.0
254 0.0026971933025834974 1.0
255 0.002681146298700483 1.0
256 0.0026646831800400624 1.0
257 0.002651027005316237 1.0
258 0.0026337666111116583 1.0
259 0.0026206590325461385 1.0
260 0.0026048540399828827 1.0
261 0.0025930503315762924 1.0
262 0.002576638518004561 1.0
263 0.0025635278199924462 1.0
264 0.002548318496395919 1.0
265 0.002533548230455239 1.0
266 0.002521532921315129 1.0
267 0.0025077258506769947 1.0
268 0.0024919659705402684 1.0
269 0.002481443656316555 1.0
270 0.002467416656160874 1.0
271 0.0024555452693718425 1.0
272 0.002444496758079637 1.0
273 0.002429756910420025 1.0
274 0.0024159135677214306 1.0
275 0.002404104988239626 1.0
276 0.002390142316236965 1.0
277 0.002379951367367194 1.0
278 0.0023671481353757 1.0
279 0.002356239424053846 1.0
280 0.002344814298708222 1.0
281 0.002330613552656239 1.0
282 0.0023192170203657453 1.0
283 0.002309079524248775 1.0
284 0.0022954016050541286 1.0
285 0.002285186978139436 1.0
286 0.0022728731412676845 1.0
287 0.0022637020613599035 1.0
288 0.002250355621266153 1.0
289 0.0022403615507493807 1.0
290 0.0022280307083047115 1.0
291 0.0022175370163020135 1.0
292 0.002207664999865623 1.0
293 0.0021969820169840198 1.0
294 0.0021876499959345122 1.0
295 0.002174979130522028 1.0
296 0.002164418936577012 1.0
297 0.0021538102416880627 1.0
298 0.0021439622632160324 1.0
299 0.0021343507565312714 1.0
300 0.002124834764770655 1.0
9999 0.0020977379754185677 1.0
