1 0 3.0354998111724854
1 80 0.4701390564441681
1 160 0.4285433888435364
1 240 0.3548891544342041
1 320 0.3014630377292633
1 400 0.3796950578689575
2 0 0.24949346482753754
2 80 0.26766136288642883
2 160 0.28087863326072693
2 240 0.2015235871076584
2 320 0.12154820561408997
2 400 0.2408595234155655
3 0 0.1418682038784027
3 80 0.16604465246200562
3 160 0.28534814715385437
3 240 0.28958025574684143
3 320 0.20977964997291565
3 400 0.22674086689949036
4 0 0.17945386469364166
4 80 0.2276301085948944
4 160 0.22027838230133057
4 240 0.270344614982605
4 320 0.11859830468893051
4 400 0.2271260768175125
5 0 0.195989191532135
5 80 0.16713322699069977
5 160 0.1681443452835083
5 240 0.15482495725154877
5 320 0.3837639093399048
5 400 0.1599644124507904
6 0 0.12720869481563568
6 80 0.29230090975761414
6 160 0.1371069699525833
6 240 0.11766396462917328
6 320 0.09454504400491714
6 400 0.12668432295322418
7 0 0.10174344480037689
7 80 0.11306046694517136
7 160 0.09295708686113358
7 240 0.16213980317115784
7 320 0.18373967707157135
7 400 0.21504680812358856
8 0 0.11852236837148666
8 80 0.183124840259552
8 160 0.15621662139892578
8 240 0.16219593584537506
8 320 0.15540538728237152
8 400 0.1728113889694214
9 0 0.15027393400669098
9 80 0.09076914936304092
9 160 0.23552361130714417
9 240 0.12982778251171112
9 320 0.1618855744600296
9 400 0.12417592853307724
10 0 0.07739793509244919
10 80 0.15981058776378632
10 160 0.08731064945459366
10 240 0.06308338046073914
10 320 0.11062167584896088
10 400 0.08748297393321991
11 0 0.1814836859703064
11 80 0.15914350748062134
11 160 0.24712365865707397
11 240 0.1090165302157402
11 320 0.1205415353178978
11 400 0.08992759883403778
12 0 0.08430538326501846
12 80 0.08586601167917252
12 160 0.08650892972946167
12 240 0.09675248712301254
12 320 0.15000903606414795
12 400 0.14161044359207153
13 0 0.06759411841630936
13 80 0.10687758028507233
13 160 0.09353750199079514
13 240 0.07184023410081863
13 320 0.0938609167933464
13 400 0.08193783462047577
14 0 0.05963613837957382
14 80 0.16078616678714752
14 160 0.09611641615629196
14 240 0.15252798795700073
14 320 0.10907594859600067
14 400 0.0656498596072197
15 0 0.12443869560956955
15 80 0.05514476075768471
15 160 0.06997638940811157
15 240 0.07048527896404266
15 320 0.10588983446359634
15 400 0.1025928482413292
16 0 0.06932377815246582
16 80 0.04687991365790367
16 160 0.05882478132843971
16 240 0.1032000258564949
16 320 0.06960402429103851
16 400 0.07755488902330399
17 0 0.11814767867326736
17 80 0.11661656945943832
17 160 0.05321057140827179
17 240 0.144693061709404
17 320 0.08067219704389572
17 400 0.13334903120994568
18 0 0.07405391335487366
18 80 0.09682201594114304
18 160 0.05828859657049179
18 240 0.04986900836229324
18 320 0.058379821479320526
18 400 0.12783554196357727
19 0 0.03584422543644905
19 80 0.10210827738046646
19 160 0.07866314053535461
19 240 0.041404906660318375
19 320 0.04651091992855072
19 400 0.05854996666312218
20 0 0.06426159292459488
20 80 0.0930679589509964
20 160 0.08147571980953217
20 240 0.16988226771354675
20 320 0.07722599059343338
20 400 0.05258593335747719
21 0 0.035800542682409286
21 80 0.043106790632009506
21 160 0.04666543006896973
21 240 0.11356255412101746
21 320 0.059744998812675476
21 400 0.05749691650271416
22 0 0.0776161402463913
22 80 0.06791538000106812
22 160 0.08795773237943649
22 240 0.07415241748094559
22 320 0.09694980084896088
22 400 0.06725962460041046
23 0 0.02489461377263069
23 80 0.05380793288350105
23 160 0.04428749531507492
23 240 0.07546807080507278
23 320 0.07114142924547195
23 400 0.028413034975528717
24 0 0.044795628637075424
24 80 0.04597635939717293
24 160 0.10958295315504074
24 240 0.04634859412908554
24 320 0.04889747127890587
24 400 0.04741307720541954
25 0 0.06444880366325378
25 80 0.026235472410917282
25 160 0.048739369958639145
25 240 0.03891398385167122
25 320 0.018526939675211906
25 400 0.037783432751894
26 0 0.05388934537768364
26 80 0.05732367932796478
26 160 0.0918736383318901
26 240 0.05232275649905205
26 320 0.06447215378284454
26 400 0.02758437767624855
27 0 0.03823477774858475
27 80 0.06210755556821823
27 160 0.04019346088171005
27 240 0.05679216980934143
27 320 0.1047634407877922
27 400 0.05218571051955223
28 0 0.042551394551992416
28 80 0.06050057336688042
28 160 0.04199262335896492
28 240 0.07228574901819229
28 320 0.045360639691352844
28 400 0.04817108437418938
29 0 0.08308205008506775
29 80 0.07308676093816757
29 160 0.08282075077295303
29 240 0.028535621240735054
29 320 0.07108969241380692
29 400 0.055897776037454605
30 0 0.0292434673756361
30 80 0.06551239639520645
30 160 0.04811118543148041
30 240 0.08279237896203995
30 320 0.02989257127046585
30 400 0.04236753657460213
31 0 0.0419243723154068
31 80 0.08067845553159714
31 160 0.01960717886686325
31 240 0.06579536199569702
31 320 0.055530697107315063
31 400 0.026788795366883278
32 0 0.0389762818813324
32 80 0.046312976628541946
32 160 0.035213544964790344
32 240 0.07786023616790771
32 320 0.026761522516608238
32 400 0.09975928068161011
33 0 0.03892536088824272
33 80 0.04269454628229141
33 160 0.022717807441949844
33 240 0.08380065113306046
33 320 0.07253680378198624
33 400 0.06677871942520142
34 0 0.11118213087320328
34 80 0.05886177346110344
34 160 0.016167446970939636
34 240 0.025689654052257538
34 320 0.05625462159514427
34 400 0.055930979549884796
35 0 0.025680962949991226
35 80 0.044590964913368225
35 160 0.04754796251654625
35 240 0.0369860976934433
35 320 0.03530088812112808
35 400 0.0653403177857399
36 0 0.03758952394127846
36 80 0.024224665015935898
36 160 0.05565694719552994
36 240 0.02495204471051693
36 320 0.025934303179383278
36 400 0.04566442593932152
37 0 0.04058026522397995
37 80 0.0139204952865839
37 160 0.03534222021698952
37 240 0.02436666004359722
37 320 0.01735720783472061
37 400 0.041119419038295746
38 0 0.02700655162334442
38 80 0.026367949321866035
38 160 0.0186360701918602
38 240 0.03312840312719345
38 320 0.039584577083587646
38 400 0.0466671884059906
39 0 0.018053043633699417
39 80 0.04930988699197769
39 160 0.020320672541856766
39 240 0.03053775243461132
39 320 0.04175461456179619
39 400 0.015640240162611008
40 0 0.0376209132373333
40 80 0.03755008429288864
40 160 0.042643796652555466
40 240 0.03493775427341461
40 320 0.044100865721702576
40 400 0.0329953171312809
41 0 0.03192107751965523
41 80 0.031959109008312225
41 160 0.01277519203722477
41 240 0.02183458022773266
41 320 0.020004810765385628
41 400 0.04923463240265846
42 0 0.02755313366651535
42 80 0.029462294653058052
42 160 0.034651581197977066
42 240 0.06886672228574753
42 320 0.025259220972657204
42 400 0.030496960505843163
43 0 0.04488017037510872
43 80 0.01797293685376644
43 160 0.05411490797996521
43 240 0.02948825992643833
43 320 0.036406755447387695
43 400 0.021878782659769058
44 0 0.0300484299659729
44 80 0.04527818411588669
44 160 0.02256191149353981
44 240 0.02319777011871338
44 320 0.0483151450753212
44 400 0.043882038444280624
45 0 0.029187381267547607
45 80 0.05390091985464096
45 160 0.023108666762709618
45 240 0.015138290822505951
45 320 0.049600571393966675
45 400 0.03890277072787285
46 0 0.02289017289876938
46 80 0.02516491711139679
46 160 0.04643625393509865
46 240 0.045680321753025055
46 320 0.06772726774215698
46 400 0.03042813017964363
47 0 0.052354998886585236
47 80 0.03373509272933006
47 160 0.009053039364516735
47 240 0.07257487624883652
47 320 0.028972791507840157
47 400 0.022298116236925125
48 0 0.03017822653055191
48 80 0.022438721731305122
48 160 0.0751952975988388
48 240 0.043776679784059525
48 320 0.027440940961241722
48 400 0.03276222571730614
49 0 0.03218822181224823
49 80 0.02293569967150688
49 160 0.026243960484862328
49 240 0.02938143163919449
49 320 0.021766552701592445
49 400 0.06143927574157715
50 0 0.12097226083278656
50 80 0.03246646001935005
50 160 0.022565698251128197
50 240 0.023417124524712563
50 320 0.02884054370224476
50 400 0.03471625968813896
51 0 0.03747788816690445
51 80 0.023540839552879333
51 160 0.019472192972898483
51 240 0.031839318573474884
51 320 0.03568549454212189
51 400 0.022781675681471825
52 0 0.026214437559247017
52 80 0.018860826268792152
52 160 0.010479174554347992
52 240 0.05829980596899986
52 320 0.034038741141557693
52 400 0.023332949727773666
53 0 0.05237772688269615
53 80 0.015861675143241882
53 160 0.019921936094760895
53 240 0.0229149479418993
53 320 0.025656739249825478
53 400 0.021961819380521774
54 0 0.015981599688529968
54 80 0.010021102614700794
54 160 0.009450150653719902
54 240 0.023286301642656326
54 320 0.034420620650053024
54 400 0.038187481462955475
55 0 0.009326371364295483
55 80 0.019659878686070442
55 160 0.02506321668624878
55 240 0.020179541781544685
55 320 0.025292661041021347
55 400 0.034060146659612656
56 0 0.012814878486096859
56 80 0.024832708761096
56 160 0.034267932176589966
56 240 0.036408260464668274
56 320 0.025035716593265533
56 400 0.03964213281869888
57 0 0.027089720591902733
57 80 0.015192515216767788
57 160 0.017296960577368736
57 240 0.02299659699201584
57 320 0.02516849711537361
57 400 0.00747621338814497
58 0 0.016294267028570175
58 80 0.020442770794034004
58 160 0.008555276319384575
58 240 0.02835504524409771
58 320 0.008784163743257523
58 400 0.015523791313171387
59 0 0.020572923123836517
59 80 0.022709548473358154
59 160 0.024752572178840637
59 240 0.022389382123947144
59 320 0.009130096063017845
59 400 0.02292385697364807
60 0 0.011701000854372978
60 80 0.01858709007501602
60 160 0.04783083498477936
60 240 0.02313084527850151
60 320 0.024538075551390648
60 400 0.022338759154081345
61 0 0.03984113782644272
61 80 0.01879887282848358
61 160 0.012396018020808697
61 240 0.009896636009216309
61 320 0.009175524115562439
61 400 0.023507388308644295
62 0 0.020740054547786713
62 80 0.04724382609128952
62 160 0.031083213165402412
62 240 0.026753751561045647
62 320 0.017698533833026886
62 400 0.047840118408203125
63 0 0.01983528584241867
63 80 0.024074029177427292
63 160 0.01960696093738079
63 240 0.02124198153614998
63 320 0.021231258288025856
63 400 0.013645391911268234
64 0 0.03189994394779205
64 80 0.04979871213436127
64 160 0.009260641410946846
64 240 0.021755073219537735
64 320 0.014233583584427834
64 400 0.01849658042192459
65 0 0.020873958244919777
65 80 0.01569785550236702
65 160 0.035087358206510544
65 240 0.020028097555041313
65 320 0.04231830686330795
65 400 0.02378743886947632
66 0 0.01387374009937048
66 80 0.015253444202244282
66 160 0.016011223196983337
66 240 0.013293534517288208
66 320 0.013164568692445755
66 400 0.025502221658825874
67 0 0.04733480513095856
67 80 0.021338168531656265
67 160 0.01660863310098648
67 240 0.008633353747427464
67 320 0.01481902040541172
67 400 0.008348088711500168
68 0 0.009869836270809174
68 80 0.009329498745501041
68 160 0.012112213298678398
68 240 0.013050603680312634
68 320 0.031885068863630295
68 400 0.0260549858212471
69 0 0.010179194621741772
69 80 0.04519562050700188
69 160 0.0291278138756752
69 240 0.018651507794857025
69 320 0.023162052035331726
69 400 0.014384599402546883
70 0 0.013831516727805138
70 80 0.01737527921795845
70 160 0.029053770005702972
70 240 0.01587972603738308
70 320 0.013933282345533371
70 400 0.010784171521663666
71 0 0.010389992967247963
71 80 0.017342202365398407
71 160 0.016955826431512833
71 240 0.013694648630917072
71 320 0.02020220085978508
71 400 0.03486332669854164
72 0 0.026385337114334106
72 80 0.04359446465969086
72 160 0.01578131504356861
72 240 0.008937130682170391
72 320 0.017247116193175316
72 400 0.009247655980288982
73 0 0.027195092290639877
73 80 0.011897426098585129
73 160 0.022861633449792862
73 240 0.007893165573477745
73 320 0.007440398447215557
73 400 0.01522817648947239
74 0 0.01229268591850996
74 80 0.020020022988319397
74 160 0.014580229297280312
74 240 0.010167168453335762
74 320 0.02883005514740944
74 400 0.004986488725990057
75 0 0.01802005060017109
75 80 0.014103926718235016
75 160 0.028945986181497574
75 240 0.020118970423936844
75 320 0.014235175214707851
75 400 0.010982496663928032
76 0 0.02568289078772068
76 80 0.015692949295043945
76 160 0.014345165342092514
76 240 0.009406741708517075
76 320 0.01422762032598257
76 400 0.028493640944361687
77 0 0.01828068681061268
77 80 0.018708834424614906
77 160 0.011172293685376644
77 240 0.02294088527560234
77 320 0.013300318270921707
77 400 0.015159173868596554
78 0 0.018839318305253983
78 80 0.005942066200077534
78 160 0.011071023531258106
78 240 0.009779682382941246
78 320 0.012046773917973042
78 400 0.010027343407273293
79 0 0.027534188702702522
79 80 0.013051968067884445
79 160 0.011144929565489292
79 240 0.02757832407951355
79 320 0.02776147425174713
79 400 0.01836307719349861
80 0 0.018957441672682762
80 80 0.015118514187633991
80 160 0.01741790398955345
80 240 0.01720927469432354
80 320 0.038936175405979156
80 400 0.005627208389341831
81 0 0.011249071918427944
81 80 0.012941129505634308
81 160 0.00657416507601738
81 240 0.013081977143883705
81 320 0.02567317895591259
81 400 0.009510393254458904
82 0 0.00662245275452733
82 80 0.01788552664220333
82 160 0.01050241943448782
82 240 0.026186494156718254
82 320 0.008758952841162682
82 400 0.013114566914737225
83 0 0.014281016774475574
83 80 0.013929232954978943
83 160 0.03354223072528839
83 240 0.020470332354307175
83 320 0.01021664123982191
83 400 0.008414500392973423
84 0 0.014742674306035042
84 80 0.006968281231820583
84 160 0.02015426754951477
84 240 0.01905941776931286
84 320 0.01605040207505226
84 400 0.013888192363083363
85 0 0.010380876250565052
85 80 0.015328174456954002
85 160 0.022921698167920113
85 240 0.009994857013225555
85 320 0.006977549754083157
85 400 0.013146501034498215
86 0 0.008527044206857681
86 80 0.05218007415533066
86 160 0.009690680541098118
86 240 0.011549610644578934
86 320 0.01252355333417654
86 400 0.008346102200448513
87 0 0.013766361400485039
87 80 0.02364632859826088
87 160 0.011038734577596188
87 240 0.017490215599536896
87 320 0.03566392883658409
87 400 0.01587473787367344
88 0 0.011569640599191189
88 80 0.018695374950766563
88 160 0.042389798909425735
88 240 0.010570148937404156
88 320 0.021631009876728058
88 400 0.02313387580215931
89 0 0.010009490884840488
89 80 0.005361524876207113
89 160 0.009935645386576653
89 240 0.011103871278464794
89 320 0.00792612787336111
89 400 0.01653192937374115
90 0 0.020671982318162918
90 80 0.013244145549833775
90 160 0.012976338155567646
90 240 0.015719860792160034
90 320 0.004069954622536898
90 400 0.013448286801576614
91 0 0.009171930141746998
91 80 0.02435811050236225
91 160 0.01831657811999321
91 240 0.020832646638154984
91 320 0.011762328445911407
91 400 0.013364502228796482
92 0 0.01136405486613512
92 80 0.007289689499884844
92 160 0.011547219008207321
92 240 0.008683099411427975
92 320 0.009906195104122162
92 400 0.004866468254476786
93 0 0.008886137045919895
93 80 0.02076907455921173
93 160 0.010330094955861568
93 240 0.007920000702142715
93 320 0.010553422383964062
93 400 0.008121738210320473
94 0 0.010657715611159801
94 80 0.008438028395175934
94 160 0.009812125004827976
94 240 0.007963229902088642
94 320 0.011934982612729073
94 400 0.01618790626525879
95 0 0.007087658625096083
95 80 0.013494581915438175
95 160 0.015970679000020027
95 240 0.007721868343651295
95 320 0.012550613842904568
95 400 0.00616257032379508
96 0 0.010859242640435696
96 80 0.008685743436217308
96 160 0.010727982968091965
96 240 0.005323209799826145
96 320 0.004868605174124241
96 400 0.009372388012707233
97 0 0.00790359079837799
97 80 0.006367939058691263
97 160 0.012204124592244625
97 240 0.013437913730740547
97 320 0.006998905912041664
97 400 0.01924852840602398
98 0 0.007713353261351585
98 80 0.013001905754208565
98 160 0.03879782184958458
98 240 0.00947540532797575
98 320 0.0060779317282140255
98 400 0.007746321614831686
99 0 0.025615490972995758
99 80 0.008011371828615665
99 160 0.011497057974338531
99 240 0.007533204276114702
99 320 0.00888479221612215
99 400 0.008167133666574955
100 0 0.01148633100092411
100 80 0.006610680837184191
100 160 0.009275460615754128
100 240 0.017573995515704155
100 320 0.01330034900456667
100 400 0.01589418761432171
101 0 0.0062323366291821
101 80 0.017433932051062584
101 160 0.006170810665935278
101 240 0.005040792282670736
101 320 0.017615724354982376
101 400 0.005606713239103556
102 0 0.004926907829940319
102 80 0.014857161790132523
102 160 0.0069215549156069756
102 240 0.009702933952212334
102 320 0.007105717435479164
102 400 0.00806435476988554
103 0 0.008950376883149147
103 80 0.015840107575058937
103 160 0.011668107472360134
103 240 0.008689507842063904
103 320 0.020741600543260574
103 400 0.007844649255275726
104 0 0.009924516081809998
104 80 0.011534716002643108
104 160 0.00893397256731987
104 240 0.009333514608442783
104 320 0.007978475652635098
104 400 0.006017070263624191
105 0 0.008087723515927792
105 80 0.009107264690101147
105 160 0.014187060296535492
105 240 0.014527278952300549
105 320 0.009575593285262585
105 400 0.021295642480254173
106 0 0.00998949445784092
106 80 0.021562494337558746
106 160 0.01232040487229824
106 240 0.014682113192975521
106 320 0.0094358054921031
106 400 0.004992487840354443
107 0 0.0038523811381310225
107 80 0.013436962850391865
107 160 0.009037071838974953
107 240 0.00646436121314764
107 320 0.006620371248573065
107 400 0.007590644061565399
108 0 0.011688522063195705
108 80 0.0056674666702747345
108 160 0.010656544007360935
108 240 0.010079680010676384
108 320 0.0060334401205182076
108 400 0.005467106122523546
109 0 0.012071030214428902
109 80 0.01497055497020483
109 160 0.007633680012077093
109 240 0.013158007524907589
109 320 0.014940976165235043
109 400 0.008556266315281391
110 0 0.0028563635423779488
110 80 0.008856333792209625
110 160 0.006883108057081699
110 240 0.017130505293607712
110 320 0.01054719090461731
110 400 0.011880738660693169
111 0 0.012152168899774551
111 80 0.0060380250215530396
111 160 0.013174180872738361
111 240 0.007788149639964104
111 320 0.007366571109741926
111 400 0.008743857964873314
112 0 0.011424198746681213
112 80 0.008996906690299511
112 160 0.007476272061467171
112 240 0.007656238507479429
112 320 0.008289911784231663
112 400 0.01304942648857832
113 0 0.013989928178489208
113 80 0.011008729226887226
113 160 0.010928095318377018
113 240 0.006134238559752703
113 320 0.010959804058074951
113 400 0.010075557045638561
114 0 0.00845517311245203
114 80 0.007061564363539219
114 160 0.009872694499790668
114 240 0.008509219624102116
114 320 0.008744675666093826
114 400 0.011413408443331718
115 0 0.004464566241949797
115 80 0.005942828953266144
115 160 0.009225365705788136
115 240 0.006402095779776573
115 320 0.011732927523553371
115 400 0.006367897614836693
116 0 0.004964530002325773
116 80 0.013911360874772072
116 160 0.011687821708619595
116 240 0.004107918590307236
116 320 0.005186485126614571
116 400 0.013453103601932526
117 0 0.007750697899609804
117 80 0.00673286709934473
117 160 0.0033957320265471935
117 240 0.006458276882767677
117 320 0.014253579080104828
117 400 0.011272590607404709
118 0 0.009027386084198952
118 80 0.009370636194944382
118 160 0.015964403748512268
118 240 0.011047307401895523
118 320 0.009987874887883663
118 400 0.005971703678369522
119 0 0.006451333872973919
119 80 0.010519448667764664
119 160 0.005027046427130699
119 240 0.01078525185585022
119 320 0.00808669626712799
119 400 0.0054870788007974625
120 0 0.0068185036070644855
120 80 0.003052221378311515
120 160 0.00822512712329626
120 240 0.021243218332529068
120 320 0.005309509579092264
120 400 0.009222866035997868
121 0 0.011150449514389038
121 80 0.0066336989402771
121 160 0.005715637002140284
121 240 0.018083130940794945
121 320 0.0027699486818164587
121 400 0.009964284487068653
122 0 0.005887486040592194
122 80 0.002453726716339588
122 160 0.010900041088461876
122 240 0.003718053689226508
122 320 0.0077996207401156425
122 400 0.0054841358214616776
123 0 0.003989614546298981
123 80 0.007782754488289356
123 160 0.007104640360921621
123 240 0.007180496118962765
123 320 0.0085452264174819
123 400 0.007402373943477869
124 0 0.008952525444328785
124 80 0.009378567337989807
124 160 0.015704134479165077
124 240 0.013954760506749153
124 320 0.014807579107582569
124 400 0.008493587374687195
125 0 0.003971828613430262
125 80 0.0061145261861383915
125 160 0.008714159019291401
125 240 0.0049384296871721745
125 320 0.008166857995092869
125 400 0.007057816255837679
126 0 0.009274213574826717
126 80 0.005291101988404989
126 160 0.01283740159124136
126 240 0.00561129953712225
126 320 0.003688533790409565
126 400 0.0035558429080992937
127 0 0.008421434089541435
127 80 0.009636004455387592
127 160 0.010574189946055412
127 240 0.010390530340373516
127 320 0.003112104721367359
127 400 0.009323657490313053
128 0 0.005258740857243538
128 80 0.007433708757162094
128 160 0.004061093088239431
128 240 0.008739764802157879
128 320 0.0023601516149938107
128 400 0.006314575672149658
129 0 0.006876140832901001
129 80 0.0040773567743599415
129 160 0.010254169814288616
129 240 0.005219869781285524
129 320 0.007873313501477242
129 400 0.00999906100332737
130 0 0.003899708855897188
130 80 0.005526299122720957
130 160 0.008893538266420364
130 240 0.009356503374874592
130 320 0.011750859208405018
130 400 0.00913112610578537
131 0 0.006102540530264378
131 80 0.006499831099063158
131 160 0.011231345124542713
131 240 0.014979192987084389
131 320 0.010563821531832218
131 400 0.007700126618146896
132 0 0.00465655280277133
132 80 0.013842465355992317
132 160 0.0076605575159192085
132 240 0.007729784119874239
132 320 0.009217746555805206
132 400 0.008275700733065605
133 0 0.006236196029931307
133 80 0.0051313480362296104
133 160 0.0033298309426754713
133 240 0.00187633465975523
133 320 0.008427787572145462
133 400 0.009614532813429832
134 0 0.011004253290593624
134 80 0.00544361025094986
134 160 0.004092242103070021
134 240 0.006595841608941555
134 320 0.009584114886820316
134 400 0.012312076054513454
135 0 0.012204085476696491
135 80 0.0032259535510092974
135 160 0.00633976748213172
135 240 0.003486500820145011
135 320 0.012478111311793327
135 400 0.007185438182204962
136 0 0.005301311146467924
136 80 0.004543140064924955
136 160 0.010217047296464443
136 240 0.007103560958057642
136 320 0.005807055160403252
136 400 0.009316540323197842
137 0 0.007026843260973692
137 80 0.004056108184158802
137 160 0.005583304911851883
137 240 0.004226038232445717
137 320 0.00660095876082778
137 400 0.007904001511633396
138 0 0.005586390383541584
138 80 0.005710538011044264
138 160 0.0037631101440638304
138 240 0.0024289346765726805
138 320 0.004763755947351456
138 400 0.010572949424386024
139 0 0.011450842022895813
139 80 0.001988169504329562
139 160 0.007792795076966286
139 240 0.005518402438610792
139 320 0.005791997537016869
139 400 0.004803949035704136
140 0 0.00550282746553421
140 80 0.005166593007743359
140 160 0.002348786685615778
140 240 0.009574142284691334
140 320 0.006975715979933739
140 400 0.006283462513238192
141 0 0.007306413725018501
141 80 0.0034057158045470715
141 160 0.005634866654872894
141 240 0.009783999994397163
141 320 0.010948730632662773
141 400 0.006721969228237867
142 0 0.005816456861793995
142 80 0.0046345992013812065
142 160 0.005056482274085283
142 240 0.011329230852425098
142 320 0.007845708169043064
142 400 0.005231949966400862
143 0 0.006695136893540621
143 80 0.008480585180222988
143 160 0.005827665328979492
143 240 0.00478536868467927
143 320 0.005314488895237446
143 400 0.003979921340942383
144 0 0.007482489570975304
144 80 0.013854372315108776
144 160 0.0028700376860797405
144 240 0.00548116210848093
144 320 0.006030749063938856
144 400 0.004153656307607889
145 0 0.003782569896429777
145 80 0.003472866490483284
145 160 0.004235344007611275
145 240 0.013449283316731453
145 320 0.008357755839824677
145 400 0.0032298194710165262
146 0 0.00198277342133224
146 80 0.0014014157932251692
146 160 0.0028034369461238384
146 240 0.00416194275021553
146 320 0.0083064129576087
146 400 0.007743676193058491
147 0 0.004798260051757097
147 80 0.004279818385839462
147 160 0.0057322499342262745
147 240 0.005635096691548824
147 320 0.011263418011367321
147 400 0.013346354477107525
148 0 0.003975444473326206
148 80 0.008906008675694466
148 160 0.005807279143482447
148 240 0.008155116811394691
148 320 0.010814403183758259
148 400 0.007222057320177555
149 0 0.009380155242979527
149 80 0.004590177908539772
149 160 0.006580255459994078
149 240 0.005305152852088213
149 320 0.005552920512855053
149 400 0.010008382610976696
150 0 0.004310763906687498
150 80 0.0021397785749286413
150 160 0.0038993125781416893
150 240 0.004334279801696539
150 320 0.004146238788962364
150 400 0.004672556184232235
151 0 0.006101391278207302
151 80 0.007499289698898792
151 160 0.00592508539557457
151 240 0.0051808119751513
151 320 0.0071055772714316845
151 400 0.004424098413437605
152 0 0.0073197875171899796
152 80 0.007074784021824598
152 160 0.009683655574917793
152 240 0.005113465711474419
152 320 0.010357018560171127
152 400 0.00923109333962202
153 0 0.004262113478034735
153 80 0.005336803384125233
153 160 0.007302061188966036
153 240 0.009896335192024708
153 320 0.0036904190201312304
153 400 0.004299670457839966
154 0 0.004391038790345192
154 80 0.004151260945945978
154 160 0.007177697028964758
154 240 0.003877095179632306
154 320 0.003944166470319033
154 400 0.008453325368463993
155 0 0.007457259576767683
155 80 0.008406833745539188
155 160 0.00486648827791214
155 240 0.006600560154765844
155 320 0.0065758987329900265
155 400 0.010405752807855606
156 0 0.0044227526523172855
156 80 0.003260769182816148
156 160 0.0029883242677897215
156 240 0.00577210821211338
156 320 0.005666380748152733
156 400 0.010856660082936287
157 0 0.003719273256137967
157 80 0.00523856608197093
157 160 0.004254619125276804
157 240 0.004290715325623751
157 320 0.009163588285446167
157 400 0.0096539705991745
158 0 0.005736105144023895
158 80 0.00354677508585155
158 160 0.006033002398908138
158 240 0.006811382714658976
158 320 0.011191276833415031
158 400 0.004409341141581535
159 0 0.007645233999937773
159 80 0.0076505281031131744
159 160 0.003215605393052101
159 240 0.005524165462702513
159 320 0.007528803776949644
159 400 0.00906952004879713
160 0 0.008096177130937576
160 80 0.005269558634608984
160 160 0.005957052111625671
160 240 0.010478314943611622
160 320 0.0034612591844052076
160 400 0.00987160298973322
161 0 0.0031469285022467375
161 80 0.00403059646487236
161 160 0.004569454584270716
161 240 0.007940325886011124
161 320 0.005262245424091816
161 400 0.005743739195168018
162 0 0.0046144695952534676
162 80 0.0028714679647237062
162 160 0.0035053533501923084
162 240 0.0021263505332171917
162 320 0.007657517213374376
162 400 0.002873071236535907
163 0 0.008901900611817837
163 80 0.006789634004235268
163 160 0.00580114359036088
163 240 0.006550045683979988
163 320 0.006965986452996731
163 400 0.0063082873821258545
164 0 0.005015861243009567
164 80 0.005432681646198034
164 160 0.0076301852241158485
164 240 0.018644578754901886
164 320 0.006510536186397076
164 400 0.0021986220963299274
165 0 0.003989228047430515
165 80 0.006140673533082008
165 160 0.00353214330971241
165 240 0.0033484227024018764
165 320 0.0033540516160428524
165 400 0.004924584645777941
166 0 0.0037806383334100246
166 80 0.005691428668797016
166 160 0.0038502123206853867
166 240 0.0024087904021143913
166 320 0.0034699845127761364
166 400 0.008253595791757107
167 0 0.0028940574266016483
167 80 0.006788662169128656
167 160 0.00396796315908432
167 240 0.00434247637167573
167 320 0.005364853423088789
167 400 0.008875968866050243
168 0 0.006187907420098782
168 80 0.003588156308978796
168 160 0.0043477220460772514
168 240 0.006645204499363899
168 320 0.003756200661882758
168 400 0.002814025152474642
169 0 0.00434618117287755
169 80 0.004037715494632721
169 160 0.0043728891760110855
169 240 0.003157332306727767
169 320 0.008548268117010593
169 400 0.004793517757207155
170 0 0.003357259789481759
170 80 0.0038392473943531513
170 160 0.00322998920455575
170 240 0.0035561840049922466
170 320 0.004047082737088203
170 400 0.008932285010814667
171 0 0.004911939147859812
171 80 0.009263308718800545
171 160 0.005330219864845276
171 240 0.0012428354239091277
171 320 0.006406813859939575
171 400 0.002918740501627326
172 0 0.00314301042817533
172 80 0.003617282724007964
172 160 0.003527602180838585
172 240 0.010411488823592663
172 320 0.005527351051568985
172 400 0.001992704812437296
173 0 0.004682488739490509
173 80 0.0038070115260779858
173 160 0.0022102424409240484
173 240 0.005053591448813677
173 320 0.009670961648225784
173 400 0.0021740905940532684
174 0 0.006351804826408625
174 80 0.006995216012001038
174 160 0.004365782719105482
174 240 0.003657208289951086
174 320 0.005962863564491272
174 400 0.005510946735739708
175 0 0.0032119096722453833
175 80 0.004968200344592333
175 160 0.005838332232087851
175 240 0.0036085257306694984
175 320 0.0031074921134859324
175 400 0.0038282929453998804
176 0 0.0035022939555346966
176 80 0.0058858213014900684
176 160 0.003898320719599724
176 240 0.002949400106444955
176 320 0.003989866003394127
176 400 0.005367603152990341
177 0 0.0036807123105973005
177 80 0.004980722442269325
177 160 0.006189051084220409
177 240 0.003804759355261922
177 320 0.003681316738948226
177 400 0.002526575932279229
178 0 0.005012365989387035
178 80 0.006202733144164085
178 160 0.0046707396395504475
178 240 0.0037748271133750677
178 320 0.0051387944258749485
178 400 0.005739160813391209
179 0 0.0038371547125279903
179 80 0.002799371490254998
179 160 0.0033862292766571045
179 240 0.00804291944950819
179 320 0.002626888221129775
179 400 0.005065051838755608
180 0 0.005458020605146885
180 80 0.0034713272470980883
180 160 0.006178231444209814
180 240 0.004120835568755865
180 320 0.003156922059133649
180 400 0.00249093328602612
181 0 0.004414194729179144
181 80 0.003120073350146413
181 160 0.00365252117626369
181 240 0.005728789605200291
181 320 0.006513067055493593
181 400 0.004563340917229652
182 0 0.004676593001931906
182 80 0.005455917678773403
182 160 0.004994210787117481
182 240 0.0025452098343521357
182 320 0.008044986054301262
182 400 0.003700969973579049
183 0 0.0051007927395403385
183 80 0.004147791303694248
183 160 0.004726790823042393
183 240 0.0020657603163272142
183 320 0.003941148519515991
183 400 0.004134045448154211
184 0 0.003988554701209068
184 80 0.006095779128372669
184 160 0.004677528981119394
184 240 0.0062694544903934
184 320 0.003572202054783702
184 400 0.004387390334159136
185 0 0.004092673305422068
185 80 0.0028376637492328882
185 160 0.0028397217392921448
185 240 0.004318590741604567
185 320 0.0035093228798359632
185 400 0.0045706103555858135
186 0 0.004869907628744841
186 80 0.002998746931552887
186 160 0.0032262937165796757
186 240 0.005674774758517742
186 320 0.006537643261253834
186 400 0.006758668925613165
187 0 0.004114456940442324
187 80 0.004264082293957472
187 160 0.00526787992566824
187 240 0.004593148827552795
187 320 0.00681002251803875
187 400 0.0021019347477704287
188 0 0.0037123525980859995
188 80 0.0042778304778039455
188 160 0.0020603868179023266
188 240 0.0036102628801018
188 320 0.0019864854402840137
188 400 0.0033776762429624796
189 0 0.004207677207887173
189 80 0.0035480656661093235
189 160 0.005002883262932301
189 240 0.0016762977465987206
189 320 0.003033761866390705
189 400 0.0018280739895999432
190 0 0.0037908621598035097
190 80 0.005315492860972881
190 160 0.0032043238170444965
190 240 0.0009464162867516279
190 320 0.006207719445228577
190 400 0.00456751836463809
191 0 0.0030998848378658295
191 80 0.0025433101691305637
191 160 0.004456619266420603
191 240 0.006008442956954241
191 320 0.0035480333026498556
191 400 0.003093819599598646
192 0 0.0016551085282117128
192 80 0.006602602545171976
192 160 0.00318908435292542
192 240 0.0034505135845392942
192 320 0.004553358070552349
192 400 0.004797669593244791
193 0 0.0057195997796952724
193 80 0.006514217238873243
193 160 0.003163204062730074
193 240 0.004498910158872604
193 320 0.0035722425673156977
193 400 0.0030131693929433823
194 0 0.0017694151028990746
194 80 0.00226889387704432
194 160 0.0031330143101513386
194 240 0.0024101370945572853
194 320 0.003551650792360306
194 400 0.005093471147119999
195 0 0.003110324265435338
195 80 0.002624355722218752
195 160 0.0038728872314095497
195 240 0.00724222045391798
195 320 0.003630243707448244
195 400 0.0020001365337520838
196 0 0.00452663516625762
196 80 0.005062644369900227
196 160 0.0037614814937114716
196 240 0.002195388078689575
196 320 0.004816110245883465
196 400 0.002462906064465642
197 0 0.003792606992647052
197 80 0.003146609291434288
197 160 0.002265079878270626
197 240 0.003991185687482357
197 320 0.004754546098411083
197 400 0.002997888019308448
198 0 0.004498242866247892
198 80 0.003404973540455103
198 160 0.005959619767963886
198 240 0.002897737082093954
198 320 0.00326667632907629
198 400 0.003871275344863534
199 0 0.002949114190414548
199 80 0.0019336312543600798
199 160 0.004943952430039644
199 240 0.005476800259202719
199 320 0.0039359889924526215
199 400 0.0013610634487122297
200 0 0.004946851171553135
200 80 0.0018369588069617748
200 160 0.004699879325926304
200 240 0.0044276099652051926
200 320 0.007968537509441376
200 400 0.0019013709388673306
201 0 0.0031638997606933117
201 80 0.0035648418124765158
201 160 0.008578448556363583
201 240 0.0058976211585104465
201 320 0.005728432442992926
201 400 0.005140406545251608
202 0 0.0029528324957937002
202 80 0.005305255763232708
202 160 0.0032340106554329395
202 240 0.002545218449085951
202 320 0.0021891866344958544
202 400 0.0061071026138961315
203 0 0.0012372758937999606
203 80 0.0031870377715677023
203 160 0.0040885405614972115
203 240 0.0015723223332315683
203 320 0.001971438992768526
203 400 0.00495940214022994
204 0 0.004111145623028278
204 80 0.0023823196534067392
204 160 0.004647400695830584
204 240 0.005522767547518015
204 320 0.003924012649804354
204 400 0.004014534875750542
205 0 0.0011751380516216159
205 80 0.002816420281305909
205 160 0.006225352641195059
205 240 0.0023471354506909847
205 320 0.0013357553398236632
205 400 0.005950870458036661
206 0 0.004501271527260542
206 80 0.007149796467274427
206 160 0.002913448726758361
206 240 0.004621940199285746
206 320 0.00420687859877944
206 400 0.004072721116244793
207 0 0.0019715011585503817
207 80 0.0032876005861908197
207 160 0.003824436105787754
207 240 0.003364240052178502
207 320 0.002633133204653859
207 400 0.0028370125219225883
208 0 0.0024520447477698326
208 80 0.002781069139018655
208 160 0.005757129285484552
208 240 0.005466274917125702
208 320 0.0063035981729626656
208 400 0.00436263857409358
209 0 0.005099525209516287
209 80 0.003201475366950035
209 160 0.0035886054392904043
209 240 0.0035079328808933496
209 320 0.0037302752025425434
209 400 0.004540690686553717
210 0 0.002297069411724806
210 80 0.0023044829722493887
210 160 0.003953929524868727
210 240 0.0036465348675847054
210 320 0.0027165422216057777
210 400 0.0035939302761107683
211 0 0.0026761782355606556
211 80 0.0020439382642507553
211 160 0.004303645808249712
211 240 0.003914698027074337
211 320 0.004256442189216614
211 400 0.0056943129748106
212 0 0.0030566712375730276
212 80 0.0029620223212987185
212 160 0.0031830405350774527
212 240 0.0018292543245479465
212 320 0.002016711048781872
212 400 0.0031480707693845034
213 0 0.0035108132287859917
213 80 0.00439034728333354
213 160 0.0031461750622838736
213 240 0.0036888569593429565
213 320 0.00248063076287508
213 400 0.004516015760600567
214 0 0.0010381063912063837
214 80 0.004568110220134258
214 160 0.0028581407386809587
214 240 0.0038297350984066725
214 320 0.007738590240478516
214 400 0.0037134538870304823
215 0 0.003849552245810628
215 80 0.0031340934801846743
215 160 0.007969790138304234
215 240 0.003980726469308138
215 320 0.0024104381445795298
215 400 0.00654333783313632
216 0 0.004431513603776693
216 80 0.002971302019432187
216 160 0.0017737036105245352
216 240 0.0030211475677788258
216 320 0.0023605686146765947
216 400 0.002452995628118515
217 0 0.002990235574543476
217 80 0.004029838368296623
217 160 0.003612966276705265
217 240 0.003470933996140957
217 320 0.003597680013626814
217 400 0.0026309508830308914
218 0 0.003278148826211691
218 80 0.004417243879288435
218 160 0.005037400871515274
218 240 0.0028494559228420258
218 320 0.0032824489753693342
218 400 0.002052480820566416
219 0 0.0028160465881228447
219 80 0.004875661805272102
219 160 0.006512776017189026
219 240 0.0023868477437645197
219 320 0.0018274487229064107
219 400 0.0028126495890319347
220 0 0.0040472764521837234
220 80 0.003389686346054077
220 160 0.0020062352996319532
220 240 0.004819186870008707
220 320 0.0044294698163867
220 400 0.0019246069714426994
221 0 0.0016506289830431342
221 80 0.0061352429911494255
221 160 0.001627127523534
221 240 0.003621078096330166
221 320 0.0014367700787261128
221 400 0.003916306886821985
222 0 0.005230503156781197
222 80 0.0036438554525375366
222 160 0.001625361037440598
222 240 0.002463740296661854
222 320 0.0030659541953355074
222 400 0.006352253723889589
223 0 0.0038065887056291103
223 80 0.0038717833813279867
223 160 0.0026863510720431805
223 240 0.0025315063539892435
223 320 0.0031166598200798035
223 400 0.0009120928589254618
224 0 0.0018183303764089942
224 80 0.00570995919406414
224 160 0.0023080254904925823
224 240 0.002935882890596986
224 320 0.0018715308979153633
224 400 0.002498550806194544
225 0 0.004311763681471348
225 80 0.0070954360999166965
225 160 0.004638953134417534
225 240 0.0020025582052767277
225 320 0.002257534535601735
225 400 0.004549078643321991
226 0 0.0054434314370155334
226 80 0.0027551809325814247
226 160 0.002857858082279563
226 240 0.001087999320589006
226 320 0.0034537394531071186
226 400 0.0032096162904053926
227 0 0.004749713931232691
227 80 0.005889443214982748
227 160 0.0028067217208445072
227 240 0.0022649175953119993
227 320 0.0019582610111683607
227 400 0.002407071180641651
228 0 0.0016718825791031122
228 80 0.002072523348033428
228 160 0.003885892452672124
228 240 0.002279310254380107
228 320 0.002099377568811178
228 400 0.002849284093827009
229 0 0.005014066118746996
229 80 0.0030155088752508163
229 160 0.0027324031107127666
229 240 0.005464854650199413
229 320 0.0018579931929707527
229 400 0.0029827351681888103
230 0 0.004218828398734331
230 80 0.005076014436781406
230 160 0.0018622843781486154
230 240 0.0036538192071020603
230 320 0.003665018593892455
230 400 0.0025486210361123085
231 0 0.0037956684827804565
231 80 0.004003040958195925
231 160 0.003561298130080104
231 240 0.0023839459754526615
231 320 0.0032481930684298277
231 400 0.004748626612126827
232 0 0.002870324533432722
232 80 0.0018205437809228897
232 160 0.0027847362216562033
232 240 0.0028915172442793846
232 320 0.0014497757656499743
232 400 0.002606523223221302
233 0 0.00202955212444067
233 80 0.001980422530323267
233 160 0.003551826812326908
233 240 0.0028468212112784386
233 320 0.005606021732091904
233 400 0.0030897543765604496
234 0 0.002295577200129628
234 80 0.003539275610819459
234 160 0.0023449724540114403
234 240 0.0034104951191693544
234 320 0.005781547166407108
234 400 0.0043618264608085155
235 0 0.003079450922086835
235 80 0.003379757981747389
235 160 0.0015533403493463993
235 240 0.003035046858713031
235 320 0.003048625076189637
235 400 0.0035942757967859507
236 0 0.0030837487429380417
236 80 0.0029097902588546276
236 160 0.004155631642788649
236 240 0.004212598782032728
236 320 0.0029815384186804295
236 400 0.0016186325810849667
237 0 0.0016314965905621648
237 80 0.0014098606770858169
237 160 0.0036026316229254007
237 240 0.002835029037669301
237 320 0.0020252009853720665
237 400 0.0024200272746384144
238 0 0.0019767500925809145
238 80 0.0030025742016732693
238 160 0.004915368277579546
238 240 0.003973177168518305
238 320 0.0030158227309584618
238 400 0.0026720825117081404
239 0 0.0026964517310261726
239 80 0.001933275256305933
239 160 0.0026906405109912157
239 240 0.0028287991881370544
239 320 0.001767492271028459
239 400 0.0015013663796707988
240 0 0.0018893023952841759
240 80 0.003254653885960579
240 160 0.0025123655796051025
240 240 0.00335059966892004
240 320 0.002434429246932268
240 400 0.0017568859038874507
241 0 0.005038450937718153
241 80 0.002559722401201725
241 160 0.0032429262064397335
241 240 0.00220914906822145
241 320 0.004027569200843573
241 400 0.00453882897272706
242 0 0.003173522185534239
242 80 0.0034683295525610447
242 160 0.0026158506516367197
242 240 0.0032592802308499813
242 320 0.0035580317489802837
242 400 0.005353525280952454
243 0 0.001966330222785473
243 80 0.0022691197227686644
243 160 0.0024840678088366985
243 240 0.004025838803499937
243 320 0.004102752078324556
243 400 0.004243052564561367
244 0 0.002932170405983925
244 80 0.0019115866161882877
244 160 0.0017752713756635785
244 240 0.0019032310228794813
244 320 0.002235886873677373
244 400 0.002817915752530098
245 0 0.002533183665946126
245 80 0.002579358173534274
245 160 0.0017210996011272073
245 240 0.0023868258576840162
245 320 0.0028728207107633352
245 400 0.0077782198786735535
246 0 0.004384221043437719
246 80 0.003771602176129818
246 160 0.0049079833552241325
246 240 0.002399567747488618
246 320 0.0019450386753305793
246 400 0.0020239378791302443
247 0 0.0013682983117178082
247 80 0.0021525307092815638
247 160 0.002190410392358899
247 240 0.0025625580456107855
247 320 0.0018335167551413178
247 400 0.0027900030836462975
248 0 0.002723317826166749
248 80 0.0020303877536207438
248 160 0.002117023104801774
248 240 0.003156241960823536
248 320 0.0012571137631312013
248 400 0.0024981496389955282
249 0 0.002901035128161311
249 80 0.0032738095615059137
249 160 0.0037102154456079006
249 240 0.003456828184425831
249 320 0.003567032516002655
249 400 0.0029789551626890898
250 0 0.0037694440688937902
250 80 0.0030473030637949705
250 160 0.002159347292035818
250 240 0.002013155724853277
250 320 0.0019175430061295629
250 400 0.001983178313821554
251 0 0.002863321453332901
251 80 0.0033622640185058117
251 160 0.002893155673518777
251 240 0.002287327079102397
251 320 0.0010008563986048102
251 400 0.003926419652998447
252 0 0.004148584324866533
252 80 0.0021403306163847446
252 160 0.0028238946106284857
252 240 0.0018762320978567004
252 320 0.001173287513665855
252 400 0.0030129444785416126
253 0 0.0023172323126345873
253 80 0.004120127763599157
253 160 0.0015757681103423238
253 240 0.0021945901680737734
253 320 0.0013448363170027733
253 400 0.0023604442831128836
254 0 0.0035463201347738504
254 80 0.002081891754642129
254 160 0.0014348285039886832
254 240 0.0015384048456326127
254 320 0.003554512280970812
254 400 0.00354550639167428
255 0 0.0041603809222579
255 80 0.004437567666172981
255 160 0.0024552196264266968
255 240 0.0024396812077611685
255 320 0.0012033495586365461
255 400 0.0023699174635112286
256 0 0.004231359343975782
256 80 0.0038798614405095577
256 160 0.0029977995436638594
256 240 0.0056405276991426945
256 320 0.002159242983907461
256 400 0.0011349915293976665
257 0 0.002673776587471366
257 80 0.0011464804410934448
257 160 0.0014176889089867473
257 240 0.00180268834810704
257 320 0.003652475541457534
257 400 0.0014407943235710263
258 0 0.0016880467301234603
258 80 0.0017130599590018392
258 160 0.0014683910412713885
258 240 0.0007137765060178936
258 320 0.0023118513636291027
258 400 0.0038973980117589235
259 0 0.004727240651845932
259 80 0.003914382308721542
259 160 0.0025719143450260162
259 240 0.003642941825091839
259 320 0.002025360008701682
259 400 0.00386665272526443
260 0 0.002701097633689642
260 80 0.002324067521840334
260 160 0.0026677362620830536
260 240 0.0020570082124322653
260 320 0.0017175126122310758
260 400 0.000983450561761856
261 0 0.0011655556736513972
261 80 0.003293232526630163
261 160 0.00203697313554585
261 240 0.00399043969810009
261 320 0.0020260168239474297
261 400 0.00282523175701499
262 0 0.0020491061732172966
262 80 0.004447106271982193
262 160 0.001869578380137682
262 240 0.0019905827939510345
262 320 0.0015311253955587745
262 400 0.0028999829664826393
263 0 0.00325753353536129
263 80 0.003517646575346589
263 160 0.0024638385511934757
263 240 0.0007160737877711654
263 320 0.0014908751472830772
263 400 0.004938292782753706
264 0 0.0011572096263989806
264 80 0.001970113255083561
264 160 0.0031147783156484365
264 240 0.0018939633155241609
264 320 0.0026583601720631123
264 400 0.003504232270643115
265 0 0.002613072982057929
265 80 0.002763826632872224
265 160 0.0018979394808411598
265 240 0.004100171849131584
265 320 0.0027204263024032116
265 400 0.0017203926108777523
266 0 0.0025166813284158707
266 80 0.002531633013859391
266 160 0.0019072458380833268
266 240 0.0015332993352785707
266 320 0.0022871873807162046
266 400 0.002301034750416875
267 0 0.0031319493427872658
267 80 0.00301563274115324
267 160 0.0017812794540077448
267 240 0.0034324044827371836
267 320 0.003838667180389166
267 400 0.005375018808990717
268 0 0.0011499463580548763
268 80 0.003347481368109584
268 160 0.004208178259432316
268 240 0.001875733258202672
268 320 0.0021126102656126022
268 400 0.0022631941828876734
269 0 0.0034437773283571005
269 80 0.0027495475951582193
269 160 0.00201803888194263
269 240 0.003265423234552145
269 320 0.0029018050990998745
269 400 0.002945446642115712
270 0 0.0023832740262150764
270 80 0.002307061105966568
270 160 0.0032405266538262367
270 240 0.0018050362123176455
270 320 0.002137514529749751
270 400 0.002080366015434265
271 0 0.0030420091934502125
271 80 0.0009983915369957685
271 160 0.0029571340419352055
271 240 0.0015227573458105326
271 320 0.002285443712025881
271 400 0.0028494899161159992
272 0 0.0028608497232198715
272 80 0.003012693952769041
272 160 0.001289386535063386
272 240 0.0016274182125926018
272 320 0.003403154667466879
272 400 0.0026157957036048174
273 0 0.0019608966540545225
273 80 0.00306306523270905
273 160 0.002071831841021776
273 240 0.0028375019319355488
273 320 0.001531329588033259
273 400 0.0025684023275971413
274 0 0.003356845583766699
274 80 0.003140538465231657
274 160 0.0029823596123605967
274 240 0.0014819760108366609
274 320 0.002799224341288209
274 400 0.00337419705465436
275 0 0.0027363039553165436
275 80 0.001443789224140346
275 160 0.0018060766160488129
275 240 0.0034321919083595276
275 320 0.0017928564921021461
275 400 0.0035668429918587208
276 0 0.0029878602363169193
276 80 0.0018989271484315395
276 160 0.006854399107396603
276 240 0.0014375681057572365
276 320 0.0010285291355103254
276 400 0.0019552921876311302
277 0 0.0012126483488827944
277 80 0.0009852591902017593
277 160 0.0022125698160380125
277 240 0.00205314252525568
277 320 0.0014494777424260974
277 400 0.0011990707134827971
278 0 0.0031342823058366776
278 80 0.003245325293391943
278 160 0.0020679589360952377
278 240 0.000977032701484859
278 320 0.004328770563006401
278 400 0.002982997801154852
279 0 0.0026211433578282595
279 80 0.0017985963495448232
279 160 0.0023805866949260235
279 240 0.0015473926905542612
279 320 0.0033837275113910437
279 400 0.003786288434639573
280 0 0.0010755786206573248
280 80 0.002275468548759818
280 160 0.001894023735076189
280 240 0.0030374079942703247
280 320 0.0015908689238131046
280 400 0.00379884522408247
281 0 0.001126753049902618
281 80 0.00267112348228693
281 160 0.0021164659410715103
281 240 0.0011143805459141731
281 320 0.00204244302585721
281 400 0.00185162085108459
282 0 0.0018587487284094095
282 80 0.0009692516759969294
282 160 0.0017831256845965981
282 240 0.0028180519584566355
282 320 0.00327581656165421
282 400 0.002416890813037753
283 0 0.0027681482024490833
283 80 0.0009181268396787345
283 160 0.001860716613009572
283 240 0.002069688169285655
283 320 0.0014177201082929969
283 400 0.0020945861469954252
284 0 0.001805752981454134
284 80 0.0029531028121709824
284 160 0.0009062825702130795
284 240 0.0013324787141755223
284 320 0.002188577316701412
284 400 0.004696993622928858
285 0 0.0018041488947346807
285 80 0.0026962729170918465
285 160 0.002295064739882946
285 240 0.0022468985989689827
285 320 0.0016475152224302292
285 400 0.001256016083061695
286 0 0.0007938886992633343
286 80 0.003517735982313752
286 160 0.0024652809370309114
286 240 0.0046670446172356606
286 320 0.00199909508228302
286 400 0.00304807024076581
287 0 0.001139658153988421
287 80 0.0014142536092549562
287 160 0.002212276915088296
287 240 0.0010628654854372144
287 320 0.0019716713577508926
287 400 0.001825547544285655
288 0 0.0015585469081997871
288 80 0.0018567683873698115
288 160 0.001670090132392943
288 240 0.0025161681696772575
288 320 0.0035079747904092073
288 400 0.004691826645284891
289 0 0.0028440894093364477
289 80 0.0033398219384253025
289 160 0.0012609069235622883
289 240 0.00248511740937829
289 320 0.0013433677377179265
289 400 0.0022171512246131897
290 0 0.0012224402744323015
290 80 0.0019061969360336661
290 160 0.002373466035351157
290 240 0.0014531405176967382
290 320 0.0014291643165051937
290 400 0.0017720176838338375
291 0 0.0010306999320164323
291 80 0.002379999030381441
291 160 0.0023619821295142174
291 240 0.001882646232843399
291 320 0.0031864005140960217
291 400 0.002347588771954179
292 0 0.0017369820270687342
292 80 0.0012897676788270473
292 160 0.001832461915910244
292 240 0.002766367280855775
292 320 0.002494192449375987
292 400 0.0009241257794201374
293 0 0.0004250454076100141
293 80 0.0018350511090829968
293 160 0.0027959803119301796
293 240 0.0015400225529447198
293 320 0.0018945805495604873
293 400 0.001343881362117827
294 0 0.0011720035690814257
294 80 0.00195598928257823
294 160 0.0014407567214220762
294 240 0.0012450228678062558
294 320 0.001184384454973042
294 400 0.0029800811316818
295 0 0.002289722440764308
295 80 0.0030094434041529894
295 160 0.0010399111779406667
295 240 0.001448857132345438
295 320 0.002421104349195957
295 400 0.0011308306129649282
296 0 0.0014063320122659206
296 80 0.0017515545478090644
296 160 0.000556491781026125
296 240 0.0006071036332286894
296 320 0.0014629265060648322
296 400 0.0009907297790050507
297 0 0.00219147396273911
297 80 0.0019892314448952675
297 160 0.003870655782520771
297 240 0.001799530116841197
297 320 0.0018562540644779801
297 400 0.004726616200059652
298 0 0.003264219267293811
298 80 0.0018506417982280254
298 160 0.0017658191500231624
298 240 0.0021300693042576313
298 320 0.0015148307429626584
298 400 0.002190526109188795
299 0 0.0011801953660324216
299 80 0.00097401108359918
299 160 0.0014431916642934084
299 240 0.002214148873463273
299 320 0.0032728901132941246
299 400 0.001732720178551972
300 0 0.0021356921643018723
300 80 0.0031812554225325584
300 160 0.0031097710598260164
300 240 0.0017631137743592262
300 320 0.0018831313354894519
300 400 0.002324761124327779
