1 1.3915696971452058 0.8642333333333333
2 0.38322954697570183 0.9228666666666666
3 0.28221852073410175 0.9388
4 0.2028699072876147 0.9476333333333333
5 0.18199402985891808 0.95235
6 0.15055353394242874 0.9587833333333333
7 0.12851245192560687 0.96235
8 0.11616438897902459 0.9654666666666667
9 0.10590111610513411 0.9685833333333334
10 0.09710232974655593 0.97
11 0.09035613340363383 0.9714666666666667
12 0.08803725469785967 0.9729333333333333
13 0.08201056395544172 0.97355
14 0.08126410953541681 0.97445
15 0.07417158223291449 0.9762333333333333
16 0.06780749904428686 0.9788166666666667
17 0.0687848199417056 0.9778166666666667
18 0.0658944816847862 0.97945
19 0.06132752691278421 0.9802
20 0.060999828801829935 0.98015
21 0.05569794885754617 0.98295
22 0.05319294894237254 0.9827166666666667
23 0.05125087718945989 0.984
24 0.04829747196652297 0.9845666666666667
25 0.04691283780036927 0.98525
26 0.04762462193348896 0.9855666666666667
27 0.0447397843020152 0.9857166666666667
28 0.04181672175373159 0.9869
29 0.04162156454591291 0.98675
30 0.03941047045666335 0.98775
31 0.03807709664990033 0.9884166666666667
32 0.036225791929710684 0.9885166666666667
33 0.0343376429729672 0.9896166666666667
34 0.03297102640369045 0.9901166666666666
35 0.03252031305518899 0.9900666666666667
36 0.03107160259522736 0.99045
37 0.02976640055118911 0.9913
38 0.028238822663349827 0.9920666666666667
39 0.026978015932423282 0.9924166666666666
40 0.025690444193081433 0.9928833333333333
41 0.025309322339329702 0.9930333333333333
42 0.02470444356287911 0.9931833333333333
43 0.023993513173560726 0.9936833333333334
44 0.02307897389505003 0.9938166666666667
45 0.02211120372900227 0.9945
46 0.02111230273721124 0.9953166666666666
47 0.02094997379279483 0.99505
48 0.01972636380054152 0.99555
49 0.019001710271315853 0.9956
50 0.018647618225412263 0.99605
51 0.018021154437345196 0.9961666666666666
52 0.017063144528404323 0.9968666666666667
53 0.017235520230268617 0.9964666666666666
54 0.01579453625124512 0.9974333333333333
55 0.015902081035327777 0.99705
56 0.015243570635547992 0.9975333333333334
57 0.014931863774535563 0.9975666666666667
58 0.014438612727638977 0.9977666666666667
59 0.014110291415184086 0.9976333333333334
60 0.013507672418494706 0.9981666666666666
61 0.013167651847247153 0.9981333333333333
62 0.012633134689388563 0.99845
63 0.01234833196278161 0.9984333333333333
64 0.012032426906122105 0.9987333333333334
65 0.01143352481187073 0.999
66 0.011474741369372666 0.9988
67 0.011117211683516277 0.999
68 0.010768427500384115 0.9991
69 0.010458045374743069 0.99915
70 0.010151040221282494 0.9993
71 0.009987060670186875 0.9992
72 0.009644431771952778 0.9993
73 0.009392167293111176 0.99955
74 0.009379417669754832 0.9993666666666666
75 0.009080423967047 0.9995166666666667
76 0.008811506663145287 0.9995666666666667
77 0.008713283318418589 0.9995333333333334
78 0.00836777254623343 0.9997
79 0.008253438299202095 0.9996666666666667
80 0.008005026883548939 0.9997666666666667
81 0.00795905973101015 0.9997
82 0.007689304083887575 0.9997
83 0.007573348945125874 0.99975
84 0.007444387457684985 0.9997666666666667
85 0.0073489829715935075 0.99975
86 0.007163189850357383 0.9997666666666667
87 0.0070402698901875106 0.99985
88 0.006851716958699243 0.9998333333333334
89 0.006649104292258255 0.9999
90 0.006622837195649489 0.9998333333333334
91 0.006469671135651134 0.9999333333333333
92 0.006399294560048372 0.9998333333333334
93 0.0062279547698724305 0.9999333333333333
94 0.006218877273238401 0.99985
95 0.0060016141741721235 0.9999333333333333
96 0.005990338208688014 0.99995
97 0.005842259181524391 0.99995
98 0.005782304326199424 0.9999166666666667
99 0.005637511450386267 0.99995
100 0.005574340967814933 0.9999666666666667
101 0.005522302923791571 0.9999
102 0.005430161415327237 0.99995
103 0.005317462126422586 1.0
104 0.005277230744875634 0.9999666666666667
105 0.005170269584559253 0.9999833333333333
106 0.0051104128422803366 1.0
107 0.0050339736844917365 0.9999666666666667
108 0.004949239968780929 0.9999833333333333
109 0.004893380392870026 0.9999666666666667
110 0.004797977923444395 1.0
111 0.004779391434055561 0.9999833333333333
112 0.004698921580176388 0.9999833333333333
113 0.004632796706340866 0.9999833333333333
114 0.004572631713541062 1.0
115 0.004501039846621549 0.9999833333333333
116 0.00445438600825404 0.9999833333333333
117 0.004395184951073833 1.0
118 0.004360301007178109 1.0
119 0.004295447183006417 1.0
120 0.004248061559415226 1.0
121 0.004183529194187262 0.9999833333333333
122 0.004150411828971113 0.9999833333333333
123 0.004079541643840203 1.0
124 0.004045323591365584 1.0
125 0.003993829646989751 1.0
126 0.003933069538692437 1.0
127 0.003928937035168944 1.0
128 0.0038724495027252018 1.0
129 0.0037902415662295005 1.0
130 0.0037939324654809544 1.0
131 0.003731844035152997 1.0
132 0.0036900164736961044 1.0
133 0.0036456671914260495 1.0
134 0.0036265636828523486 1.0
135 0.00359140650648723 1.0
136 0.003528213195218794 1.0
137 0.0035175830598668393 1.0
138 0.003456369442775893 1.0
139 0.003437107302315994 1.0
140 0.0034003739801497616 1.0
141 0.0033567816631914155 1.0
142 0.003319611509036678 1.0
143 0.0033067331955542786 1.0
144 0.0032546162164198166 1.0
145 0.0032141328326859343 1.0
146 0.003183483308963557 1.0
147 0.003160233944413691 1.0
148 0.003122426870428939 1.0
149 0.0031227338351686594 1.0
150 0.003061044712000882 1.0
151 0.003068851860813987 1.0
152 0.0030291904614660452 1.0
153 0.002992780375749127 1.0
154 0.002979426764757005 1.0
155 0.0029271735950236097 1.0
156 0.00291754247161246 1.0
157 0.002890614800089136 1.0
158 0.002870617404968333 1.0
159 0.0028244317108358165 1.0
160 0.002812677141113171 1.0
161 0.00279237576728083 1.0
162 0.002765990428821142 1.0
163 0.0027431836413807356 1.0
164 0.0027179750061578065 1.0
165 0.002690117396508604 1.0
166 0.0026685765182136744 1.0
167 0.0026510013096125874 1.0
168 0.0026391417978069327 1.0
169 0.0026083344686478535 1.0
170 0.0025863904171615345 1.0
171 0.002568232792137719 1.0
172 0.0025433237358594117 1.0
173 0.0025340645356344057 1.0
174 0.002509313436331295 1.0
175 0.0024771634069805557 1.0
176 0.002474158340796971 1.0
177 0.002454852808449568 1.0
178 0.0024307897259324375 1.0
179 0.002408275727866722 1.0
180 0.002396244983333272 1.0
181 0.0023733747975110435 1.0
182 0.0023594314999717558 1.0
183 0.0023440226891647967 1.0
184 0.0023208439515442895 1.0
185 0.002308613369437451 1.0
186 0.00228957601939328 1.0
187 0.0022695433028957755 1.0
188 0.0022593249876135544 1.0
189 0.0022332233146949015 1.0
190 0.0022203037465328293 1.0
191 0.002209849973164026 1.0
192 0.0021964778809292888 1.0
193 0.0021864701162225436 1.0
194 0.002165238905476152 1.0
195 0.00214674324250228 1.0
196 0.002140535680236601 1.0
197 0.0021211362804032003 1.0
198 0.002105051234711025 1.0
199 0.002088141632760301 1.0
200 0.0020734351168675566 1.0
201 0.002064211082881563 1.0
202 0.0020436760251482788 1.0
203 0.0020416910192424826 1.0
204 0.0020257782612764425 1.0
205 0.002001353034956643 1.0
206 0.0020030303397771915 1.0
207 0.0019843207251753156 1.0
208 0.001973190505903012 1.0
209 0.00195923156825069 1.0
210 0.0019468269068876832 1.0
211 0.001932184657589324 1.0
212 0.0019233696654052741 1.0
213 0.0019083700255989266 1.0
214 0.0018992735635685815 1.0
215 0.0018873884769425647 1.0
216 0.001869900395467218 1.0
217 0.001867463066578229 1.0
218 0.001851103948563266 1.0
219 0.00184010473593299 1.0
220 0.0018290386506123468 1.0
221 0.0018197220209281025 1.0
222 0.001809485782402506 1.0
223 0.0017947420533220254 1.0
224 0.0017871642611232766 1.0
225 0.001775907875318676 1.0
226 0.0017672235518247127 1.0
227 0.0017534885311008754 1.0
228 0.0017447593362643512 1.0
229 0.0017359194589400494 1.0
230 0.0017248690289049062 1.0
231 0.0017183394402638871 1.0
232 0.0017056056670770089 1.0
233 0.0016995394823458125 1.0
234 0.0016856346158251197 1.0
235 0.0016776964734636073 1.0
236 0.0016616850482376376 1.0
237 0.0016568889994092826 1.0
238 0.0016496150783806252 1.0
239 0.0016424697448389292 1.0
240 0.0016314452368222964 1.0
241 0.001621335290862855 1.0
242 0.0016153231974311872 1.0
243 0.0016063567432664286 1.0
244 0.0015947946106770765 1.0
245 0.001589565464179528 1.0
246 0.0015786547423042516 1.0
247 0.0015725940523638345 1.0
248 0.0015655437396017156 1.0
249 0.0015576780931443287 1.0
250 0.001548316451097364 1.0
251 0.00153577638413213 1.0
252 0.0015279001615661533 1.0
253 0.0015210072348725353 1.0
254 0.0015163179599930212 1.0
255 0.001507945818953645 1.0
