1 0 3.001427412033081
1 80 0.9889266490936279
1 160 0.6765230298042297
1 240 0.4278740882873535
1 320 0.303830087184906
1 400 0.21241864562034607
2 0 0.276588499546051
2 80 0.6605667471885681
2 160 0.2468872219324112
2 240 0.15460246801376343
2 320 0.2787407636642456
2 400 8.111332893371582
3 0 0.30562660098075867
3 80 0.1648922562599182
3 160 0.3229929506778717
3 240 0.1553746908903122
3 320 0.1808750033378601
3 400 0.2616736888885498
4 0 0.22427375614643097
4 80 0.14231450855731964
4 160 0.14503619074821472
4 240 0.17045612633228302
4 320 0.15458956360816956
4 400 0.23165363073349
5 0 0.24370908737182617
5 80 0.09375650435686111
5 160 0.033925577998161316
5 240 0.16407757997512817
5 320 0.24423730373382568
5 400 0.2094869464635849
6 0 0.12439683079719543
6 80 0.14454451203346252
6 160 0.1227206140756607
6 240 0.08654426783323288
6 320 0.1363706886768341
6 400 0.08627479523420334
7 0 0.1959218531847
7 80 0.12332096695899963
7 160 0.1322919726371765
7 240 0.05877857282757759
7 320 0.09302661567926407
7 400 0.18045270442962646
8 0 0.15887942910194397
8 80 0.09580372273921967
8 160 0.028129739686846733
8 240 0.051279354840517044
8 320 0.01781107485294342
8 400 0.026614420115947723
9 0 0.12807266414165497
9 80 0.14861582219600677
9 160 0.1211770549416542
9 240 0.17515596747398376
9 320 0.061256278306245804
9 400 0.12968304753303528
10 0 0.09128468483686447
10 80 0.05521143227815628
10 160 0.1446724385023117
10 240 0.05642573535442352
10 320 0.045483142137527466
10 400 0.08413674682378769
11 0 0.09901247918605804
11 80 0.04081349819898605
11 160 0.013602356426417828
11 240 0.010563991032540798
11 320 0.14115212857723236
11 400 0.12524640560150146
12 0 0.0729391947388649
12 80 0.17110103368759155
12 160 0.049033161252737045
12 240 0.04096481576561928
12 320 0.057018596678972244
12 400 0.10554546862840652
13 0 0.1784205138683319
13 80 0.1365572065114975
13 160 0.06323486566543579
13 240 0.08774938434362411
13 320 0.14411193132400513
13 400 0.09468420594930649
14 0 0.0407833494246006
14 80 0.09115882217884064
14 160 0.16054889559745789
14 240 0.13106590509414673
14 320 0.06986436992883682
14 400 0.06812552362680435
15 0 0.04849837347865105
15 80 0.046715326607227325
15 160 0.03908379748463631
15 240 0.08763398975133896
15 320 0.043789952993392944
15 400 0.046893563121557236
16 0 0.0101936561986804
16 80 0.11904247850179672
16 160 0.08616773784160614
16 240 0.04389167204499245
16 320 0.16906632483005524
16 400 0.12446105480194092
17 0 0.08058061450719833
17 80 0.0071780625730752945
17 160 0.05468244478106499
17 240 0.06362538039684296
17 320 0.0573037788271904
17 400 0.06978543847799301
18 0 0.07097224146127701
18 80 0.1260630339384079
18 160 0.04304909333586693
18 240 0.10633686929941177
18 320 0.047905292361974716
18 400 0.042416878044605255
19 0 0.13207460939884186
19 80 0.10611334443092346
19 160 0.017697768285870552
19 240 0.12361592054367065
19 320 0.03305421769618988
19 400 0.10478202998638153
20 0 0.04519466310739517
20 80 0.07803592830896378
20 160 0.06994945555925369
20 240 0.09157033264636993
20 320 0.02365468442440033
20 400 0.06657745689153671
21 0 0.0808597058057785
21 80 0.03800566866993904
21 160 0.05025135353207588
21 240 0.021583925932645798
21 320 0.08998151123523712
21 400 0.04151313751935959
22 0 0.053069401532411575
22 80 0.05051649361848831
22 160 0.06455335021018982
22 240 0.06529191881418228
22 320 0.06782761216163635
22 400 0.04162237420678139
23 0 0.05304833501577377
23 80 0.04275152459740639
23 160 0.06571905314922333
23 240 0.10655766725540161
23 320 0.21343481540679932
23 400 0.03439817205071449
24 0 0.028287680819630623
24 80 0.02973969839513302
24 160 0.055581092834472656
24 240 0.024709448218345642
24 320 0.07249748706817627
24 400 0.01726897992193699
25 0 0.01697481796145439
25 80 0.027277784422039986
25 160 0.056548651307821274
25 240 0.021346189081668854
25 320 0.044351257383823395
25 400 0.04163827747106552
26 0 0.02176033891737461
26 80 0.01781219057738781
26 160 0.01635773479938507
26 240 0.06220550835132599
26 320 0.3500305116176605
26 400 0.07706232368946075
27 0 0.016743261367082596
27 80 0.026622416451573372
27 160 0.03176238387823105
27 240 0.012903980910778046
27 320 0.04729204252362251
27 400 0.059717487543821335
28 0 0.031198251992464066
28 80 0.01421092264354229
28 160 0.04440287873148918
28 240 0.039295781403779984
28 320 0.0426325686275959
28 400 0.055337850004434586
29 0 0.057385966181755066
29 80 0.03474125638604164
29 160 0.03684170916676521
29 240 0.023672349750995636
29 320 0.13655498623847961
29 400 0.02230113558471203
30 0 0.023228254169225693
30 80 0.04207814112305641
30 160 0.012916449457406998
30 240 0.03777047619223595
30 320 0.03525523468852043
30 400 0.024756647646427155
31 0 0.03705307096242905
31 80 0.01560076605528593
31 160 0.03281453251838684
31 240 0.029863514006137848
31 320 0.02457074448466301
31 400 0.015363036654889584
32 0 0.033297888934612274
32 80 0.02970839850604534
32 160 0.019255731254816055
32 240 0.03808733448386192
32 320 0.042550988495349884
32 400 0.06114513799548149
33 0 0.026757091283798218
33 80 0.012006429955363274
33 160 0.017425520345568657
33 240 0.013661902397871017
33 320 0.01557303499430418
33 400 0.06797616928815842
34 0 0.03348936513066292
34 80 0.057029180228710175
34 160 0.03310699760913849
34 240 0.031036151573061943
34 320 0.015071850270032883
34 400 0.06497643142938614
35 0 0.02187545783817768
35 80 0.04033166915178299
35 160 0.008711008355021477
35 240 0.030956925824284554
35 320 0.024214666336774826
35 400 0.0085515808314085
36 0 0.020796678960323334
36 80 0.035358183085918427
36 160 0.020301874727010727
36 240 0.027312880381941795
36 320 0.03985564783215523
36 400 0.06720811128616333
37 0 0.04303573817014694
37 80 0.035656481981277466
37 160 0.0192851684987545
37 240 0.012366218492388725
37 320 0.0394454151391983
37 400 0.010861878283321857
38 0 0.01789133809506893
38 80 0.05228819698095322
38 160 0.009518269449472427
38 240 0.023405568674206734
38 320 0.02206200174987316
38 400 0.0496959425508976
39 0 0.02723463624715805
39 80 0.02639998123049736
39 160 0.016588591039180756
39 240 0.00891269650310278
39 320 0.05601348355412483
39 400 0.010939519852399826
40 0 0.01713957078754902
40 80 0.02016424760222435
40 160 0.010047678835690022
40 240 0.030237145721912384
40 320 0.018498631194233894
40 400 0.048713259398937225
41 0 0.02826426364481449
41 80 0.017006464302539825
41 160 0.015134215354919434
41 240 0.011056446470320225
41 320 0.021606815978884697
41 400 0.014338567852973938
42 0 0.07032866775989532
42 80 0.015370138920843601
42 160 0.03203321993350983
42 240 0.05224160850048065
42 320 0.027228504419326782
42 400 0.013966059312224388
43 0 0.030045166611671448
43 80 0.011068788357079029
43 160 0.02253584749996662
43 240 0.003872900502756238
43 320 0.05290974676609039
43 400 0.01053962018340826
44 0 0.05352635681629181
44 80 0.02491992525756359
44 160 0.011155088432133198
44 240 0.01666588895022869
44 320 0.033366456627845764
44 400 0.036458276212215424
45 0 0.008239863440394402
45 80 0.013480612076818943
45 160 0.007246881723403931
45 240 0.02272804081439972
45 320 0.03048260509967804
45 400 0.04619166627526283
46 0 0.014453161507844925
46 80 0.02590125799179077
46 160 0.008254804648458958
46 240 0.021277541294693947
46 320 0.014432713389396667
46 400 0.03472087159752846
47 0 0.017440099269151688
47 80 0.01486931461840868
47 160 0.013537594117224216
47 240 0.050934258848428726
47 320 0.008247146382927895
47 400 0.02541714906692505
48 0 0.012819723226130009
48 80 0.016286715865135193
48 160 0.05366712063550949
48 240 0.024326041340827942
48 320 0.02037198096513748
48 400 0.025008678436279297
49 0 0.01726238802075386
49 80 0.006606013048440218
49 160 0.030895261093974113
49 240 0.02266153134405613
49 320 0.02624211087822914
49 400 0.016614308580756187
50 0 0.0072623747400939465
50 80 0.03697386756539345
50 160 0.013447747565805912
50 240 0.01189775113016367
50 320 0.04509209841489792
50 400 0.03700091689825058
51 0 0.007227293681353331
51 80 0.028760291635990143
51 160 0.012206416577100754
51 240 0.017644137144088745
51 320 0.02229476533830166
51 400 0.01630432717502117
52 0 0.012182647362351418
52 80 0.015838779509067535
52 160 0.005429871845990419
52 240 0.019451560452580452
52 320 0.024591142311692238
52 400 0.014695190824568272
53 0 0.005179229658097029
53 80 0.007196337450295687
53 160 0.021298730745911598
53 240 0.04390699788928032
53 320 0.006613740231841803
53 400 0.014847135171294212
54 0 0.014600595459342003
54 80 0.011225763708353043
54 160 0.013313272036612034
54 240 0.013350753113627434
54 320 0.015516460873186588
54 400 0.033734384924173355
55 0 0.03474940359592438
55 80 0.015694329515099525
55 160 0.025070296600461006
55 240 0.010025357827544212
55 320 0.019495993852615356
55 400 0.01409800536930561
56 0 0.02499658614397049
56 80 0.0110379783436656
56 160 0.01753443293273449
56 240 0.009700239636003971
56 320 0.017576176673173904
56 400 0.023290857672691345
57 0 0.010163957253098488
57 80 0.022884786128997803
57 160 0.008627235889434814
57 240 0.012645619921386242
57 320 0.025126637890934944
57 400 0.012590209022164345
58 0 0.005557755008339882
58 80 0.005849101580679417
58 160 0.01002839207649231
58 240 0.008254993706941605
58 320 0.009931481443345547
58 400 0.01697576232254505
59 0 0.008940311148762703
59 80 0.013502871617674828
59 160 0.008831576444208622
59 240 0.007471546996384859
59 320 0.022954558953642845
59 400 0.006448180414736271
60 0 0.014149552211165428
60 80 0.022509267553687096
60 160 0.021869566291570663
60 240 0.007906878367066383
60 320 0.022468863055109978
60 400 0.02004006691277027
61 0 0.015494980849325657
61 80 0.019484497606754303
61 160 0.011138935573399067
61 240 0.011140676215291023
61 320 0.014289414510130882
61 400 0.006807866506278515
62 0 0.01860855519771576
62 80 0.010713951662182808
62 160 0.005034006200730801
62 240 0.024095790460705757
62 320 0.01136589702218771
62 400 0.010427550412714481
63 0 0.007031438872218132
63 80 0.006190020125359297
63 160 0.014312517829239368
63 240 0.026591157540678978
63 320 0.008097762241959572
63 400 0.007180233485996723
64 0 0.002599724568426609
64 80 0.013037950731813908
64 160 0.017851363867521286
64 240 0.01662409119307995
64 320 0.01409822702407837
64 400 0.01842043176293373
65 0 0.013957303948700428
65 80 0.014115821570158005
65 160 0.020018748939037323
65 240 0.0058228205889463425
65 320 0.015580995008349419
65 400 0.011910495348274708
66 0 0.0130555909126997
66 80 0.015585868619382381
66 160 0.003797464072704315
66 240 0.01446324959397316
66 320 0.020760754123330116
66 400 0.010089119896292686
67 0 0.009868264198303223
67 80 0.005359660368412733
67 160 0.007503369823098183
67 240 0.014418714679777622
67 320 0.010792387649416924
67 400 0.004392058122903109
68 0 0.010495665483176708
68 80 0.012737639248371124
68 160 0.012995526194572449
68 240 0.004948331508785486
68 320 0.01872730627655983
68 400 0.010774695314466953
69 0 0.009911760687828064
69 80 0.00703194597736001
69 160 0.010006326250731945
69 240 0.01964128017425537
69 320 0.017379574477672577
69 400 0.012540020048618317
70 0 0.0032115585636347532
70 80 0.005505327135324478
70 160 0.008247928693890572
70 240 0.017136773094534874
70 320 0.019588937982916832
70 400 0.010059336200356483
71 0 0.005883147940039635
71 80 0.012720376253128052
71 160 0.011595391668379307
71 240 0.0064767193980515
71 320 0.0073461513966321945
71 400 0.020478954538702965
72 0 0.008744877763092518
72 80 0.006704078987240791
72 160 0.009710338898003101
72 240 0.0035919707734137774
72 320 0.008859301917254925
72 400 0.012326067313551903
73 0 0.010495850816369057
73 80 0.005336832720786333
73 160 0.010576623491942883
73 240 0.004357578232884407
73 320 0.008522095158696175
73 400 0.011847312562167645
74 0 0.007351169362664223
74 80 0.008004902862012386
74 160 0.013130217790603638
74 240 0.012234439142048359
74 320 0.0053970180451869965
74 400 0.00596816698089242
75 0 0.003746206173673272
75 80 0.009855343960225582
75 160 0.012483357451856136
75 240 0.008538920432329178
75 320 0.004780986346304417
75 400 0.013520151376724243
76 0 0.01928696222603321
76 80 0.010446872562170029
76 160 0.008729386143386364
76 240 0.005340238101780415
76 320 0.005454379599541426
76 400 0.00943764764815569
77 0 0.010950245894491673
77 80 0.010286904871463776
77 160 0.005102050956338644
77 240 0.014882713556289673
77 320 0.009851244278252125
77 400 0.011053325608372688
78 0 0.0028328588232398033
78 80 0.006873900070786476
78 160 0.0060647716745734215
78 240 0.012061875313520432
78 320 0.008558189496397972
78 400 0.007198967505246401
79 0 0.01132636796683073
79 80 0.008285967633128166
79 160 0.005232161842286587
79 240 0.01165010780096054
79 320 0.00810722541064024
79 400 0.004273565951734781
80 0 0.004693363793194294
80 80 0.0046397545374929905
80 160 0.011595314368605614
80 240 0.01468358002603054
80 320 0.0067098005674779415
80 400 0.004134646151214838
81 0 0.00857492908835411
81 80 0.007660591974854469
81 160 0.008220283314585686
81 240 0.00797979161143303
81 320 0.010714840143918991
81 400 0.0102181825786829
82 0 0.007764101959764957
82 80 0.008213057182729244
82 160 0.004607424605637789
82 240 0.008212652057409286
82 320 0.013379243202507496
82 400 0.012044687755405903
83 0 0.007728822063654661
83 80 0.009718639776110649
83 160 0.005448758136481047
83 240 0.01058046892285347
83 320 0.008335773833096027
83 400 0.007603495381772518
84 0 0.004514364991337061
84 80 0.0107703423127532
84 160 0.007824715226888657
84 240 0.012360893189907074
84 320 0.004446454346179962
84 400 0.015442516654729843
85 0 0.005403638817369938
85 80 0.0021911817602813244
85 160 0.005957149434834719
85 240 0.006474821362644434
85 320 0.007561743725091219
85 400 0.005990799516439438
86 0 0.009500777348876
86 80 0.007152578793466091
86 160 0.007378912065178156
86 240 0.01221445668488741
86 320 0.00466415099799633
86 400 0.009989222511649132
87 0 0.003454679623246193
87 80 0.004653546493500471
87 160 0.009601166471838951
87 240 0.007283274084329605
87 320 0.005104622337967157
87 400 0.00841018371284008
88 0 0.010337986052036285
88 80 0.005238949786871672
88 160 0.0026750045362859964
88 240 0.00939156673848629
88 320 0.006336583755910397
88 400 0.008132067508995533
89 0 0.00476109841838479
89 80 0.008351177908480167
89 160 0.00891362689435482
89 240 0.010698954574763775
89 320 0.005507366266101599
89 400 0.007587746251374483
90 0 0.0035623707808554173
90 80 0.012357354164123535
90 160 0.007029182277619839
90 240 0.0034758723340928555
90 320 0.00786521565169096
90 400 0.0055869086645543575
91 0 0.005173103883862495
91 80 0.004382085055112839
91 160 0.002494830871000886
91 240 0.004057270009070635
91 320 0.007420759182423353
91 400 0.010050234384834766
92 0 0.006045555230230093
92 80 0.0031677596271038055
92 160 0.005881086457520723
92 240 0.008117648772895336
92 320 0.00687371613457799
92 400 0.008111067116260529
93 0 0.004717523697763681
93 80 0.004306549206376076
93 160 0.004828448873013258
93 240 0.003501615021377802
93 320 0.007227419875562191
93 400 0.003105746116489172
94 0 0.002882927656173706
94 80 0.006834886036813259
94 160 0.013227349147200584
94 240 0.010584271512925625
94 320 0.005092929117381573
94 400 0.0030044957529753447
95 0 0.008473808877170086
95 80 0.006194984540343285
95 160 0.008979077450931072
95 240 0.0024378837551921606
95 320 0.008411823771893978
95 400 0.006113819777965546
96 0 0.003077867440879345
96 80 0.00516473175957799
96 160 0.0136489886790514
96 240 0.003765069181099534
96 320 0.009435262531042099
96 400 0.011076943017542362
97 0 0.00924833957105875
97 80 0.003359830006957054
97 160 0.0074757845140993595
97 240 0.00429482152685523
97 320 0.005619019269943237
97 400 0.007481212727725506
98 0 0.0051364591345191
98 80 0.0022370622027665377
98 160 0.00228372635319829
98 240 0.003650330239906907
98 320 0.006605147384107113
98 400 0.00784571748226881
99 0 0.004634591285139322
99 80 0.005387114826589823
99 160 0.00589956808835268
99 240 0.004718538839370012
99 320 0.011691943742334843
99 400 0.007455723360180855
100 0 0.006537986919283867
100 80 0.006950437091290951
100 160 0.005116558168083429
100 240 0.00458154920488596
100 320 0.007338059134781361
100 400 0.00553998164832592
101 0 0.0027889839839190245
101 80 0.003159560030326247
101 160 0.004928168375045061
101 240 0.0066841677762568
101 320 0.006984539330005646
101 400 0.0039899288676679134
102 0 0.0051409597508609295
102 80 0.0037626572884619236
102 160 0.008942676708102226
102 240 0.0065238322131335735
102 320 0.01095516700297594
102 400 0.005645760800689459
103 0 0.002619695384055376
103 80 0.006395754870027304
103 160 0.00858922116458416
103 240 0.0054036411456763744
103 320 0.005325831472873688
103 400 0.007719514891505241
104 0 0.004957383498549461
104 80 0.006733189336955547
104 160 0.004336080513894558
104 240 0.004827945027500391
104 320 0.007722094655036926
104 400 0.007108765654265881
105 0 0.003955391701310873
105 80 0.00664348341524601
105 160 0.006773015484213829
105 240 0.004813149105757475
105 320 0.009552782401442528
105 400 0.006281897891312838
106 0 0.007986780256032944
106 80 0.0023320531472563744
106 160 0.005028069484978914
106 240 0.004192550200968981
106 320 0.004980098456144333
106 400 0.0025396666023880243
107 0 0.0065087564289569855
107 80 0.007596279960125685
107 160 0.0035319519229233265
107 240 0.0029606728348881006
107 320 0.002617103746160865
107 400 0.004243030212819576
108 0 0.005207081325352192
108 80 0.002437736839056015
108 160 0.007347553037106991
108 240 0.0058610700070858
108 320 0.005274158902466297
108 400 0.0024444879963994026
109 0 0.007171849254518747
109 80 0.0024474035017192364
109 160 0.005260462407022715
109 240 0.002372626680880785
109 320 0.004034957382827997
109 400 0.004582138732075691
110 0 0.003808972891420126
110 80 0.008751359768211842
110 160 0.003999983426183462
110 240 0.004869125783443451
110 320 0.004069493617862463
110 400 0.008180230855941772
111 0 0.003970938269048929
111 80 0.005987260490655899
111 160 0.005379719194024801
111 240 0.008885259740054607
111 320 0.003084658645093441
111 400 0.008086238987743855
112 0 0.0033605375792831182
112 80 0.00240500015206635
112 160 0.0026296868454664946
112 240 0.00403295923024416
112 320 0.0048322901129722595
112 400 0.0024691447615623474
113 0 0.003296326380223036
113 80 0.006848879158496857
113 160 0.0030353909824043512
113 240 0.003404425224289298
113 320 0.006688281428068876
113 400 0.002353684976696968
114 0 0.0035583004355430603
114 80 0.004853918682783842
114 160 0.006838915403932333
114 240 0.0054986802861094475
114 320 0.003909865394234657
114 400 0.0028536831960082054
115 0 0.0031211429741233587
115 80 0.0020225478801876307
115 160 0.005361167713999748
115 240 0.0018516321433708072
115 320 0.006822405382990837
115 400 0.005398530513048172
116 0 0.0038120835088193417
116 80 0.0038954925257712603
116 160 0.002854171209037304
116 240 0.0030896146781742573
116 320 0.006553763523697853
116 400 0.0027838691603392363
117 0 0.004908760078251362
117 80 0.004080064594745636
117 160 0.005033726338297129
117 240 0.0016561918891966343
117 320 0.002474995329976082
117 400 0.0054736691527068615
118 0 0.002323370659723878
118 80 0.003616022178903222
118 160 0.0028133441228419542
118 240 0.005431502126157284
118 320 0.004887979011982679
118 400 0.0016564464895054698
119 0 0.004890046082437038
119 80 0.003593952627852559
119 160 0.002527126343920827
119 240 0.0027365703135728836
119 320 0.0035511611495167017
119 400 0.006449083331972361
120 0 0.003974569495767355
120 80 0.007016287650913
120 160 0.0040790303610265255
120 240 0.0017455052584409714
120 320 0.00656856968998909
120 400 0.0030907357577234507
121 0 0.0036805840209126472
121 80 0.0045955185778439045
121 160 0.0056662061251699924
121 240 0.004225885961204767
121 320 0.004733296111226082
121 400 0.0037827114574611187
122 0 0.0011463661212474108
122 80 0.0028903293423354626
122 160 0.0029433344025164843
122 240 0.0028180682566016912
122 320 0.004602187778800726
122 400 0.006645089481025934
123 0 0.002934078685939312
123 80 0.003566008759662509
123 160 0.00442230561748147
123 240 0.005815466865897179
123 320 0.0018379647517576814
123 400 0.004107578657567501
124 0 0.004793170839548111
124 80 0.0031440698076039553
124 160 0.005811295937746763
124 240 0.003687094897031784
124 320 0.0025486366357654333
124 400 0.0032505206763744354
125 0 0.001600185758434236
125 80 0.003503077430650592
125 160 0.003774394979700446
125 240 0.004596515092998743
125 320 0.0054823555983603
125 400 0.00391836604103446
126 0 0.0031898680608719587
126 80 0.004944551270455122
126 160 0.0043959408067166805
126 240 0.004366762936115265
126 320 0.0051351916044950485
126 400 0.0036515709944069386
127 0 0.003796240547671914
127 80 0.00235993810929358
127 160 0.002269639167934656
127 240 0.0030626063235104084
127 320 0.0030471994541585445
127 400 0.00493855495005846
128 0 0.0021710549481213093
128 80 0.004801062401384115
128 160 0.0018396632513031363
128 240 0.0051797982305288315
128 320 0.000988714979030192
128 400 0.001804398838430643
129 0 0.003016415750607848
129 80 0.003584341611713171
129 160 0.008324538357555866
129 240 0.002680950565263629
129 320 0.0022844530176371336
129 400 0.008106201887130737
130 0 0.003862716257572174
130 80 0.004614316858351231
130 160 0.0043681771494448185
130 240 0.0040541645139455795
130 320 0.0048347702249884605
130 400 0.003333380678668618
131 0 0.0034225555136799812
131 80 0.00199089921079576
131 160 0.0031769871711730957
131 240 0.0026998932007700205
131 320 0.005774902179837227
131 400 0.002370312111452222
132 0 0.004726584535092115
132 80 0.0038509464357048273
132 160 0.004334927536547184
132 240 0.0022854122798889875
132 320 0.003000812605023384
132 400 0.004039942752569914
133 0 0.0018877361435443163
133 80 0.002629530616104603
133 160 0.003911459352821112
133 240 0.0019046643283218145
133 320 0.002912813099101186
133 400 0.005082226358354092
134 0 0.001282967976294458
134 80 0.002007485134527087
134 160 0.005698976572602987
134 240 0.0024182850029319525
134 320 0.003122638911008835
134 400 0.0021935408003628254
135 0 0.004701524041593075
135 80 0.002016632119193673
135 160 0.0014088577590882778
135 240 0.004472551867365837
135 320 0.003493856405839324
135 400 0.004230423830449581
136 0 0.00316548440605402
136 80 0.0051468596793711185
136 160 0.003925518598407507
136 240 0.004572615027427673
136 320 0.001581616117618978
136 400 0.005854338873177767
137 0 0.003344241762533784
137 80 0.004194980952888727
137 160 0.002383813029155135
137 240 0.0021075187250971794
137 320 0.0027081703301519156
137 400 0.00756916543468833
138 0 0.004290920216590166
138 80 0.0021215963643044233
138 160 0.0028840864542871714
138 240 0.0029307138174772263
138 320 0.0038632529322057962
138 400 0.004356561694294214
139 0 0.006268306169658899
139 80 0.003570371773093939
139 160 0.004410630092024803
139 240 0.0038120169192552567
139 320 0.0037540080957114697
139 400 0.0035077035427093506
140 0 0.003125653136521578
140 80 0.0038786104414612055
140 160 0.001538813579827547
140 240 0.006226707715541124
140 320 0.0021148049272596836
140 400 0.005238945130258799
141 0 0.003268436761572957
141 80 0.0027929574716836214
141 160 0.004226358141750097
141 240 0.005146595183759928
141 320 0.004004873335361481
141 400 0.004278325475752354
142 0 0.002230246551334858
142 80 0.00403887452557683
142 160 0.003204328939318657
142 240 0.003940149210393429
142 320 0.001770327682606876
142 400 0.001432148739695549
143 0 0.0028060930781066418
143 80 0.003739651758223772
143 160 0.002564966445788741
143 240 0.0023471431341022253
143 320 0.0033139099832624197
143 400 0.003026821417734027
144 0 0.0028831600211560726
144 80 0.002894438337534666
144 160 0.0027347856666892767
144 240 0.0026723784394562244
144 320 0.0038330035749822855
144 400 0.0020002422388643026
145 0 0.0026865804102271795
145 80 0.005865681450814009
145 160 0.0035910713486373425
145 240 0.002967656822875142
145 320 0.001145926769822836
145 400 0.0034726117737591267
146 0 0.002179366536438465
146 80 0.0016034153522923589
146 160 0.00493805343285203
146 240 0.0035878936760127544
146 320 0.0016946918331086636
146 400 0.004658183082938194
147 0 0.0034941351041197777
147 80 0.001922554918564856
147 160 0.0016412800177931786
147 240 0.0032423795200884342
147 320 0.0033434578217566013
147 400 0.0028369412757456303
148 0 0.0021603999193757772
148 80 0.0026986387092620134
148 160 0.0047204215079545975
148 240 0.0049315630458295345
148 320 0.002526619238778949
148 400 0.005262422375380993
149 0 0.003978956025093794
149 80 0.002254040911793709
149 160 0.0022359732538461685
149 240 0.00120982073713094
149 320 0.004761995282024145
149 400 0.0024709661956876516
150 0 0.003610498271882534
150 80 0.002451577689498663
150 160 0.0033511824440211058
150 240 0.0017102006822824478
150 320 0.0035041209775954485
150 400 0.002215118147432804
151 0 0.003948087338358164
151 80 0.0030000789556652308
151 160 0.003984028939157724
151 240 0.003591013140976429
151 320 0.005558846518397331
151 400 0.004484647419303656
152 0 0.0039685675874352455
152 80 0.004365508910268545
152 160 0.0029444319661706686
152 240 0.004236964974552393
152 320 0.004415974486619234
152 400 0.002416115254163742
153 0 0.004714378155767918
153 80 0.002058532787486911
153 160 0.0038961837999522686
153 240 0.0024786824360489845
153 320 0.0030346058774739504
153 400 0.0029663844034075737
154 0 0.0029243151657283306
154 80 0.003968460019677877
154 160 0.0024416246451437473
154 240 0.0037546728271991014
154 320 0.0034978275652974844
154 400 0.002716065850108862
155 0 0.002093457616865635
155 80 0.0037692540790885687
155 160 0.003722282126545906
155 240 0.0015249738935381174
155 320 0.0023189117200672626
155 400 0.002480198396369815
156 0 0.004233757499605417
156 80 0.001496285549364984
156 160 0.0033368354197591543
156 240 0.0009106486104428768
156 320 0.004090070724487305
156 400 0.0035393235739320517
157 0 0.0021327596623450518
157 80 0.002235210267826915
157 160 0.0033978696446865797
157 240 0.002382495440542698
157 320 0.005057916976511478
157 400 0.0037223973777145147
158 0 0.0020578145049512386
158 80 0.002027910901233554
158 160 0.0025791064836084843
158 240 0.0021515837870538235
158 320 0.0028062749188393354
158 400 0.002541563007980585
159 0 0.0035653277300298214
159 80 0.003164727473631501
159 160 0.0016233036294579506
159 240 0.0021590630058199167
159 320 0.004201325122267008
159 400 0.004621542990207672
160 0 0.003902989672496915
160 80 0.0007405387586914003
160 160 0.002957249991595745
160 240 0.004291587043553591
160 320 0.0016856775619089603
160 400 0.0028854762203991413
161 0 0.003836936317384243
161 80 0.0019742425065487623
161 160 0.0026087951846420765
161 240 0.004557056352496147
161 320 0.001810639281757176
161 400 0.00469211395829916
162 0 0.0015989537350833416
162 80 0.00400217529386282
162 160 0.0041730329394340515
162 240 0.0015695143956691027
162 320 0.002698521828278899
162 400 0.003094216575846076
163 0 0.002436691662296653
163 80 0.0024383259005844593
163 160 0.0039792233146727085
163 240 0.0026996820233762264
163 320 0.004500074312090874
163 400 0.003860392840579152
164 0 0.0030455749947577715
164 80 0.0024495935067534447
164 160 0.0012980822939425707
164 240 0.0019956128671765327
164 320 0.003334467299282551
164 400 0.0014229912776499987
165 0 0.002351620467379689
165 80 0.003141433699056506
165 160 0.004069212358444929
165 240 0.002394230803474784
165 320 0.0029732706025242805
165 400 0.004236258566379547
166 0 0.0019189650192856789
166 80 0.002193822292611003
166 160 0.0013731099897995591
166 240 0.002878370927646756
166 320 0.0017757186433300376
166 400 0.0011351722059771419
167 0 0.0020533979404717684
167 80 0.0026728587690740824
167 160 0.0034329139161854982
167 240 0.002730079460889101
167 320 0.0018948392244055867
167 400 0.002070767804980278
168 0 0.00057237345026806
168 80 0.0011679641902446747
168 160 0.0033808036241680384
168 240 0.0037260339595377445
168 320 0.0017819046042859554
168 400 0.002162895631045103
169 0 0.001722833258099854
169 80 0.0036124573089182377
169 160 0.0017929725581780076
169 240 0.002012348733842373
169 320 0.0019873352721333504
169 400 0.00199440261349082
170 0 0.0032970807515084743
170 80 0.0018642042996361852
170 160 0.0038192057982087135
170 240 0.003298495663329959
170 320 0.002471448853611946
170 400 0.003159098094329238
171 0 0.001093392027541995
171 80 0.002470844192430377
171 160 0.001985385315492749
171 240 0.002249303041025996
171 320 0.00302024744451046
171 400 0.0031740115955471992
172 0 0.0025732729118317366
172 80 0.002899365033954382
172 160 0.0027926682960242033
172 240 0.0013616190990433097
172 320 0.004350578878074884
172 400 0.0028215753845870495
173 0 0.0023987528402358294
173 80 0.004068204201757908
173 160 0.003805173095315695
173 240 0.004237068817019463
173 320 0.0010875915177166462
173 400 0.0017123298021033406
174 0 0.0021568334195762873
174 80 0.0029181726276874542
174 160 0.0026180248241871595
174 240 0.003871037857607007
174 320 0.0015018718549981713
174 400 0.0018951648380607367
175 0 0.0016739123966544867
175 80 0.001567876897752285
175 160 0.00248511228710413
175 240 0.0030366263817995787
175 320 0.002933277515694499
175 400 0.0020323223434388638
176 0 0.0020629987120628357
176 80 0.0017734321299940348
176 160 0.0024627135135233402
176 240 0.003671814687550068
176 320 0.0018364385468885303
176 400 0.0017827823758125305
177 0 0.001941386261023581
177 80 0.0020162761211395264
177 160 0.0013940543867647648
177 240 0.0009326459839940071
177 320 0.001573090790770948
177 400 0.004479485563933849
178 0 0.001340583898127079
178 80 0.0008712371345609426
178 160 0.0018603370990604162
178 240 0.0030454781372100115
178 320 0.0023870961740612984
178 400 0.001258783508092165
179 0 0.0015831920318305492
179 80 0.0017968108877539635
179 160 0.0024017279502004385
179 240 0.00340154767036438
179 320 0.0031069472897797823
179 400 0.002550917211920023
180 0 0.001961183501407504
180 80 0.0017015878111124039
180 160 0.0026891096495091915
180 240 0.0029920239467173815
180 320 0.003165626199916005
180 400 0.001873109256848693
181 0 0.0035843958612531424
181 80 0.00193292205221951
181 160 0.002206748351454735
181 240 0.0015852602664381266
181 320 0.001429398194886744
181 400 0.0016659777611494064
182 0 0.0026041145902127028
182 80 0.0007853725692257285
182 160 0.003256965894252062
182 240 0.0018487675115466118
182 320 0.003800553735345602
182 400 0.002770116785541177
183 0 0.002791987732052803
183 80 0.0018659339984878898
183 160 0.002570059848949313
183 240 0.0020127559546381235
183 320 0.0014268872328102589
183 400 0.0018701916560530663
184 0 0.0025234727654606104
184 80 0.002364637330174446
184 160 0.0021967145148664713
184 240 0.0015678048366680741
184 320 0.0017935583600774407
184 400 0.0016572435852140188
185 0 0.003055014181882143
185 80 0.0008437501383014023
185 160 0.002741142176091671
185 240 0.0031626729760318995
185 320 0.002193108666688204
185 400 0.0016512954607605934
186 0 0.0032850313000380993
186 80 0.0032911482267081738
186 160 0.0021538075525313616
186 240 0.0013298449339345098
186 320 0.002426131395623088
186 400 0.0019050484988838434
187 0 0.0019060244085267186
187 80 0.002414048183709383
187 160 0.0026174895465373993
187 240 0.0009952208492904902
187 320 0.0025089667178690434
187 400 0.002574698068201542
188 0 0.003988894633948803
188 80 0.0020825089886784554
188 160 0.0017091601621359587
188 240 0.0016639108071103692
188 320 0.002188083017244935
188 400 0.0018522002501413226
189 0 0.002463681623339653
189 80 0.0019407690269872546
189 160 0.00351330847479403
189 240 0.002764695091173053
189 320 0.0028982418589293957
189 400 0.003389948047697544
190 0 0.0011661082971841097
190 80 0.0016347893979400396
190 160 0.0025769404601305723
190 240 0.0024069719947874546
190 320 0.0025104726664721966
190 400 0.003438627580180764
191 0 0.0027292566373944283
191 80 0.00354058388620615
191 160 0.001966593787074089
191 240 0.0010376196587458253
191 320 0.0018197295721620321
191 400 0.00149984797462821
192 0 0.0018265657126903534
192 80 0.0017425197875127196
192 160 0.002727383514866233
192 240 0.002269396325573325
192 320 0.0030690007843077183
192 400 0.003604403929784894
193 0 0.0011338168988004327
193 80 0.0013198176166042686
193 160 0.0014570682542398572
193 240 0.0022803216706961393
193 320 0.0027054075617343187
193 400 0.0017065671272575855
194 0 0.0027840735856443644
194 80 0.002206910401582718
194 160 0.0012417734833434224
194 240 0.002043351298198104
194 320 0.003624708391726017
194 400 0.0017875295598059893
195 0 0.0029181544668972492
195 80 0.0022534914314746857
195 160 0.0010387259535491467
195 240 0.00401361333206296
195 320 0.002666017971932888
195 400 0.002003548899665475
196 0 0.002271895529702306
196 80 0.0016069066477939487
196 160 0.0017170432256534696
196 240 0.0015643652295693755
196 320 0.0018922209274023771
196 400 0.0025222336407750845
197 0 0.0015548832016065717
197 80 0.0009315321804024279
197 160 0.0024267707485705614
197 240 0.0022786366753280163
197 320 0.0023595700040459633
197 400 0.00243912055157125
198 0 0.0018100203014910221
198 80 0.0019162524258717895
198 160 0.004230017773807049
198 240 0.002303956774994731
198 320 0.0014445541892200708
198 400 0.00199378770776093
199 0 0.0019630296155810356
199 80 0.0023055649362504482
199 160 0.0015401487471535802
199 240 0.0029191875364631414
199 320 0.0017648310167714953
199 400 0.001947690499946475
200 0 0.0024116397835314274
200 80 0.002696436597034335
200 160 0.001525040832348168
200 240 0.0037959045730531216
200 320 0.0019684149883687496
200 400 0.001800751662813127
201 0 0.0008188548381440341
201 80 0.0020859898068010807
201 160 0.0024201483465731144
201 240 0.0023580712731927633
201 320 0.0021050896029919386
201 400 0.0013603039551526308
202 0 0.0015820199623703957
202 80 0.0013573045143857598
202 160 0.0015601300401613116
202 240 0.003448227886110544
202 320 0.001179451821371913
202 400 0.0020915453787893057
203 0 0.002399098826572299
203 80 0.001674930565059185
203 160 0.002269044751301408
203 240 0.0017442717216908932
203 320 0.0021286539267748594
203 400 0.0011818883940577507
204 0 0.000985556049272418
204 80 0.002336319535970688
204 160 0.0017690889071673155
204 240 0.0016099631320685148
204 320 0.0011762073263525963
204 400 0.0019888770766556263
205 0 0.001346756354905665
205 80 0.0022597135975956917
205 160 0.003124234266579151
205 240 0.00353164691478014
205 320 0.0013727404875680804
205 400 0.0013875917065888643
206 0 0.000978744006715715
206 80 0.0017899655504152179
206 160 0.002293481258675456
206 240 0.0018253065645694733
206 320 0.001222847611643374
206 400 0.0023508425801992416
207 0 0.003277088515460491
207 80 0.0013903595972806215
207 160 0.002708962420001626
207 240 0.0015742339892312884
207 320 0.0020775641314685345
207 400 0.003334982320666313
208 0 0.0020997028332203627
208 80 0.0025786941405385733
208 160 0.0013882142957299948
208 240 0.001308295875787735
208 320 0.001719583640806377
208 400 0.001758455764502287
209 0 0.0010239520343020558
209 80 0.0007234499207697809
209 160 0.0011660935124382377
209 240 0.0026522085536271334
209 320 0.0034004482440650463
209 400 0.002828530501574278
210 0 0.002291905228048563
210 80 0.002517263637855649
210 160 0.0014221759047359228
210 240 0.0014496041694656014
210 320 0.0021553514525294304
210 400 0.0020834205206483603
211 0 0.002154950750991702
211 80 0.0016915204469114542
211 160 0.001716777216643095
211 240 0.002889731666073203
211 320 0.0028055808506906033
211 400 0.00258437916636467
212 0 0.0027011348865926266
212 80 0.002650441136211157
212 160 0.0009712819592095912
212 240 0.0026179892010986805
212 320 0.0018771992763504386
212 400 0.0016063778894022107
213 0 0.0010273620719090104
213 80 0.001673102960921824
213 160 0.005229263566434383
213 240 0.002975583542138338
213 320 0.0023699866142123938
213 400 0.0033844641875475645
214 0 0.00192081939894706
214 80 0.004104476887732744
214 160 0.0027213154826313257
214 240 0.003667003707960248
214 320 0.0024195676669478416
214 400 0.001962395617738366
215 0 0.0029082850087434053
215 80 0.0012075252598151565
215 160 0.003143748501315713
215 240 0.0012014757376164198
215 320 0.0019540993962436914
215 400 0.0017714499263092875
216 0 0.0012619062326848507
216 80 0.002031350042670965
216 160 0.0020215725526213646
216 240 0.0019283005967736244
216 320 0.0020792351569980383
216 400 0.0016264385776594281
217 0 0.0015802609268575907
217 80 0.001791837508790195
217 160 0.002713798778131604
217 240 0.0012805592268705368
217 320 0.0034754795487970114
217 400 0.002205428434535861
218 0 0.0015085677150636911
218 80 0.0021546343341469765
218 160 0.0016560264630243182
218 240 0.00154656614176929
218 320 0.0008165307808667421
218 400 0.0011591053334996104
219 0 0.0014280600007623434
219 80 0.0020782293286174536
219 160 0.0015452400548383594
219 240 0.0015221417415887117
219 320 0.0023126043379306793
219 400 0.002471580635756254
220 0 0.0025278767570853233
220 80 0.0019424784695729613
220 160 0.002212944207713008
220 240 0.0012926979688927531
220 320 0.002178000984713435
220 400 0.0023944219574332237
221 0 0.0019899760372936726
221 80 0.002269417978823185
221 160 0.0021549949888139963
221 240 0.0011054734932258725
221 320 0.0018882889999076724
221 400 0.003304407000541687
222 0 0.0014471524627879262
222 80 0.0019495441811159253
222 160 0.002459068549796939
222 240 0.002445345278829336
222 320 0.002421599579975009
222 400 0.0013565494446083903
223 0 0.0021419250406324863
223 80 0.0012295565102249384
223 160 0.0018272824818268418
223 240 0.0014985258458182216
223 320 0.0022448182571679354
223 400 0.00151842983905226
224 0 0.002242789603769779
224 80 0.002467450452968478
224 160 0.0011170138604938984
224 240 0.001257055439054966
224 320 0.0010113277239724994
224 400 0.0010304327588528395
225 0 0.0014505285071209073
225 80 0.0013266504975035787
225 160 0.0010886398376896977
225 240 0.001645037205889821
225 320 0.0019727100152522326
225 400 0.001563694910146296
226 0 0.0009173759026452899
226 80 0.001861591823399067
226 160 0.0017500912072136998
226 240 0.0009915829868987203
226 320 0.0012948386138305068
226 400 0.001285550300963223
227 0 0.0012230752035975456
227 80 0.0015035367105156183
227 160 0.0022006616927683353
227 240 0.0017742635682225227
227 320 0.0020807520486414433
227 400 0.0022001841571182013
228 0 0.0022943555377423763
228 80 0.0013779726577922702
228 160 0.0026142399292439222
228 240 0.001154131256043911
228 320 0.0018287262646481395
228 400 0.0005043826531618834
229 0 0.0017389933345839381
229 80 0.002266485011205077
229 160 0.0020729410462081432
229 240 0.0011289383983239532
229 320 0.0008053647470660508
229 400 0.0022786837071180344
230 0 0.0017331020208075643
230 80 0.001842380384914577
230 160 0.0009555049473419785
230 240 0.0014629617799073458
230 320 0.0015103168552741408
230 400 0.00196581962518394
231 0 0.0010652226628735662
231 80 0.0014832703163847327
231 160 0.0014593082014471292
231 240 0.0011196719715371728
231 320 0.0019418690353631973
231 400 0.0023385006934404373
232 0 0.001804616185836494
232 80 0.0016860503237694502
232 160 0.0015038184355944395
232 240 0.0023170302156358957
232 320 0.0014815053436905146
232 400 0.0014232172397896647
233 0 0.0021005261223763227
233 80 0.0023354694712907076
233 160 0.0011216457933187485
233 240 0.0012071013916283846
233 320 0.0016049733385443687
233 400 0.0025001647882163525
234 0 0.0020853490568697453
234 80 0.0018138966988772154
234 160 0.0015812428900972009
234 240 0.0015246148686856031
234 320 0.0021911365911364555
234 400 0.0015517576830461621
235 0 0.0012420513667166233
235 80 0.0015467235352844
235 160 0.001630560727789998
235 240 0.0024833467323333025
235 320 0.00202194950543344
235 400 0.0014783398946747184
236 0 0.0020721671171486378
236 80 0.002260950393974781
236 160 0.0013769050128757954
236 240 0.0016884950455278158
236 320 0.0025479800533503294
236 400 0.0010336082195863128
237 0 0.0010993954492732882
237 80 0.002097254153341055
237 160 0.002317576901987195
237 240 0.0011388356797397137
237 320 0.001619709306396544
237 400 0.0014454135671257973
238 0 0.0013466189848259091
238 80 0.0011319192126393318
238 160 0.0014272199478000402
238 240 0.0017645866610109806
238 320 0.001955903135240078
238 400 0.0013019400648772717
239 0 0.001334075233899057
239 80 0.0012194900773465633
239 160 0.0017615045653656125
239 240 0.001461697742342949
239 320 0.0022904102224856615
239 400 0.0020461189560592175
240 0 0.0019258168758824468
240 80 0.0017206756165251136
240 160 0.000533962738700211
240 240 0.0013761356240138412
240 320 0.0009902020683512092
240 400 0.001824108650907874
241 0 0.0015840161358937621
241 80 0.001658607623539865
241 160 0.0013649116735905409
241 240 0.002443577628582716
241 320 0.0007979770307429135
241 400 0.0008954000659286976
242 0 0.0013791215606033802
242 80 0.0010016059968620539
242 160 0.0024410102050751448
242 240 0.0016814199043437839
242 320 0.0019492575665935874
242 400 0.0009353467030450702
243 0 0.0018998782616108656
243 80 0.0013818391598761082
243 160 0.0019936964381486177
243 240 0.0022486024536192417
243 320 0.00285320938564837
243 400 0.0025643929839134216
244 0 0.0022214429918676615
244 80 0.0013789143413305283
244 160 0.0013871223200112581
244 240 0.0024045854806900024
244 320 0.0015659909695386887
244 400 0.0018259595381096005
245 0 0.0011022742837667465
245 80 0.0018884696764871478
245 160 0.0016114386962726712
245 240 0.001497604069299996
245 320 0.0015150179388001561
245 400 0.0012895511463284492
246 0 0.002115356270223856
246 80 0.0010229592444375157
246 160 0.0011767892865464091
246 240 0.0014321511844173074
246 320 0.0024938841816037893
246 400 0.0024948737118393183
247 0 0.0009210710995830595
247 80 0.001227054512128234
247 160 0.0014196219854056835
247 240 0.0011335420422255993
247 320 0.0014914117055013776
247 400 0.0012876313412562013
248 0 0.0016770855290815234
248 80 0.0012873596278950572
248 160 0.0017390312859788537
248 240 0.000841649598442018
248 320 0.0012415056116878986
248 400 0.002136566676199436
249 0 0.0020321595948189497
249 80 0.001091280486434698
249 160 0.0017936821095645428
249 240 0.0015557488659396768
249 320 0.001377869863063097
249 400 0.001864626188762486
250 0 0.0024165965151041746
250 80 0.0015367394080385566
250 160 0.0007661653799004853
250 240 0.0011147070908918977
250 320 0.001596383866854012
250 400 0.0015559351304545999
251 0 0.0011117638787254691
251 80 0.0018683323869481683
251 160 0.0017843222012743354
251 240 0.0008637110004201531
251 320 0.001487448811531067
251 400 0.0009458719869144261
252 0 0.0020049866288900375
252 80 0.0012114661512896419
252 160 0.002235340652987361
252 240 0.0023662149906158447
252 320 0.0015629278495907784
252 400 0.0017358837649226189
253 0 0.001059215166606009
253 80 0.0009525984642095864
253 160 0.001009974512271583
253 240 0.001164902001619339
253 320 0.001971930032595992
253 400 0.0016500265337526798
254 0 0.0015722672687843442
254 80 0.0013600386446341872
254 160 0.0022172704339027405
254 240 0.001271527144126594
254 320 0.0027455335948616266
254 400 0.0009516986319795251
255 0 0.0020858244970440865
255 80 0.0017562952125445008
255 160 0.0007654213695786893
255 240 0.0015899516874924302
255 320 0.0018309481674805284
255 400 0.0014459843514487147
256 0 0.00017701138858683407
256 80 0.001451567281037569
256 160 0.0021730700973421335
256 240 0.002124698832631111
256 320 0.001240118290297687
