1 1.467259767594368 0.8612166666666666
2 0.35121282720680175 0.9236
3 0.2599339904084897 0.9396
4 0.19553237581955218 0.9484666666666667
5 0.18226170099413852 0.9507333333333333
6 0.1662327059383776 0.9543666666666667
7 0.12150683026435151 0.96375
8 0.11525381559422657 0.9642333333333334
9 0.12236492357838319 0.9659333333333333
10 0.09448830759140855 0.96925
11 0.09090523647346985 0.97085
12 0.08500943455432079 0.9724166666666667
13 0.08102459385236507 0.9739666666666666
14 0.07541320587335619 0.9753166666666667
15 0.0729784786637658 0.9762166666666666
16 0.06759649410700874 0.9780833333333333
17 0.06300383056106884 0.9795833333333334
18 0.059310920804596025 0.9806666666666667
19 0.06027019651793341 0.98005
20 0.056040500274805755 0.9825
21 0.05515123140325011 0.9816666666666667
22 0.04971343275707668 0.9839333333333333
23 0.04828856812952869 0.9845833333333334
24 0.04801867053564042 0.9845666666666667
25 0.04398944818162556 0.9857833333333333
26 0.04288577465916366 0.9863666666666666
27 0.04225951720521585 0.9869333333333333
28 0.04072199605190868 0.98765
29 0.038598010633220235 0.9886833333333334
30 0.036998648163693734 0.989
31 0.03576620356606713 0.9890666666666666
32 0.0345842327509544 0.9894666666666667
33 0.03316345845243888 0.9904333333333334
34 0.030961284453152563 0.9911666666666666
35 0.030477475508479582 0.9916333333333334
36 0.02943352174196543 0.9917833333333334
37 0.02845010095323597 0.9921666666666666
38 0.026992774977068753 0.9925666666666667
39 0.026630842269880814 0.9928166666666667
40 0.025371438187203492 0.9935166666666667
41 0.024876781778016895 0.9936166666666667
42 0.023243356386878723 0.9943833333333333
43 0.02330303880999655 0.9945833333333334
44 0.022280589076203863 0.99465
45 0.021412982945955956 0.9952666666666666
46 0.02063417884616503 0.9952166666666666
47 0.01979327788288548 0.9955666666666667
48 0.01946081604256527 0.9958833333333333
49 0.018615475788251803 0.9964166666666666
50 0.018355754938330065 0.9964
51 0.017513567008880345 0.9965833333333334
52 0.016876243771727025 0.9970166666666667
53 0.016513734490477612 0.99715
54 0.015979420397180453 0.9972833333333333
55 0.015402281993944476 0.99745
56 0.014811837672392952 0.99775
57 0.014551944073303532 0.9979166666666667
58 0.014135765079071305 0.9979
59 0.013646533082265145 0.99825
60 0.01341833744489991 0.9981833333333333
61 0.013280622963446067 0.9982333333333333
62 0.012252923858258675 0.9986166666666667
63 0.01238673999915515 0.9986666666666667
64 0.011711057109722514 0.9988833333333333
65 0.01151099175176045 0.9988666666666667
66 0.011284585537782102 0.9988166666666667
67 0.010918444330825894 0.9989333333333333
68 0.010901085687364373 0.999
69 0.010547537144634928 0.9990166666666667
70 0.010250459859536877 0.99925
71 0.00982807852007123 0.9993166666666666
72 0.009710581547993698 0.9992666666666666
73 0.00950913463628837 0.9993833333333333
74 0.009260578111294649 0.9993833333333333
75 0.008906118214072814 0.9995666666666667
76 0.008766022378276946 0.9995666666666667
77 0.008549272732835001 0.9996166666666667
78 0.008455727123784453 0.99955
79 0.008179779930997378 0.9997166666666667
80 0.007984281645150486 0.9997333333333334
81 0.00794513762689261 0.9996333333333334
82 0.007651387929056547 0.99975
83 0.007553453875908147 0.9997666666666667
84 0.007407815508377641 0.9997
85 0.0072806276403852045 0.9997833333333334
86 0.007246732638567003 0.9997666666666667
87 0.006947270442874654 0.9998
88 0.006993343187833645 0.99975
89 0.006750301445034077 0.9998833333333333
90 0.006635710341867798 0.9998666666666667
91 0.006575261182370169 0.9998333333333334
92 0.006447794807226912 0.9998833333333333
93 0.006263064992016376 0.9998833333333333
94 0.006194405454292353 0.9999333333333333
95 0.0060429604099030846 0.9999166666666667
96 0.005923283861395019 0.9999
97 0.005958701921269488 0.99985
98 0.005785248789644397 0.9999166666666667
99 0.0056612477908387525 0.99995
100 0.00560050297514605 0.9999333333333333
101 0.0055548244273599815 0.9998833333333333
102 0.0054663958006611925 0.9999333333333333
103 0.005343346150347721 0.9999333333333333
104 0.005310265508208321 0.9999166666666667
105 0.005192980320919662 0.9999666666666667
106 0.0051197775317900086 0.9999833333333333
107 0.005043572529893257 0.9999833333333333
108 0.0049875643510030885 1.0
109 0.004948313754083696 0.9999833333333333
110 0.00487258599357191 0.9999666666666667
111 0.00476848314042642 0.9999666666666667
112 0.004715192323324205 1.0
113 0.0046470632676337 0.9999666666666667
114 0.0045763593443087554 1.0
115 0.004526337112750866 0.9999833333333333
116 0.004459623758470628 1.0
117 0.004417401580100279 1.0
118 0.004342304543157154 0.9999833333333333
119 0.004310100352632871 0.9999833333333333
120 0.004250472739536458 1.0
121 0.0041776716734951876 1.0
122 0.004163365313179616 1.0
123 0.004102096103552753 1.0
124 0.00405225779976386 0.9999833333333333
125 0.004014127238689344 0.9999833333333333
126 0.0039564070323092945 1.0
127 0.003908083156329085 1.0
128 0.003877380793826825 1.0
129 0.0038426298968819604 0.9999833333333333
130 0.0037882844422276675 1.0
131 0.0037357569961343953 1.0
132 0.0036947852193461314 1.0
133 0.0036528795052305865 1.0
134 0.003607798849782551 1.0
135 0.003583432581803914 1.0
136 0.00354820151000655 1.0
137 0.0035052493211876817 1.0
138 0.003481222423978015 1.0
139 0.003431853135553266 1.0
140 0.0033921742029160437 1.0
141 0.003363770672116679 1.0
142 0.003346076836116485 1.0
143 0.003309154436726973 1.0
144 0.0032710908464208713 1.0
145 0.003254620565984176 1.0
146 0.003210962617964442 1.0
147 0.0031759346125901605 1.0
148 0.003144215792169306 1.0
149 0.0031256859156259423 1.0
150 0.0030822318067390926 1.0
151 0.0030600669869988253 1.0
152 0.003023099588123021 1.0
153 0.0029892673267166753 1.0
154 0.002979326969956352 1.0
155 0.002948032254834713 1.0
156 0.0029328354501050274 1.0
157 0.002898981641687111 1.0
158 0.0028747720744407203 1.0
159 0.0028472962924021125 1.0
160 0.002822360613999932 1.0
161 0.0027892115113359174 1.0
162 0.0027746267187079465 1.0
163 0.0027530420521176906 1.0
164 0.002738634134823484 1.0
165 0.002697350554488925 1.0
166 0.0026798040893024153 1.0
167 0.002654790595448864 1.0
168 0.0026417120945886143 1.0
169 0.0026203756947179575 1.0
170 0.0025978416898476482 1.0
171 0.002575591906407741 1.0
172 0.002549286627373013 1.0
173 0.0025305615783086234 1.0
174 0.002511356986732955 1.0
175 0.002493155958465557 1.0
176 0.0024758303992332086 1.0
177 0.00245505699881418 1.0
178 0.0024399560577581638 1.0
179 0.0024084793577498907 1.0
180 0.002405696661399701 1.0
181 0.002381247159568712 1.0
182 0.002370128184676107 1.0
183 0.00234402448925843 1.0
184 0.002334709249142466 1.0
185 0.00229821894997989 1.0
186 0.002301939913239985 1.0
187 0.0022835058560629665 1.0
188 0.0022657142332402555 1.0
189 0.0022392953689054237 1.0
190 0.002229682317545721 1.0
191 0.0022124963988021796 1.0
192 0.002199799785870058 1.0
193 0.0021832967072780898 1.0
194 0.002168078981051996 1.0
195 0.002154789005740305 1.0
196 0.0021361376363426637 1.0
197 0.0021255628655362786 1.0
198 0.002110528863290313 1.0
199 0.0020988152849166267 1.0
200 0.002077224424485165 1.0
201 0.002057870087682454 1.0
202 0.002048857833210653 1.0
203 0.0020381115077347405 1.0
204 0.0020259099065272537 1.0
205 0.0020148835946936835 1.0
206 0.001999608294885439 1.0
207 0.001987739453471498 1.0
208 0.0019721990220495926 1.0
209 0.00196334423394556 1.0
210 0.0019468740800391636 1.0
211 0.001936360144429703 1.0
212 0.0019298016106330557 1.0
213 0.001916165159649597 1.0
214 0.001905310371799319 1.0
215 0.0018917716659683941 1.0
216 0.0018719347061783966 1.0
217 0.0018686551548816614 1.0
218 0.0018554963143867578 1.0
219 0.001844876674502822 1.0
220 0.0018376247508814737 1.0
221 0.0018166740110808256 1.0
222 0.0018041354305828724 1.0
223 0.0018007409045728904 1.0
224 0.0017939817207778042 1.0
225 0.0017826871566428764 1.0
226 0.0017694510090828085 1.0
227 0.001760348022364622 1.0
228 0.0017482557714775776 1.0
229 0.0017395858981905739 1.0
230 0.0017296517909969143 1.0
231 0.001719395060023702 1.0
232 0.0017114615672007838 1.0
233 0.0016945112463228826 1.0
234 0.0016904182707035004 1.0
235 0.0016821375928262174 1.0
236 0.0016728706621832506 1.0
237 0.0016635390002154378 1.0
238 0.0016510059538511817 1.0
239 0.0016425218750119035 1.0
240 0.0016315065890000558 1.0
241 0.0016240460594231362 1.0
242 0.0016167249115033031 1.0
243 0.0016028595373912184 1.0
244 0.0016011540149487476 1.0
245 0.0015925626462967848 1.0
246 0.001584399910047968 1.0
247 0.0015733440056381657 1.0
248 0.0015681286728176386 1.0
249 0.0015540769956544289 1.0
250 0.0015505745069065225 1.0
251 0.001538880186704998 1.0
