1 0 2.8314785957336426
1 80 0.9975616335868835
1 160 0.7094941139221191
1 240 0.8573945760726929
1 320 0.14543026685714722
1 400 0.6034138202667236
2 0 0.29445403814315796
2 80 0.23662371933460236
2 160 0.3520544171333313
2 240 0.17154574394226074
2 320 0.1253545880317688
2 400 0.23672690987586975
3 0 0.2196449190378189
3 80 0.3943021893501282
3 160 0.2381654679775238
3 240 0.16867154836654663
3 320 0.07804755866527557
3 400 0.08073540776968002
4 0 0.17576171457767487
4 80 0.09636419266462326
4 160 0.16623654961585999
4 240 0.333340585231781
4 320 0.17114612460136414
4 400 0.11896663159132004
5 0 0.10139478743076324
5 80 0.22809869050979614
5 160 0.10443665832281113
5 240 0.2888249456882477
5 320 0.05961417034268379
5 400 0.3560536503791809
6 0 0.09899452328681946
6 80 0.22409535944461823
6 160 0.17404615879058838
6 240 0.1350249946117401
6 320 0.16074462234973907
6 400 0.28916454315185547
7 0 0.0905628502368927
7 80 0.1161348894238472
7 160 0.05121852457523346
7 240 0.06352456659078598
7 320 0.3676292598247528
7 400 0.0958576649427414
8 0 0.09995365887880325
8 80 0.11653155833482742
8 160 0.09053973853588104
8 240 0.13886424899101257
8 320 0.07617070525884628
8 400 0.14510758221149445
9 0 0.06977058947086334
9 80 0.12057972699403763
9 160 0.11375630646944046
9 240 0.0715118944644928
9 320 0.10534027218818665
9 400 0.1065547987818718
10 0 0.19962568581104279
10 80 0.04497935250401497
10 160 0.0931173712015152
10 240 0.15630851686000824
10 320 0.14435039460659027
10 400 0.08510427922010422
11 0 0.36246880888938904
11 80 0.04104887321591377
11 160 0.05940508469939232
11 240 0.16534093022346497
11 320 0.11123288422822952
11 400 0.05840962380170822
12 0 0.1183149516582489
12 80 0.19929173588752747
12 160 0.19810792803764343
12 240 0.10656826943159103
12 320 0.04261728376150131
12 400 0.04666014388203621
13 0 0.10259775072336197
13 80 0.05723710358142853
13 160 0.04346676170825958
13 240 0.07197284698486328
13 320 0.0422322042286396
13 400 0.16692838072776794
14 0 0.10400579869747162
14 80 0.08050960302352905
14 160 0.05967845767736435
14 240 0.022543836385011673
14 320 0.05963858962059021
14 400 0.07006461918354034
15 0 0.05642480030655861
15 80 0.07047431915998459
15 160 0.0654522255063057
15 240 0.05058145150542259
15 320 0.10857101529836655
15 400 0.10068008303642273
16 0 0.06045833230018616
16 80 0.03769828751683235
16 160 0.0667557641863823
16 240 0.07657365500926971
16 320 0.02047964371740818
16 400 0.05780108645558357
17 0 0.10837884247303009
17 80 0.08467532694339752
17 160 0.10023520141839981
17 240 0.05124061927199364
17 320 0.06591133773326874
17 400 0.28354454040527344
18 0 0.05421210080385208
18 80 0.069526307284832
18 160 0.009472504258155823
18 240 0.11132930964231491
18 320 0.03836306929588318
18 400 0.04839594289660454
19 0 0.12044528126716614
19 80 0.05245557054877281
19 160 0.020833604037761688
19 240 0.03020436130464077
19 320 0.09858190268278122
19 400 0.0788881927728653
20 0 0.07493758201599121
20 80 0.03364798054099083
20 160 0.044398609548807144
20 240 0.01917559653520584
20 320 0.1557493507862091
20 400 0.05627439543604851
21 0 0.0375894196331501
21 80 0.01294846273958683
21 160 0.06752526760101318
21 240 0.07593944668769836
21 320 0.0294629093259573
21 400 0.04405052959918976
22 0 0.06153261289000511
22 80 0.06061379238963127
22 160 0.020903965458273888
22 240 0.037354253232479095
22 320 0.10571379214525223
22 400 0.08654586225748062
23 0 0.058022383600473404
23 80 0.014439210295677185
23 160 0.06238303706049919
23 240 0.0406324565410614
23 320 0.008983571082353592
23 400 0.06701570749282837
24 0 0.02305418998003006
24 80 0.05781112611293793
24 160 0.034021664410829544
24 240 0.05208872631192207
24 320 0.02707146853208542
24 400 0.0345589853823185
25 0 0.036890909075737
25 80 0.03741215169429779
25 160 0.03769749775528908
25 240 0.02914229966700077
25 320 0.00974446814507246
25 400 0.04220975935459137
26 0 0.058919988572597504
26 80 0.040069580078125
26 160 0.017879994586110115
26 240 0.0662994533777237
26 320 0.04876106604933739
26 400 0.0922052413225174
27 0 0.11874905973672867
27 80 0.021846363320946693
27 160 0.049727942794561386
27 240 0.060726724565029144
27 320 0.050300780683755875
27 400 0.04849928244948387
28 0 0.03430910408496857
28 80 0.019267724826931953
28 160 0.03638084605336189
28 240 0.042040981352329254
28 320 0.008913334459066391
28 400 0.02833254262804985
29 0 0.017710605636239052
29 80 0.019220726564526558
29 160 0.029887450858950615
29 240 0.053293343633413315
29 320 0.08779183030128479
29 400 0.050234537571668625
30 0 0.08046521991491318
30 80 0.03499017283320427
30 160 0.023755773901939392
30 240 0.017207328230142593
30 320 0.03324607387185097
30 400 0.04745670035481453
31 0 0.010051167570054531
31 80 0.03417825698852539
31 160 0.018280236050486565
31 240 0.04625985771417618
31 320 0.015880132094025612
31 400 0.04709072411060333
32 0 0.016261784359812737
32 80 0.034757256507873535
32 160 0.015716496855020523
32 240 0.04618857055902481
32 320 0.05337803065776825
32 400 0.04299680516123772
33 0 0.0391462966799736
33 80 0.06364306062459946
33 160 0.034982070326805115
33 240 0.008224968798458576
33 320 0.03614344820380211
33 400 0.02879067324101925
34 0 0.03595656156539917
34 80 0.04317839816212654
34 160 0.02348659373819828
34 240 0.03608553484082222
34 320 0.05829209089279175
34 400 0.04728502407670021
35 0 0.03832903876900673
35 80 0.01465760637074709
35 160 0.028228692710399628
35 240 0.03346218168735504
35 320 0.02054678462445736
35 400 0.0694153904914856
36 0 0.02456650882959366
36 80 0.015803052112460136
36 160 0.025228707119822502
36 240 0.03464058041572571
36 320 0.025251593440771103
36 400 0.03884533792734146
37 0 0.06446440517902374
37 80 0.031003650277853012
37 160 0.022464295849204063
37 240 0.028999507427215576
37 320 0.0194492656737566
37 400 0.018407290801405907
38 0 0.04560087248682976
38 80 0.01703668013215065
38 160 0.014862238429486752
38 240 0.03094719722867012
38 320 0.018274342641234398
38 400 0.03258645534515381
39 0 0.011774851009249687
39 80 0.03937780112028122
39 160 0.03668883070349693
39 240 0.02999921515583992
39 320 0.02526000142097473
39 400 0.0207323357462883
40 0 0.009183023124933243
40 80 0.01467431802302599
40 160 0.029468081891536713
40 240 0.014718095771968365
40 320 0.017630279064178467
40 400 0.01505345944315195
41 0 0.017853815108537674
41 80 0.029372986406087875
41 160 0.07918655127286911
41 240 0.008128734305500984
41 320 0.01804368756711483
41 400 0.019432788714766502
42 0 0.022244494408369064
42 80 0.020840587094426155
42 160 0.022015832364559174
42 240 0.0990215465426445
42 320 0.014494221657514572
42 400 0.01091090589761734
43 0 0.006035462021827698
43 80 0.04026135802268982
43 160 0.02765759639441967
43 240 0.018254566937685013
43 320 0.030709339305758476
43 400 0.010287368670105934
44 0 0.009561385028064251
44 80 0.021985743194818497
44 160 0.015338911674916744
44 240 0.019186852499842644
44 320 0.021800201386213303
44 400 0.013879062607884407
45 0 0.044243402779102325
45 80 0.01752513088285923
45 160 0.026280459016561508
45 240 0.01022353209555149
45 320 0.035902079194784164
45 400 0.03792237862944603
46 0 0.021361209452152252
46 80 0.04113287478685379
46 160 0.014589342288672924
46 240 0.020634880289435387
46 320 0.01735769771039486
46 400 0.018799694254994392
47 0 0.008113066665828228
47 80 0.015133427456021309
47 160 0.009464399889111519
47 240 0.009276138618588448
47 320 0.02435244619846344
47 400 0.022759810090065002
48 0 0.034226059913635254
48 80 0.023234935477375984
48 160 0.01060849241912365
48 240 0.010435118339955807
48 320 0.022510403767228127
48 400 0.018302438780665398
49 0 0.030688311904668808
49 80 0.011708459816873074
49 160 0.022752610966563225
49 240 0.007419017609208822
49 320 0.016358468681573868
49 400 0.024188073351979256
50 0 0.01662580855190754
50 80 0.010838968679308891
50 160 0.024684274569153786
50 240 0.008608819916844368
50 320 0.019140398129820824
50 400 0.006680235732346773
51 0 0.026535639539361
51 80 0.048223286867141724
51 160 0.004499591421335936
51 240 0.016276579350233078
51 320 0.012647357769310474
51 400 0.005826882086694241
52 0 0.005415559746325016
52 80 0.024942846968770027
52 160 0.0195836890488863
52 240 0.006185818929225206
52 320 0.018537113443017006
52 400 0.010757890529930592
53 0 0.009087890386581421
53 80 0.008885451592504978
53 160 0.024068592116236687
53 240 0.011647555977106094
53 320 0.00515991635620594
53 400 0.009699778631329536
54 0 0.010934419929981232
54 80 0.025513596832752228
54 160 0.007393311709165573
54 240 0.018231770023703575
54 320 0.019974295049905777
54 400 0.011231057345867157
55 0 0.007577515672892332
55 80 0.007280692923814058
55 160 0.020129943266510963
55 240 0.00916830264031887
55 320 0.009591935202479362
55 400 0.02228810079395771
56 0 0.007179319858551025
56 80 0.009006521664559841
56 160 0.014190485700964928
56 240 0.016805240884423256
56 320 0.01642989180982113
56 400 0.011578159406781197
57 0 0.01189609244465828
57 80 0.03710624948143959
57 160 0.015280286781489849
57 240 0.009203705005347729
57 320 0.0169852115213871
57 400 0.005251667462289333
58 0 0.030793314799666405
58 80 0.0076406910084187984
58 160 0.012443250976502895
58 240 0.018698934465646744
58 320 0.012265995144844055
58 400 0.02898555062711239
59 0 0.025122690945863724
59 80 0.01298358291387558
59 160 0.02542979270219803
59 240 0.007716033607721329
59 320 0.015342742204666138
59 400 0.026764819398522377
60 0 0.008962688036262989
60 80 0.006188419181853533
60 160 0.010236050933599472
60 240 0.017478667199611664
60 320 0.010711951181292534
60 400 0.01613314263522625
61 0 0.005854589864611626
61 80 0.005494945682585239
61 160 0.031151052564382553
61 240 0.005696329288184643
61 320 0.0136803537607193
61 400 0.012462847866117954
62 0 0.011956651695072651
62 80 0.01328881923109293
62 160 0.037916719913482666
62 240 0.003741511842235923
62 320 0.010229114443063736
62 400 0.005488668102771044
63 0 0.006267936900258064
63 80 0.011587732471525669
63 160 0.03587518632411957
63 240 0.012233573943376541
63 320 0.014296780340373516
63 400 0.008832859806716442
64 0 0.005265215411782265
64 80 0.011524886824190617
64 160 0.015431560575962067
64 240 0.007507883477956057
64 320 0.014182595536112785
64 400 0.018058329820632935
65 0 0.008785676211118698
65 80 0.011551741510629654
65 160 0.020706363022327423
65 240 0.011177986860275269
65 320 0.013567150570452213
65 400 0.00748412637040019
66 0 0.01660587079823017
66 80 0.00729837641119957
66 160 0.015685848891735077
66 240 0.006382477004081011
66 320 0.008974457159638405
66 400 0.018337395042181015
67 0 0.014071407727897167
67 80 0.0052601657807827
67 160 0.009197148494422436
67 240 0.010750582441687584
67 320 0.014846151694655418
67 400 0.009636194445192814
68 0 0.005714756902307272
68 80 0.006190221291035414
68 160 0.010165221057832241
68 240 0.006593525409698486
68 320 0.008339380845427513
68 400 0.009824661538004875
69 0 0.007802106905728579
69 80 0.007019649259746075
69 160 0.001539779594168067
69 240 0.008659673854708672
69 320 0.00850986409932375
69 400 0.007524051237851381
70 0 0.0044433074072003365
70 80 0.008946334943175316
70 160 0.0050426144152879715
70 240 0.006152874790132046
70 320 0.015523687936365604
70 400 0.0027412576600909233
71 0 0.019523654133081436
71 80 0.016464201733469963
71 160 0.005728579591959715
71 240 0.008349874056875706
71 320 0.013734692707657814
71 400 0.013760850764811039
72 0 0.0067109218798577785
72 80 0.024961411952972412
72 160 0.004796884022653103
72 240 0.01615561731159687
72 320 0.012634623795747757
72 400 0.008511226624250412
73 0 0.010950151830911636
73 80 0.006329032592475414
73 160 0.004215063527226448
73 240 0.013065466657280922
73 320 0.005967991892248392
73 400 0.020833469927310944
74 0 0.009265824221074581
74 80 0.006184861529618502
74 160 0.011355485767126083
74 240 0.018498532474040985
74 320 0.022693634033203125
74 400 0.0033970738295465708
75 0 0.00706231314688921
75 80 0.004853113554418087
75 160 0.005695853848010302
75 240 0.00814422219991684
75 320 0.01647583581507206
75 400 0.007667585741728544
76 0 0.004743631463497877
76 80 0.003410394536331296
76 160 0.006256720516830683
76 240 0.005789547692984343
76 320 0.00427490659058094
76 400 0.010717855766415596
77 0 0.012634556740522385
77 80 0.005403540097177029
77 160 0.004958742763847113
77 240 0.018101051449775696
77 320 0.0071470243856310844
77 400 0.013350855559110641
78 0 0.00666558463126421
78 80 0.005559477023780346
78 160 0.004982299637049437
78 240 0.015944674611091614
78 320 0.005266623571515083
78 400 0.0066058337688446045
79 0 0.0037877156864851713
79 80 0.007909790612757206
79 160 0.0051819514483213425
79 240 0.008791170082986355
79 320 0.0072126747108995914
79 400 0.005362843628972769
80 0 0.010540122166275978
80 80 0.003138975240290165
80 160 0.011805442161858082
80 240 0.007284197956323624
80 320 0.0018050632206723094
80 400 0.01445635873824358
81 0 0.006585914175957441
81 80 0.007786143105477095
81 160 0.007251225411891937
81 240 0.0055643352679908276
81 320 0.009202796034514904
81 400 0.015751272439956665
82 0 0.00819789245724678
82 80 0.007399651221930981
82 160 0.0055979532189667225
82 240 0.0039757415652275085
82 320 0.006737784016877413
82 400 0.004096992313861847
83 0 0.00602244446054101
83 80 0.007231050170958042
83 160 0.008418017998337746
83 240 0.010230212472379208
83 320 0.006636149249970913
83 400 0.0055401804856956005
84 0 0.001738948281854391
84 80 0.009652698412537575
84 160 0.006129526067525148
84 240 0.009424594230949879
84 320 0.0067347995936870575
84 400 0.007018241100013256
85 0 0.013164574280381203
85 80 0.009367471560835838
85 160 0.00397878373041749
85 240 0.0064808158203959465
85 320 0.0065275318920612335
85 400 0.007420800626277924
86 0 0.006765706464648247
86 80 0.009549855254590511
86 160 0.006314103025943041
86 240 0.009539928287267685
86 320 0.007516467943787575
86 400 0.005585134029388428
87 0 0.007841775193810463
87 80 0.0029688316863030195
87 160 0.003593743545934558
87 240 0.004706923384219408
87 320 0.007713228464126587
87 400 0.005206609610468149
88 0 0.007233604323118925
88 80 0.009662961587309837
88 160 0.0033395951613783836
88 240 0.008111709728837013
88 320 0.005542499013245106
88 400 0.008344399742782116
89 0 0.004416530951857567
89 80 0.005211920011788607
89 160 0.003560709999874234
89 240 0.007161304820328951
89 320 0.004184386692941189
89 400 0.00620906800031662
90 0 0.00336562586016953
90 80 0.012957505881786346
90 160 0.003669409779831767
90 240 0.0054472400806844234
90 320 0.002931485418230295
90 400 0.00499246409162879
91 0 0.006574867758899927
91 80 0.003482234198600054
91 160 0.00419397559016943
91 240 0.010686379857361317
91 320 0.002860899781808257
91 400 0.012361007742583752
92 0 0.007378697860985994
92 80 0.00836996827274561
92 160 0.005018433090299368
92 240 0.004118791781365871
92 320 0.006835542619228363
92 400 0.006458451971411705
93 0 0.00508414302021265
93 80 0.003830607747659087
93 160 0.003194248303771019
93 240 0.005147521384060383
93 320 0.01246537733823061
93 400 0.005946543533354998
94 0 0.0027232696302235126
94 80 0.00827359315007925
94 160 0.006556130480021238
94 240 0.005673254374414682
94 320 0.009272854775190353
94 400 0.005114239640533924
95 0 0.003423197427764535
95 80 0.008011444471776485
95 160 0.004792637191712856
95 240 0.0066755590960383415
95 320 0.007699862588196993
95 400 0.0037214045878499746
96 0 0.004706336185336113
96 80 0.00873158685863018
96 160 0.0025518001057207584
96 240 0.0020774074364453554
96 320 0.006326860282570124
96 400 0.0035304478369653225
97 0 0.004740301053971052
97 80 0.0013564624823629856
97 160 0.004875958897173405
97 240 0.005121974740177393
97 320 0.003317845519632101
97 400 0.012166227214038372
98 0 0.006570552475750446
98 80 0.010104518383741379
98 160 0.008360356092453003
98 240 0.003608300117775798
98 320 0.004878263920545578
98 400 0.007975597865879536
99 0 0.002502013696357608
99 80 0.001856616116128862
99 160 0.003186712507158518
99 240 0.005866472143679857
99 320 0.009893500246107578
99 400 0.009684504009783268
100 0 0.00617286516353488
100 80 0.005082736723124981
100 160 0.0020787634421139956
100 240 0.004563597962260246
100 320 0.005060771945863962
100 400 0.004202056210488081
101 0 0.006352868862450123
101 80 0.00525724608451128
101 160 0.004253576043993235
101 240 0.008407780900597572
101 320 0.005404917523264885
101 400 0.004087482579052448
102 0 0.0019510593265295029
102 80 0.002925398526713252
102 160 0.005748783703893423
102 240 0.0020153254736214876
102 320 0.0036153350956737995
102 400 0.0046053663827478886
103 0 0.006272542756050825
103 80 0.005141100380569696
103 160 0.004856082610785961
103 240 0.0021965201012790203
103 320 0.007272850722074509
103 400 0.007062277290970087
104 0 0.004436495713889599
104 80 0.00533159077167511
104 160 0.004314982332289219
104 240 0.007900141179561615
104 320 0.003966978285461664
104 400 0.005206418689340353
105 0 0.004867450799793005
105 80 0.003648636629804969
105 160 0.0025175600312650204
105 240 0.003102479502558708
105 320 0.004496648907661438
105 400 0.0044750189408659935
106 0 0.002553247846662998
106 80 0.004384938627481461
106 160 0.005210160277783871
106 240 0.0037527461536228657
106 320 0.0035582873970270157
106 400 0.005556178744882345
107 0 0.0032800508197396994
107 80 0.007994761690497398
107 160 0.008197430521249771
107 240 0.0074685425497591496
107 320 0.006605139933526516
107 400 0.004952292889356613
108 0 0.004551111254841089
108 80 0.0027875835075974464
108 160 0.0011959255207329988
108 240 0.003534879768267274
108 320 0.007176482584327459
108 400 0.00492678489536047
109 0 0.0031768674962222576
109 80 0.004260734189301729
109 160 0.00555712915956974
109 240 0.0035128097515553236
109 320 0.0044744848273694515
109 400 0.003661962691694498
110 0 0.003468036651611328
110 80 0.006897687911987305
110 160 0.006544427014887333
110 240 0.0038277460262179375
110 320 0.0044121891260147095
110 400 0.007846101187169552
111 0 0.0036485318560153246
111 80 0.009473021142184734
111 160 0.004859279841184616
111 240 0.002954268828034401
111 320 0.0035732383839786053
111 400 0.0048188562504947186
112 0 0.003469397546723485
112 80 0.007954739965498447
112 160 0.005929181817919016
112 240 0.0030811657197773457
112 320 0.0032491700258105993
112 400 0.003634920110926032
113 0 0.007236355450004339
113 80 0.00483477720990777
113 160 0.0045524584129452705
113 240 0.0066130454652011395
113 320 0.003475794568657875
113 400 0.0036217914894223213
114 0 0.004845448769629002
114 80 0.003523522522300482
114 160 0.003170407610014081
114 240 0.002569028874859214
114 320 0.0025252243503928185
114 400 0.004752218257635832
115 0 0.003543622326105833
115 80 0.004398555960506201
115 160 0.006381714716553688
115 240 0.005723841022700071
115 320 0.005321763455867767
115 400 0.005389127880334854
116 0 0.006009941920638084
116 80 0.0032319219317287207
116 160 0.007418893743306398
116 240 0.005412617232650518
116 320 0.006855935789644718
116 400 0.0034607476554811
117 0 0.003204797627404332
117 80 0.0028213292825967073
117 160 0.0063295369036495686
117 240 0.001678207190707326
117 320 0.0030826032161712646
117 400 0.003933223430067301
118 0 0.002865525195375085
118 80 0.004275376442819834
118 160 0.002662718528881669
118 240 0.004599272273480892
118 320 0.0030984918121248484
118 400 0.003796240082010627
119 0 0.004854120779782534
119 80 0.0035124255809932947
119 160 0.004964984487742186
119 240 0.0014411424053832889
119 320 0.006882631219923496
119 400 0.004962584935128689
120 0 0.006599067244678736
120 80 0.006494529079645872
120 160 0.004288076423108578
120 240 0.004064255394041538
120 320 0.005170184653252363
120 400 0.0037070224061608315
121 0 0.0020175976678729057
121 80 0.0016472965944558382
121 160 0.0022151656448841095
121 240 0.0036152226384729147
121 320 0.002952484879642725
121 400 0.0038828295655548573
122 0 0.002239089459180832
122 80 0.0045060692355036736
122 160 0.00464870547875762
122 240 0.0036478552501648664
122 320 0.0036707904655486345
122 400 0.0013030748814344406
123 0 0.004297942854464054
123 80 0.007835004478693008
123 160 0.0032228531781584024
123 240 0.00297143729403615
123 320 0.004809824749827385
123 400 0.007396213710308075
124 0 0.0032841309439390898
124 80 0.0052961022593081
124 160 0.005697174929082394
124 240 0.0067228227853775024
124 320 0.01001970935612917
124 400 0.00490458682179451
125 0 0.0022788881324231625
125 80 0.005193554796278477
125 160 0.003146930132061243
125 240 0.0017142852302640676
125 320 0.00499302614480257
125 400 0.005921878851950169
126 0 0.004047795664519072
126 80 0.004585096146911383
126 160 0.003823969978839159
126 240 0.005234385374933481
126 320 0.0028761718422174454
126 400 0.004658143036067486
127 0 0.0067759789526462555
127 80 0.0025463050696998835
127 160 0.005005226004868746
127 240 0.00405309209600091
127 320 0.004892456810921431
127 400 0.003788192756474018
128 0 0.0027422120328992605
128 80 0.003651002421975136
128 160 0.003816609038040042
128 240 0.0028786645270884037
128 320 0.00824042409658432
128 400 0.0046039484441280365
129 0 0.004690384957939386
129 80 0.0031262438278645277
129 160 0.002806921722367406
129 240 0.0047680893912911415
129 320 0.0034047181252390146
129 400 0.0035661582369357347
130 0 0.002596108242869377
130 80 0.0029701227322220802
130 160 0.0027291348669677973
130 240 0.00304667791351676
130 320 0.004476932343095541
130 400 0.003878529416397214
131 0 0.004546661861240864
131 80 0.00416553346440196
131 160 0.0032630383502691984
131 240 0.0059153176844120026
131 320 0.0026798180770128965
131 400 0.0020840291399508715
132 0 0.002596006030216813
132 80 0.0030201030895113945
132 160 0.0041712019592523575
132 240 0.0024187336675822735
132 320 0.0030430476181209087
132 400 0.001974007347598672
133 0 0.0035598152317106724
133 80 0.005627538077533245
133 160 0.0019649681635200977
133 240 0.0015301392413675785
133 320 0.0033989371731877327
133 400 0.006528547499328852
134 0 0.0033456371165812016
134 80 0.0035278256982564926
134 160 0.0014369668206200004
134 240 0.003078826703131199
134 320 0.003944856114685535
134 400 0.0033757691271603107
135 0 0.0038126525469124317
135 80 0.0010198772652074695
135 160 0.0035854808520525694
135 240 0.004283044952899218
135 320 0.0037130697164684534
135 400 0.0020296908915042877
136 0 0.0013708093902096152
136 80 0.0019824355840682983
136 160 0.003826832864433527
136 240 0.0024742025416344404
136 320 0.0031233385670930147
136 400 0.0033891149796545506
137 0 0.0033859340474009514
137 80 0.004782455042004585
137 160 0.005024121608585119
137 240 0.003324876306578517
137 320 0.0026202669832855463
137 400 0.003612914588302374
138 0 0.005164633505046368
138 80 0.005592195317149162
138 160 0.003866990562528372
138 240 0.0026603357400745153
138 320 0.0037303315475583076
138 400 0.005326289217919111
139 0 0.0025510701816529036
139 80 0.002768406178802252
139 160 0.005097595509141684
139 240 0.0021636728197336197
139 320 0.004456437658518553
139 400 0.0028987121768295765
140 0 0.0018546050414443016
140 80 0.00488342484459281
140 160 0.0024731773883104324
140 240 0.002218634122982621
140 320 0.004027006682008505
140 400 0.004063761793076992
141 0 0.00323637411929667
141 80 0.0023974773939698935
141 160 0.002202543430030346
141 240 0.0017694111447781324
141 320 0.0032240855507552624
141 400 0.00569711672142148
142 0 0.0009870731737464666
142 80 0.0029734510462731123
142 160 0.002976059913635254
142 240 0.005521250423043966
142 320 0.0030584088526666164
142 400 0.0027137252036482096
143 0 0.002122329082340002
143 80 0.003965661395341158
143 160 0.002691873349249363
143 240 0.005181590095162392
143 320 0.0028044991195201874
143 400 0.00446558790281415
144 0 0.004030538722872734
144 80 0.003649478778243065
144 160 0.0033444964792579412
144 240 0.004178658593446016
144 320 0.0040305424481630325
144 400 0.0020792882423847914
145 0 0.002162547782063484
145 80 0.0013811358949169517
145 160 0.005343439057469368
145 240 0.0037353062070906162
145 320 0.002915229881182313
145 400 0.0036267878022044897
146 0 0.001972912810742855
146 80 0.003248705994337797
146 160 0.004354863427579403
146 240 0.0031764197628945112
146 320 0.004457228351384401
146 400 0.001156342914327979
147 0 0.0025224045384675264
147 80 0.0057377805933356285
147 160 0.003002963727340102
147 240 0.005286538507789373
147 320 0.0033283994998782873
147 400 0.0019511361606419086
148 0 0.0021062945015728474
148 80 0.0030339693184942007
148 160 0.001088673947378993
148 240 0.0047395313158631325
148 320 0.0018797431839630008
148 400 0.0036656453739851713
149 0 0.0023141310084611177
149 80 0.003367342986166477
149 160 0.0018323826370760798
149 240 0.003824116662144661
149 320 0.0033144259359687567
149 400 0.004079759120941162
150 0 0.003013071371242404
150 80 0.006524404976516962
150 160 0.0029951143078505993
150 240 0.002863471396267414
150 320 0.004161228891462088
150 400 0.0034743596334010363
151 0 0.003198553342372179
151 80 0.0014226804487407207
151 160 0.003304801881313324
151 240 0.004737673792988062
151 320 0.0037068044766783714
151 400 0.003309731837362051
152 0 0.00257250783033669
152 80 0.004322901368141174
152 160 0.00343538005836308
152 240 0.004648570436984301
152 320 0.003280024044215679
152 400 0.002112533198669553
153 0 0.0024802631232887506
153 80 0.002829515840858221
153 160 0.004889240488409996
153 240 0.0012458317214623094
153 320 0.0014070365577936172
153 400 0.001120102358981967
154 0 0.004167948383837938
154 80 0.0010811510728672147
154 160 0.001793100032955408
154 240 0.002324042608961463
154 320 0.0013396802823990583
154 400 0.003090792801231146
155 0 0.0023161640856415033
155 80 0.0021664227824658155
155 160 0.0027726732660084963
155 240 0.0027861627750098705
155 320 0.0030657565221190453
155 400 0.00431155227124691
156 0 0.0024524733889847994
156 80 0.0009197183535434306
156 160 0.0038176197558641434
156 240 0.0047113336622715
156 320 0.0024090937804430723
156 400 0.0026917937211692333
157 0 0.002128439024090767
157 80 0.004868166521191597
157 160 0.0028876368887722492
157 240 0.003729086834937334
157 320 0.004138767719268799
157 400 0.004400923382490873
158 0 0.0037059227470308542
158 80 0.004042012616991997
158 160 0.0019153120229020715
158 240 0.002372570103034377
158 320 0.0019227212760597467
158 400 0.0026877436321228743
159 0 0.002680377569049597
159 80 0.0026390308048576117
159 160 0.003098075045272708
159 240 0.002457622205838561
159 320 0.0037257703952491283
159 400 0.006799918599426746
160 0 0.0018541360041126609
160 80 0.002617838326841593
160 160 0.002716405550017953
160 240 0.0016217713709920645
160 320 0.001910992432385683
160 400 0.0048933327198028564
161 0 0.001347548677586019
161 80 0.0048841857351362705
161 160 0.003493787022307515
161 240 0.002704951213672757
161 320 0.002872407203540206
161 400 0.0010450019035488367
162 0 0.0014325398951768875
162 80 0.004085009451955557
162 160 0.0021632807329297066
162 240 0.003779158927500248
162 320 0.00436505489051342
162 400 0.001869111554697156
163 0 0.0037651469465345144
163 80 0.0029986570589244366
163 160 0.004022988490760326
163 240 0.0032737453002482653
163 320 0.0018132708501070738
163 400 0.0017930831527337432
164 0 0.002754743443801999
164 80 0.0036434014327824116
164 160 0.002487574005499482
164 240 0.003063507378101349
164 320 0.002236091997474432
164 400 0.004190934356302023
165 0 0.0018684858223423362
165 80 0.0033627680968493223
165 160 0.004037418402731419
165 240 0.0026617753319442272
165 320 0.003736791666597128
165 400 0.0016640376998111606
166 0 0.0017235029954463243
166 80 0.0031138721387833357
166 160 0.0014598473208025098
166 240 0.003197267884388566
166 320 0.003497490892186761
166 400 0.002251372206956148
167 0 0.001838065916672349
167 80 0.002443001139909029
167 160 0.002428564941510558
167 240 0.004806837532669306
167 320 0.0016632628394290805
167 400 0.0029509165324270725
168 0 0.002000176813453436
168 80 0.0026878586504608393
168 160 0.0031753878574818373
168 240 0.0017302088672295213
168 320 0.0018904494354501367
168 400 0.004490442108362913
169 0 0.0017462249379605055
169 80 0.0016075132880359888
169 160 0.002239779569208622
169 240 0.0017186850309371948
169 320 0.0033271817956119776
169 400 0.002952762646600604
170 0 0.0011024128179997206
170 80 0.0017605189932510257
170 160 0.0014492545742541552
170 240 0.0008045440772548318
170 320 0.0027010710909962654
170 400 0.0024029721971601248
171 0 0.0022546141408383846
171 80 0.0016934534069150686
171 160 0.001876718713901937
171 240 0.0015121534233912826
171 320 0.0027296768967062235
171 400 0.003336345311254263
172 0 0.002765812911093235
172 80 0.002489191945642233
172 160 0.002792698098346591
172 240 0.0052968524396419525
172 320 0.0030622733756899834
172 400 0.001398904132656753
173 0 0.0013290921924635768
173 80 0.0019168445141986012
173 160 0.002591958735138178
173 240 0.0021738314535468817
173 320 0.0021439106203615665
173 400 0.0019876183941960335
174 0 0.002308814786374569
174 80 0.0017450820887461305
174 160 0.002763621974736452
174 240 0.002116893883794546
174 320 0.0029297005385160446
174 400 0.006725479383021593
175 0 0.0013052497524768114
175 80 0.0020526661537587643
175 160 0.003601927775889635
175 240 0.0036963550373911858
175 320 0.001781812054105103
175 400 0.002738717244938016
176 0 0.0025015100836753845
176 80 0.00425399374216795
176 160 0.004286046605557203
176 240 0.0027696879114955664
176 320 0.004611451644450426
176 400 0.0009393132058903575
177 0 0.0024275132454931736
177 80 0.0017672934336587787
177 160 0.002235780004411936
177 240 0.0019870123360306025
177 320 0.0020069272723048925
177 400 0.0015320228412747383
178 0 0.002159325173124671
178 80 0.0018731101881712675
178 160 0.003035683883354068
178 240 0.0020589756313711405
178 320 0.0016705127200111747
178 400 0.004124671220779419
179 0 0.0023977849632501602
179 80 0.0012982573825865984
179 160 0.0029403616208583117
179 240 0.002400750759989023
179 320 0.0027388513553887606
179 400 0.0036793414037674665
180 0 0.0026567401364445686
180 80 0.004953008145093918
180 160 0.002466716105118394
180 240 0.0005985822062939405
180 320 0.0013782348250970244
180 400 0.002548858756199479
181 0 0.0018662534421309829
181 80 0.001959857763722539
181 160 0.0017561506247147918
181 240 0.0026005860418081284
181 320 0.0018106894567608833
181 400 0.0014725258806720376
182 0 0.0023485664278268814
182 80 0.003225230611860752
182 160 0.0021964064799249172
182 240 0.0018919763388112187
182 320 0.00245905970223248
182 400 0.0018197963945567608
183 0 0.0029201097786426544
183 80 0.001141721266321838
183 160 0.003312542103230953
183 240 0.0037397369742393494
183 320 0.0025107592809945345
183 400 0.002256000181660056
184 0 0.0021019235718995333
184 80 0.0035085310228168964
184 160 0.003974806983023882
184 240 0.001892601023428142
184 320 0.0022756275720894337
184 400 0.002889991970732808
185 0 0.0019101746147498488
185 80 0.003538815537467599
185 160 0.0027402443811297417
185 240 0.0020109976176172495
185 320 0.0013514852616935968
185 400 0.0024797869846224785
186 0 0.0033960521686822176
186 80 0.004513880703598261
186 160 0.001977615524083376
186 240 0.002590181538835168
186 320 0.0038085232954472303
186 400 0.0028328995686024427
187 0 0.002085760235786438
187 80 0.0014470057794824243
187 160 0.0021882778964936733
187 240 0.0021416752133518457
187 320 0.0023012610618025064
187 400 0.0024507916532456875
188 0 0.0018353003542870283
188 80 0.002786469180136919
188 160 0.0013602521503344178
188 240 0.0018658905755728483
188 320 0.003102116519585252
188 400 0.0028992637526243925
189 0 0.0023559064138680696
189 80 0.0019118902273476124
189 160 0.0017494885250926018
189 240 0.0023848172277212143
189 320 0.004097371827811003
189 400 0.0018137682927772403
190 0 0.0019009357783943415
190 80 0.003169386414811015
190 160 0.003429556032642722
190 240 0.0021522517781704664
190 320 0.0028922546189278364
190 400 0.0015337321674451232
191 0 0.0023782323114573956
191 80 0.002070252550765872
191 160 0.0014799112686887383
191 240 0.0006874745013192296
191 320 0.002244227332994342
191 400 0.0020493008196353912
192 0 0.000757161877118051
192 80 0.0028927663806825876
192 160 0.0014985299203544855
192 240 0.0017488535959273577
192 320 0.001998815918341279
192 400 0.002800192218273878
193 0 0.0014679915038868785
193 80 0.0025286655873060226
193 160 0.002462950302287936
193 240 0.0011661071330308914
193 320 0.0016326053300872445
193 400 0.002291013952344656
194 0 0.0019203402334824204
194 80 0.0023926342837512493
194 160 0.001681502559222281
194 240 0.003314804984256625
194 320 0.0024910406209528446
194 400 0.002659436082467437
195 0 0.0024961892049759626
195 80 0.0039476971141994
195 160 0.002588973380625248
195 240 0.0010567301651462913
195 320 0.0028139862697571516
195 400 0.001515737152658403
196 0 0.0003840586286969483
196 80 0.0026634426321834326
196 160 0.0016340224537998438
196 240 0.0032384246587753296
196 320 0.002559992950409651
196 400 0.002003244124352932
197 0 0.0024858377873897552
197 80 0.0011439258232712746
197 160 0.0005834229523316026
197 240 0.0022885091602802277
197 320 0.0010159583762288094
197 400 0.0018646662356331944
198 0 0.001877614646218717
198 80 0.0017367046093568206
198 160 0.0020339167676866055
198 240 0.0017243747133761644
198 320 0.002239945810288191
198 400 0.003340803785249591
199 0 0.001346574048511684
199 80 0.0015059324214234948
199 160 0.0012647077674046159
199 240 0.0032609645277261734
199 320 0.001830281806178391
199 400 0.0017085712170228362
200 0 0.0019164171535521746
200 80 0.0015990380197763443
200 160 0.001262468402273953
200 240 0.0035718942526727915
200 320 0.001992591889575124
200 400 0.0021598138846457005
201 0 0.001679414534009993
201 80 0.0017508083255961537
201 160 0.0010663102148100734
201 240 0.004117269534617662
201 320 0.0027369342278689146
201 400 0.00175557064358145
202 0 0.0022795256227254868
202 80 0.0031713098287582397
202 160 0.0022548853885382414
202 240 0.0017479839734733105
202 320 0.0018523046746850014
202 400 0.002444602083414793
203 0 0.0009916244307532907
203 80 0.0020332217682152987
203 160 0.0016720243729650974
203 240 0.0015424091834574938
203 320 0.001856092712841928
203 400 0.001580648822709918
204 0 0.0017953549977391958
204 80 0.0031282128766179085
204 160 0.002052763942629099
204 240 0.0024776647333055735
204 320 0.0018267584964632988
204 400 0.0010029110126197338
205 0 0.0028378393035382032
205 80 0.0013752082595601678
205 160 0.0031351277139037848
205 240 0.002430624794214964
205 320 0.002596295205876231
205 400 0.0009011795045807958
206 0 0.0013557681813836098
206 80 0.0032422312069684267
206 160 0.0009182725916616619
206 240 0.0032187665347009897
206 320 0.0006891930825076997
206 400 0.0006187005783431232
207 0 0.001837460556998849
207 80 0.0009774095378816128
207 160 0.0017896241042762995
207 240 0.0015259840292856097
207 320 0.0019429554231464863
207 400 0.0021603647619485855
208 0 0.0015834097284823656
208 80 0.0025218920782208443
208 160 0.002387514105066657
208 240 0.003011456923559308
208 320 0.0012105318019166589
208 400 0.0017749196849763393
209 0 0.002814542967826128
209 80 0.0016902309143915772
209 160 0.0007080905488692224
209 240 0.0018829728942364454
209 320 0.001221698708832264
209 400 0.0017654511611908674
210 0 0.0015171761624515057
210 80 0.0032746042124927044
210 160 0.0015603178180754185
210 240 0.0006425754399970174
210 320 0.001521431258879602
210 400 0.0022603594698011875
211 0 0.0010425193468108773
211 80 0.004347172100096941
211 160 0.0007926865946501493
211 240 0.0016957626212388277
211 320 0.0014364428352564573
211 400 0.001093085389584303
212 0 0.0012605717638507485
212 80 0.0029052896425127983
212 160 0.001086430624127388
212 240 0.002083662198856473
212 320 0.0011985645396634936
212 400 0.0018049515783786774
213 0 0.0018837980460375547
213 80 0.001843166770413518
213 160 0.0014108311152085662
213 240 0.0023164707235991955
213 320 0.001727067632600665
213 400 0.0026089271996170282
214 0 0.0011004831176251173
214 80 0.0015264626126736403
214 160 0.002015421399846673
214 240 0.0029162983410060406
214 320 0.0016804126789793372
214 400 0.0018355980282649398
215 0 0.0027797273360192776
215 80 0.0021636278834193945
215 160 0.002516450360417366
215 240 0.0019395322306081653
215 320 0.0009425087482668459
215 400 0.0009681485826149583
216 0 0.00072434451431036
216 80 0.003572968766093254
216 160 0.0012682313099503517
216 240 0.0019437945447862148
216 320 0.001481393352150917
216 400 0.003060923656448722
217 0 0.001993337646126747
217 80 0.001866516307927668
217 160 0.002526921685785055
217 240 0.0017476928187534213
217 320 0.0018560243770480156
217 400 0.002715871436521411
218 0 0.001608842401765287
218 80 0.001118620508350432
218 160 0.001934244530275464
218 240 0.002056094352155924
218 320 0.0022708531469106674
218 400 0.002640774007886648
219 0 0.0020992057397961617
219 80 0.0018118114676326513
219 160 0.003503452055156231
219 240 0.003209064481779933
219 320 0.0007485166424885392
219 400 0.002502929652109742
220 0 0.0019207311561331153
220 80 0.0019108252599835396
220 160 0.0015817502280697227
220 240 0.001940966467373073
220 320 0.0016250589396804571
220 400 0.0014836657792329788
221 0 0.0017326197121292353
221 80 0.001954852370545268
221 160 0.001965387724339962
221 240 0.0012053173268213868
221 320 0.002815218875184655
221 400 0.003091485006734729
222 0 0.002581903478130698
222 80 0.0022747258190065622
222 160 0.003008609637618065
222 240 0.0026745328214019537
222 320 0.0021852192003279924
222 400 0.0017482568509876728
223 0 0.0025978225748986006
223 80 0.0035413585137575865
223 160 0.0009817591635510325
223 240 0.0024331023450940847
223 320 0.0018641864880919456
223 400 0.002501345006749034
224 0 0.0014857328496873379
224 80 0.0018111811950802803
224 160 0.002090467605739832
224 240 0.0027679873164743185
224 320 0.0016136422054842114
224 400 0.0025760740973055363
225 0 0.0018936099950224161
225 80 0.0026683101896196604
225 160 0.0026412976440042257
225 240 0.002555124694481492
225 320 0.0013033883878961205
225 400 0.0017969058826565742
226 0 0.001333857188001275
226 80 0.002583984285593033
226 160 0.0014923668932169676
226 240 0.0010930134449154139
226 320 0.0012926609488204122
226 400 0.0027797864750027657
227 0 0.002691600937396288
227 80 0.001429417752660811
227 160 0.0014883029507473111
227 240 0.0016549319261685014
227 320 0.002084719482809305
227 400 0.0014903637347742915
228 0 0.0023893534671515226
228 80 0.0010960372164845467
228 160 0.002065459033474326
228 240 0.0024145704228430986
228 320 0.0015364019200205803
228 400 0.0012189222034066916
229 0 0.0019701931159943342
229 80 0.0009311474859714508
229 160 0.0015212118159979582
229 240 0.0010172238107770681
229 320 0.0014727696543559432
229 400 0.0022308758925646544
230 0 0.0021899929270148277
230 80 0.002472675871104002
230 160 0.001904951874166727
230 240 0.001431708107702434
230 320 0.0011530726915225387
230 400 0.001967594726011157
231 0 0.0010048289550468326
231 80 0.002119546290487051
231 160 0.0017932269256561995
231 240 0.0008694925927557051
231 320 0.0010959225473925471
231 400 0.002003734465688467
232 0 0.0014989840565249324
232 80 0.00194581039249897
232 160 0.0014496170915663242
232 240 0.0012758359080180526
232 320 0.00197496241889894
232 400 0.0026677055284380913
233 0 0.00175855727866292
233 80 0.002529636025428772
233 160 0.002092201728373766
233 240 0.0009255827171728015
233 320 0.001792725408449769
233 400 0.003437547478824854
234 0 0.0019424267811700702
234 80 0.0018607109086588025
234 160 0.0013329068897292018
234 240 0.002911012852564454
234 320 0.0013388023944571614
234 400 0.0018476768163964152
235 0 0.0013512352015823126
235 80 0.0014054679777473211
235 160 0.002031629206612706
235 240 0.0009922935860231519
235 320 0.0014817259507253766
235 400 0.0020172332879155874
236 0 0.0023394108284264803
236 80 0.001353187020868063
236 160 0.0023882482200860977
236 240 0.0007260700222104788
236 320 0.0014886014396324754
236 400 0.001168991206213832
237 0 0.002466050209477544
237 80 0.0017511302139610052
237 160 0.0007680546259507537
237 240 0.0019018109887838364
237 320 0.0017560349078848958
237 400 0.0017864060355350375
238 0 0.001437564380466938
238 80 0.00189923495054245
238 160 0.001384260249324143
238 240 0.001586916740052402
238 320 0.0018513438990339637
238 400 0.0016363111790269613
239 0 0.0008193427347578108
239 80 0.0025467323139309883
239 160 0.002960014156997204
239 240 0.00217009917832911
239 320 0.0024982490576803684
239 400 0.001114965882152319
240 0 0.0017321204068139195
240 80 0.0020160027779638767
240 160 0.0012626885436475277
240 240 0.0014087507734075189
240 320 0.0015600384213030338
240 400 0.0016927984543144703
241 0 0.002329519484192133
241 80 0.002218156587332487
241 160 0.0027464276645332575
241 240 0.002159008290618658
241 320 0.0019837773870676756
241 400 0.002319201361387968
242 0 0.003464051289483905
242 80 0.0009617095347493887
242 160 0.0022242742124944925
242 240 0.0011306802043691278
242 320 0.0017074138158932328
242 400 0.001691713579930365
243 0 0.0015382313868030906
243 80 0.0015793627826496959
243 160 0.0033056288957595825
243 240 0.0009989594109356403
243 320 0.0023429712746292353
243 400 0.00232106470502913
244 0 0.0018631615675985813
244 80 0.002418976742774248
244 160 0.002759656636044383
244 240 0.0018504816107451916
244 320 0.0013451343402266502
244 400 0.0018769757589325309
245 0 0.0015762783586978912
245 80 0.001328052137978375
245 160 0.0020326992962509394
245 240 0.0016063001239672303
245 320 0.0014170953072607517
245 400 0.0010151906171813607
246 0 0.0009374460205435753
246 80 0.0013517800252884626
246 160 0.0016637020744383335
246 240 0.0014813373563811183
246 320 0.0026004884857684374
246 400 0.002087024040520191
247 0 0.0012896591797471046
247 80 0.0006883805035613477
247 160 0.0016441555926576257
247 240 0.0003749342286027968
247 320 0.001218436867929995
247 400 0.0022239822428673506
248 0 0.0018673206213861704
248 80 0.0010639667743816972
248 160 0.001293106353841722
248 240 0.0017370437271893024
248 320 0.0014425680274143815
248 400 0.0017489666352048516
249 0 0.0014296050649136305
249 80 0.0016774173127487302
249 160 0.0010740670841187239
249 240 0.0020588471088558435
249 320 0.0010552024468779564
249 400 0.0019781580194830894
250 0 0.00218870653770864
250 80 0.001391603727824986
250 160 0.0012466043699532747
250 240 0.0018142934422940016
250 320 0.0017141236457973719
250 400 0.001677419524639845
251 0 0.0012592935236170888
251 80 0.002273001242429018
251 160 0.0015503959730267525
251 240 0.0013733489904552698
251 320 0.0009561169426888227
251 400 0.0025874159764498472
252 0 0.0008725758525542915
252 80 0.0015457246918231249
252 160 0.0007688523037359118
252 240 0.0008175051189027727
