1 0.46669574067600245 0.8661166666666666
2 0.25614846432641114 0.9274166666666667
3 0.21230823321065415 0.9400666666666667
4 0.18544102849355384 0.94875
5 0.1658681902422834 0.9543166666666667
6 0.15092693107214564 0.9583333333333334
7 0.138777341892216 0.9624
8 0.12859896090683906 0.9650166666666666
9 0.12011277682777406 0.9680666666666666
10 0.11263193815215819 0.97015
11 0.10625430017805049 0.9716833333333333
12 0.1005005415108031 0.9735166666666667
13 0.09532866704025503 0.97515
14 0.09062157773863533 0.9764666666666667
15 0.08641256279806529 0.97705
16 0.08258808995170125 0.97875
17 0.07902897842752654 0.97975
18 0.0757060793282063 0.9803
19 0.07277210569505625 0.9815
20 0.06995772359483658 0.9822333333333333
21 0.06730035038541819 0.98295
22 0.06475116932061689 0.9835833333333334
23 0.06238050207591006 0.9843
24 0.060252336421802735 0.98485
25 0.05825486744263533 0.9854
26 0.05625594284798481 0.9859833333333333
27 0.05445256439059464 0.98635
28 0.05273508758091532 0.98715
29 0.05101421505395474 0.9875166666666667
30 0.049526280679825396 0.9880666666666666
31 0.04800410416207588 0.9882333333333333
32 0.0466004182824861 0.98905
33 0.045175655443133955 0.9893166666666666
34 0.043872034719297244 0.9897333333333334
35 0.04262742786201587 0.9900666666666667
36 0.041436329158320864 0.9905
37 0.040343992606695016 0.9905666666666667
38 0.039210058025904555 0.991
39 0.03820134488655242 0.99145
40 0.037182890829930045 0.9920333333333333
41 0.036151408000406365 0.9922
42 0.03522299089010304 0.99255
43 0.03433441738091679 0.9928833333333333
44 0.03347999272125362 0.99305
45 0.032613945171745345 0.9933333333333333
46 0.03182021376968765 0.9933
47 0.031041396065934826 0.9936333333333334
48 0.03032398838470422 0.9941833333333333
49 0.02962415443479157 0.9941833333333333
50 0.02884782669144367 0.9943833333333333
51 0.028172968068658544 0.9947
52 0.027537089881739384 0.9949333333333333
53 0.02692121417839517 0.9949666666666667
54 0.02635438524103209 0.9952333333333333
55 0.025729694126694125 0.9954333333333333
56 0.025171793912892846 0.9957833333333334
57 0.024582417907197274 0.99565
58 0.02403076321605458 0.9960166666666667
59 0.0235767733436753 0.9962333333333333
60 0.022969833003289537 0.99645
61 0.0225140983357962 0.9965
62 0.022081902234761447 0.9965333333333334
63 0.02161315281136728 0.9967333333333334
64 0.021157437138187924 0.9968666666666667
65 0.02072122465096303 0.9970333333333333
66 0.020321900744848985 0.9971833333333333
67 0.019884471542267468 0.99735
68 0.019488674877429887 0.9974333333333333
69 0.019114381390443042 0.99745
70 0.01873876152734862 0.9976
71 0.018358978628516515 0.9977166666666667
72 0.018005447474115692 0.9977666666666667
73 0.017701304237693866 0.9978
74 0.01735823482636418 0.9978833333333333
75 0.01701311918217808 0.9979833333333333
76 0.016702764710760924 0.99805
77 0.016407674893852014 0.9981
78 0.016143441337770396 0.99815
79 0.015824434551487822 0.9983833333333333
80 0.015529606693378611 0.9983666666666666
81 0.01526699344645431 0.9984
82 0.014976080613774754 0.9985
83 0.014754341742488493 0.9985833333333334
84 0.014495664729929364 0.99865
85 0.014269269493990329 0.9987166666666667
86 0.013990386550042675 0.9988166666666667
87 0.013795922603160302 0.99885
88 0.01351593696186617 0.9989666666666667
89 0.013314188515612566 0.9990166666666667
90 0.013085489421943897 0.9989333333333333
91 0.012897719527338581 0.99905
92 0.012684304967645738 0.9990333333333333
93 0.012478978152938885 0.99915
94 0.0122756787679041 0.99915
95 0.012099815577244771 0.9991666666666666
96 0.011898831087551805 0.9991833333333333
97 0.011715988885722499 0.9992333333333333
98 0.011529445399476616 0.99925
99 0.011362355389594556 0.9992833333333333
100 0.011183111268633814 0.99935
101 0.011024544423600948 0.99935
102 0.010858839033231107 0.9994
103 0.010689723039312022 0.9994
104 0.010557503156514882 0.9993666666666666
105 0.010391585391584728 0.9994
106 0.010250755616012953 0.9994833333333333
107 0.010099636973626515 0.9994333333333333
108 0.009945477742249015 0.9994833333333333
109 0.009825493033820474 0.9994333333333333
110 0.009670461545875078 0.9995
111 0.009550317876668437 0.9995166666666667
112 0.00941713931146207 0.9995166666666667
113 0.00928548167147902 0.99955
114 0.009162131450704929 0.9996
115 0.009039721996791518 0.9995833333333334
116 0.008932947895046808 0.9996166666666667
117 0.00880412586670774 0.9996166666666667
118 0.008698535888497509 0.9996166666666667
119 0.008583011796205506 0.99965
120 0.008467059936185779 0.99965
121 0.008360835614113776 0.99965
122 0.008261814638019116 0.9996833333333334
123 0.00815519119309051 0.9997
124 0.008047794438660272 0.9997166666666667
125 0.007958345362163985 0.9997
126 0.007859113377961777 0.9996833333333334
127 0.007746963039177583 0.9997666666666667
128 0.007673820773107824 0.9996833333333334
129 0.0075678434709448425 0.9997666666666667
130 0.007470504097046771 0.99975
131 0.0073949359312677375 0.9997833333333334
132 0.007313543544418967 0.9998
133 0.007221446679120681 0.9997833333333334
134 0.007132828240590626 0.99975
135 0.007053855083275166 0.9997833333333334
136 0.006975461297960423 0.9997833333333334
137 0.006897167765350739 0.9997833333333334
138 0.00682033558931154 0.9998
139 0.006747021992653131 0.99985
140 0.0066709030659865345 0.99985
141 0.00658872003144801 0.9998833333333333
142 0.00652077697045696 0.9998666666666667
143 0.006449160585825298 0.9998833333333333
144 0.006386739483325562 0.9998666666666667
145 0.006311606332190089 0.9998666666666667
146 0.0062449703761028935 0.9998833333333333
147 0.00618964603601663 0.9998833333333333
148 0.006118684153962157 0.9999
149 0.006055087657091317 0.9999
150 0.0059968639318563185 0.9999166666666667
151 0.0059309679469260485 0.9999333333333333
152 0.005871577294362681 0.9999166666666667
153 0.0058090344311169054 0.9999166666666667
154 0.005749044828797017 0.9999333333333333
155 0.00569590256323041 0.9999333333333333
156 0.005629438386514171 0.9999333333333333
157 0.005582111281231602 0.9999333333333333
158 0.0055289573318112505 0.99995
159 0.005470746801967528 0.9999333333333333
160 0.005421174193438547 0.99995
161 0.005370470856292558 0.99995
162 0.005322551003534164 0.99995
163 0.005268486559704772 0.99995
164 0.0052165454710279705 0.9999333333333333
165 0.005167556893594785 0.99995
166 0.005119211305536504 0.99995
167 0.005069158800534094 0.99995
168 0.005026065053414307 0.9999666666666667
169 0.004982890475214695 0.9999666666666667
170 0.00493541798879033 0.9999666666666667
171 0.004887223460657923 0.99995
172 0.004850663554503211 0.99995
173 0.00480558328019745 0.99995
174 0.004760571450530204 0.9999666666666667
175 0.00472100566762851 0.9999666666666667
176 0.004680622852832349 0.9999666666666667
177 0.004643888575886723 0.99995
178 0.00459900130875218 0.9999666666666667
179 0.004562968652926758 0.9999666666666667
180 0.00452973921214844 0.99995
181 0.00448862881760107 0.99995
182 0.004451623608815922 0.9999666666666667
183 0.004411730903393424 0.9999666666666667
184 0.0043792414135420754 0.9999666666666667
185 0.004336476765835145 0.9999666666666667
186 0.004305008139068098 0.9999833333333333
187 0.004266255427830056 0.9999666666666667
188 0.004232927684241266 0.9999666666666667
189 0.004197195650133958 0.9999833333333333
190 0.004173944705475702 0.9999833333333333
191 0.004139125245367127 0.9999833333333333
192 0.004106418429953314 0.9999666666666667
193 0.004075111257461414 0.9999833333333333
194 0.004040672259875881 0.9999833333333333
195 0.004008204252622934 0.9999833333333333
196 0.0039802365707976226 0.9999833333333333
197 0.003945368341605133 0.9999833333333333
198 0.003921907176566459 0.9999833333333333
199 0.0038890471573480205 0.9999833333333333
200 0.00386526814670856 0.9999833333333333
201 0.003833637279924998 0.9999833333333333
202 0.0038045771824104634 0.9999833333333333
203 0.003775197601785808 1.0
204 0.0037463428039324165 0.9999833333333333
205 0.003720734330978411 0.9999833333333333
206 0.0036969908862126504 1.0
207 0.0036631522568385563 1.0
208 0.003643537601600014 1.0
209 0.003617554871382307 1.0
210 0.0035851770346221733 0.9999833333333333
211 0.003562580423751302 1.0
212 0.0035397458520195664 1.0
213 0.003511443779096881 1.0
214 0.0034900877728009784 1.0
215 0.003468428854210012 1.0
216 0.003440408682478453 0.9999833333333333
217 0.003416911317363207 1.0
218 0.0034004397152154558 1.0
219 0.0033718808581417146 1.0
220 0.0033490493771250744 1.0
221 0.003327232178996629 1.0
222 0.0033039320421629527 1.0
223 0.0032854499711122897 1.0
224 0.0032661152633228726 1.0
225 0.003243712603729139 1.0
226 0.0032220172568230327 1.0
227 0.0032020073374365962 1.0
228 0.003177008092917724 1.0
229 0.0031609418625726917 1.0
230 0.0031408437359919236 1.0
231 0.00311829276973191 1.0
232 0.0030996767501942496 1.0
233 0.003080900589466842 1.0
234 0.00305901130952779 1.0
235 0.0030401308074105046 1.0
236 0.003022816805005161 1.0
237 0.003003858269126748 1.0
238 0.002986950312814574 1.0
239 0.0029674076557363958 1.0
240 0.002951956538261095 1.0
241 0.002932624229520901 1.0
242 0.0029109159495923787 1.0
243 0.0028972793962490726 1.0
244 0.002879229356854487 1.0
245 0.002861863226323986 1.0
246 0.002841366817981108 1.0
247 0.0028286551929333176 1.0
248 0.0028128822338826923 1.0
249 0.00279781425251131 1.0
250 0.00277863721463031 1.0
251 0.0027644581364731848 1.0
252 0.002750132638248188 1.0
253 0.0027333994406952594 1.0
254 0.0027147025462668905 1.0
255 0.002702487364554329 1.0
256 0.002687887975827916 1.0
257 0.0026710083078804498 1.0
258 0.002654198568432467 1.0
259 0.0026405106854887166 1.0
260 0.002628300187941482 1.0
261 0.002613599821582619 1.0
262 0.002599718055374094 1.0
263 0.0025823090879766863 1.0
264 0.002569712107322975 1.0
265 0.0025560448046968278 1.0
266 0.002542952189657853 1.0
267 0.0025275129876878937 1.0
268 0.0025160576823526925 1.0
269 0.0025005364868251768 1.0
270 0.002489417372618927 1.0
271 0.0024754238634634375 1.0
272 0.0024617174742068214 1.0
273 0.00244828329127687 1.0
274 0.00243723945496584 1.0
275 0.0024232945020453557 1.0
276 0.0024118280610509477 1.0
277 0.002396135285411324 1.0
278 0.0023863427455165682 1.0
279 0.0023764063727541537 1.0
280 0.00236185779286199 1.0
281 0.0023500979302137266 1.0
282 0.002339487513172319 1.0
283 0.002325121481378656 1.0
284 0.0023154851169819865 1.0
285 0.0023029260224412514 1.0
286 0.00229174860351995 1.0
287 0.002283300116245172 1.0
288 0.0022693074550102356 1.0
289 0.002257953315396418 1.0
290 0.0022493854743678736 1.0
291 0.002237685830089083 1.0
292 0.00222464607387378 1.0
293 0.002215721785077956 1.0
294 0.0022048420134508835 1.0
295 0.002193581030420117 1.0
296 0.0021819737667877126 1.0
297 0.002172430582679133 1.0
298 0.002162921140645581 1.0
299 0.002151940640971573 1.0
300 0.0021409953636964208 1.0
9999 0.002114226808771491 1.0
