1 0 3.162572145462036
1 80 0.6653618216514587
1 160 0.4683760404586792
1 240 0.3790051341056824
1 320 0.2407802790403366
1 400 0.27877143025398254
2 0 0.2539794147014618
2 80 0.15878278017044067
2 160 0.3023144602775574
2 240 0.27855223417282104
2 320 0.17743869125843048
2 400 0.3164821267127991
3 0 0.2122986912727356
3 80 0.3431912660598755
3 160 0.13793861865997314
3 240 0.177088662981987
3 320 0.2060527354478836
3 400 0.26757752895355225
4 0 0.15740077197551727
4 80 0.20955835282802582
4 160 0.1760861873626709
4 240 0.22060716152191162
4 320 0.13988155126571655
4 400 0.14014895260334015
5 0 0.2068714201450348
5 80 0.17150260508060455
5 160 0.15403616428375244
5 240 0.1484009325504303
5 320 0.18022841215133667
5 400 0.1574186384677887
6 0 0.08753962069749832
6 80 0.11177349090576172
6 160 0.07176459580659866
6 240 0.17082579433918
6 320 0.1629791259765625
6 400 0.14119507372379303
7 0 0.17178815603256226
7 80 0.16231130063533783
7 160 0.15756084024906158
7 240 0.2037699818611145
7 320 0.1250782161951065
7 400 0.11086117476224899
8 0 0.10133448988199234
8 80 0.10940512269735336
8 160 0.17831853032112122
8 240 0.19064657390117645
8 320 0.13576334714889526
8 400 0.12312085926532745
9 0 0.13726875185966492
9 80 0.12641142308712006
9 160 0.10841280221939087
9 240 0.10313773155212402
9 320 0.22518962621688843
9 400 0.10867100954055786
10 0 0.0929054394364357
10 80 0.11919236183166504
10 160 0.0978870838880539
10 240 0.11553050577640533
10 320 0.1356775313615799
10 400 0.18365244567394257
11 0 0.2151002734899521
11 80 0.16325689852237701
11 160 0.16650275886058807
11 240 0.13068510591983795
11 320 0.12854619324207306
11 400 0.06836597621440887
12 0 0.11984090507030487
12 80 0.04143945872783661
12 160 0.0930422767996788
12 240 0.0980205237865448
12 320 0.11241406947374344
12 400 0.07782765477895737
13 0 0.04815579578280449
13 80 0.03912760689854622
13 160 0.08396200835704803
13 240 0.06731656938791275
13 320 0.0587032251060009
13 400 0.05883682146668434
14 0 0.0574740506708622
14 80 0.13779208064079285
14 160 0.08292102068662643
14 240 0.046645231544971466
14 320 0.16315007209777832
14 400 0.04645552486181259
15 0 0.08512438088655472
15 80 0.07589837163686752
15 160 0.03285447880625725
15 240 0.0837147980928421
15 320 0.1188240647315979
15 400 0.07364273816347122
16 0 0.038332175463438034
16 80 0.044193148612976074
16 160 0.12528841197490692
16 240 0.07600273936986923
16 320 0.049683600664138794
16 400 0.0727810263633728
17 0 0.09547547250986099
17 80 0.051189761608839035
17 160 0.05450534448027611
17 240 0.05022639036178589
17 320 0.09744435548782349
17 400 0.1054796651005745
18 0 0.05020763352513313
18 80 0.09559855610132217
18 160 0.08727367222309113
18 240 0.06762351095676422
18 320 0.08203277736902237
18 400 0.05567850172519684
19 0 0.0732618197798729
19 80 0.10476073622703552
19 160 0.10913632065057755
19 240 0.11466313898563385
19 320 0.04994487017393112
19 400 0.055989090353250504
20 0 0.08334258198738098
20 80 0.06845999509096146
20 160 0.053314391523599625
20 240 0.058316558599472046
20 320 0.06360498815774918
20 400 0.043462254106998444
21 0 0.1387910097837448
21 80 0.07055202126502991
21 160 0.07393641769886017
21 240 0.043895184993743896
21 320 0.0862152948975563
21 400 0.0814501941204071
22 0 0.037562668323516846
22 80 0.03579084575176239
22 160 0.03188999742269516
22 240 0.04370088130235672
22 320 0.033413585275411606
22 400 0.0643925815820694
23 0 0.05206550657749176
23 80 0.07536286115646362
23 160 0.044595636427402496
23 240 0.05303860455751419
23 320 0.06557845324277878
23 400 0.043472714722156525
24 0 0.05761052668094635
24 80 0.029050199314951897
24 160 0.024314483627676964
24 240 0.06604871898889542
24 320 0.06105606257915497
24 400 0.027469497174024582
25 0 0.052125077694654465
25 80 0.07718553394079208
25 160 0.1171877458691597
25 240 0.10343655943870544
25 320 0.06812099367380142
25 400 0.06397219002246857
26 0 0.044057633727788925
26 80 0.02926192432641983
26 160 0.06409577280282974
26 240 0.04760869964957237
26 320 0.05919397994875908
26 400 0.04167383164167404
27 0 0.040679361671209335
27 80 0.05670405924320221
27 160 0.0590599961578846
27 240 0.045505017042160034
27 320 0.039585940539836884
27 400 0.08930016309022903
28 0 0.047416988760232925
28 80 0.09372621774673462
28 160 0.056226570159196854
28 240 0.07445556670427322
28 320 0.06292452663183212
28 400 0.03412603959441185
29 0 0.07632243633270264
29 80 0.06162145361304283
29 160 0.058476462960243225
29 240 0.048884317278862
29 320 0.05963705852627754
29 400 0.04617784917354584
30 0 0.02670717053115368
30 80 0.11265793442726135
30 160 0.031864263117313385
30 240 0.029197877272963524
30 320 0.016382718458771706
30 400 0.13254356384277344
31 0 0.07663153856992722
31 80 0.04164467751979828
31 160 0.027742404490709305
31 240 0.022611040621995926
31 320 0.04028106853365898
31 400 0.08935217559337616
32 0 0.03979308903217316
32 80 0.040544066578149796
32 160 0.07842978090047836
32 240 0.03646388277411461
32 320 0.039730995893478394
32 400 0.05067358538508415
33 0 0.042824532836675644
33 80 0.11531196534633636
33 160 0.0649571642279625
33 240 0.045190561562776566
33 320 0.06897083669900894
33 400 0.057655639946460724
34 0 0.039157066494226456
34 80 0.040924567729234695
34 160 0.09190907329320908
34 240 0.031904563307762146
34 320 0.07822225987911224
34 400 0.02432473562657833
35 0 0.031508270651102066
35 80 0.05112486332654953
35 160 0.027483096346259117
35 240 0.05226936191320419
35 320 0.07646071165800095
35 400 0.036273274570703506
36 0 0.022515272721648216
36 80 0.0560668483376503
36 160 0.047719962894916534
36 240 0.045568905770778656
36 320 0.03823494911193848
36 400 0.05508725345134735
37 0 0.019485166296362877
37 80 0.06586096435785294
37 160 0.06133526191115379
37 240 0.026503626257181168
37 320 0.03989555314183235
37 400 0.027694569900631905
38 0 0.03411378338932991
38 80 0.05628974735736847
38 160 0.0802784115076065
38 240 0.0654301717877388
38 320 0.04668039083480835
38 400 0.02325175330042839
39 0 0.07586467266082764
39 80 0.061916284263134
39 160 0.03192097693681717
39 240 0.057250604033470154
39 320 0.05267912521958351
39 400 0.0372026301920414
40 0 0.06729517132043839
40 80 0.02353035658597946
40 160 0.03143756836652756
40 240 0.017154859378933907
40 320 0.03243746608495712
40 400 0.046710606664419174
41 0 0.06533151865005493
41 80 0.0395188108086586
41 160 0.038431357592344284
41 240 0.04252104461193085
41 320 0.031417034566402435
41 400 0.044172994792461395
42 0 0.03493649140000343
42 80 0.07279381901025772
42 160 0.04296671971678734
42 240 0.06266416609287262
42 320 0.026047278195619583
42 400 0.013212368823587894
43 0 0.036038823425769806
43 80 0.021062113344669342
43 160 0.025722280144691467
43 240 0.01469562016427517
43 320 0.04845845326781273
43 400 0.014806536026299
44 0 0.03731686249375343
44 80 0.06528028845787048
44 160 0.03667077049612999
44 240 0.030079584568738937
44 320 0.02294401079416275
44 400 0.05510256066918373
45 0 0.03517419844865799
45 80 0.02402162365615368
45 160 0.023876553401350975
45 240 0.033982787281274796
45 320 0.03399302810430527
45 400 0.01779651641845703
46 0 0.017903953790664673
46 80 0.014114249497652054
46 160 0.027465663850307465
46 240 0.015220829285681248
46 320 0.05049927160143852
46 400 0.02791508473455906
47 0 0.04739443585276604
47 80 0.01683863066136837
47 160 0.014280746690928936
47 240 0.021513905376195908
47 320 0.022120637819170952
47 400 0.02953057549893856
48 0 0.06392203271389008
48 80 0.03486595302820206
48 160 0.025699421763420105
48 240 0.020318923518061638
48 320 0.02147829346358776
48 400 0.0278372373431921
49 0 0.04143906757235527
49 80 0.05076863244175911
49 160 0.015241023153066635
49 240 0.019305111840367317
49 320 0.017754165455698967
49 400 0.022186240181326866
50 0 0.01397697813808918
50 80 0.026587054133415222
50 160 0.022658279165625572
50 240 0.04275914281606674
50 320 0.07457040995359421
50 400 0.03809140995144844
51 0 0.011941011995077133
51 80 0.01174719724804163
51 160 0.02093595080077648
51 240 0.05495624616742134
51 320 0.008766298182308674
51 400 0.008440189994871616
52 0 0.013645660132169724
52 80 0.06302002817392349
52 160 0.009133999235928059
52 240 0.011330482549965382
52 320 0.03277701884508133
52 400 0.010919985361397266
53 0 0.02364162541925907
53 80 0.044181011617183685
53 160 0.015487434342503548
53 240 0.012662731111049652
53 320 0.03833696246147156
53 400 0.03754255548119545
54 0 0.027083002030849457
54 80 0.03524338826537132
54 160 0.010356267914175987
54 240 0.01327560842037201
54 320 0.04118891432881355
54 400 0.010766762308776379
55 0 0.03189273551106453
55 80 0.013351461850106716
55 160 0.03299449011683464
55 240 0.022324735298752785
55 320 0.024669354781508446
55 400 0.03742456063628197
56 0 0.027486318722367287
56 80 0.01494086254388094
56 160 0.03832736611366272
56 240 0.009031681343913078
56 320 0.020495202392339706
56 400 0.021194251254200935
57 0 0.02458258531987667
57 80 0.008073481731116772
57 160 0.01688622683286667
57 240 0.011509058065712452
57 320 0.017780432477593422
57 400 0.019219646230340004
58 0 0.027242615818977356
58 80 0.02039644680917263
58 160 0.018006328493356705
58 240 0.02170802280306816
58 320 0.033457253128290176
58 400 0.016106149181723595
59 0 0.010733388364315033
59 80 0.013195718638598919
59 160 0.016886506229639053
59 240 0.02767254412174225
59 320 0.01487958338111639
59 400 0.015011095441877842
60 0 0.01509525440633297
60 80 0.01788012683391571
60 160 0.025502264499664307
60 240 0.022408002987504005
60 320 0.017638247460126877
60 400 0.02170354314148426
61 0 0.021506544202566147
61 80 0.007539034355431795
61 160 0.036365680396556854
61 240 0.05383719503879547
61 320 0.01628209464251995
61 400 0.045862581580877304
62 0 0.02894417569041252
62 80 0.022279435768723488
62 160 0.010885222814977169
62 240 0.035727955400943756
62 320 0.022778190672397614
62 400 0.016423773020505905
63 0 0.010824296623468399
63 80 0.02035435661673546
63 160 0.010710885748267174
63 240 0.02109363302588463
63 320 0.01522962749004364
63 400 0.008070947602391243
64 0 0.013535434380173683
64 80 0.04425441473722458
64 160 0.018473239615559578
64 240 0.021567504853010178
64 320 0.021213620901107788
64 400 0.020275242626667023
65 0 0.017108166590332985
65 80 0.02781171351671219
65 160 0.008738448843359947
65 240 0.022066157311201096
65 320 0.011216304264962673
65 400 0.02553766779601574
66 0 0.015269903466105461
66 80 0.01570148579776287
66 160 0.02604106441140175
66 240 0.020180298015475273
66 320 0.02838261052966118
66 400 0.0151438657194376
67 0 0.00803475733846426
67 80 0.0048257457092404366
67 160 0.033002275973558426
67 240 0.008989475667476654
67 320 0.050058308988809586
67 400 0.011165285483002663
68 0 0.011174009181559086
68 80 0.006686340551823378
68 160 0.011241462081670761
68 240 0.008206546306610107
68 320 0.014514494687318802
68 400 0.028005797415971756
69 0 0.009764263406395912
69 80 0.017142537981271744
69 160 0.015653356909751892
69 240 0.016224216669797897
69 320 0.020208289846777916
69 400 0.01336657628417015
70 0 0.01877373643219471
70 80 0.012684112414717674
70 160 0.009082415141165257
70 240 0.009384875185787678
70 320 0.009903103113174438
70 400 0.015002656728029251
71 0 0.017323730513453484
71 80 0.014317653141915798
71 160 0.0441153421998024
71 240 0.024400638416409492
71 320 0.021099891513586044
71 400 0.022223714739084244
72 0 0.011022498831152916
72 80 0.014500375837087631
72 160 0.018881959840655327
72 240 0.02270427718758583
72 320 0.013503667898476124
72 400 0.021783696487545967
73 0 0.015366868115961552
73 80 0.01218427810817957
73 160 0.010637550614774227
73 240 0.029689934104681015
73 320 0.02220350131392479
73 400 0.018679235130548477
74 0 0.018263360485434532
74 80 0.031232517212629318
74 160 0.009921051561832428
74 240 0.00937678012996912
74 320 0.008497555740177631
74 400 0.027493387460708618
75 0 0.01073386985808611
75 80 0.01800801418721676
75 160 0.013420500792562962
75 240 0.010849096812307835
75 320 0.01784815825521946
75 400 0.009633808396756649
76 0 0.01340347807854414
76 80 0.017710721120238304
76 160 0.015539869666099548
76 240 0.007757792714983225
76 320 0.010874563828110695
76 400 0.021143866702914238
77 0 0.017155230045318604
77 80 0.011964538134634495
77 160 0.01159083191305399
77 240 0.02309819869697094
77 320 0.014118412509560585
77 400 0.015913674607872963
78 0 0.0039036076050251722
78 80 0.025758275762200356
78 160 0.016863809898495674
78 240 0.015867989510297775
78 320 0.006839120294898748
78 400 0.015100790187716484
79 0 0.019671984016895294
79 80 0.015617653727531433
79 160 0.01164652407169342
79 240 0.01800980046391487
79 320 0.0121150529012084
79 400 0.013005990535020828
80 0 0.010574426501989365
80 80 0.012615629471838474
80 160 0.0065480731427669525
80 240 0.0220028143376112
80 320 0.012374421581625938
80 400 0.012530776672065258
81 0 0.012163553386926651
81 80 0.016291260719299316
81 160 0.015440107323229313
81 240 0.01781170628964901
81 320 0.011399439536035061
81 400 0.0246500913053751
82 0 0.010787980630993843
82 80 0.012269637547433376
82 160 0.01672395132482052
82 240 0.03198947012424469
82 320 0.013825012370944023
82 400 0.02115495689213276
83 0 0.016153110191226006
83 80 0.02692132443189621
83 160 0.01348063349723816
83 240 0.02083493396639824
83 320 0.008733321912586689
83 400 0.035066157579422
84 0 0.010466638952493668
84 80 0.01171898003667593
84 160 0.022676263004541397
84 240 0.0208567027002573
84 320 0.013170352205634117
84 400 0.011684677563607693
85 0 0.007117807399481535
85 80 0.0050608268938958645
85 160 0.024877239018678665
85 240 0.0063997190445661545
85 320 0.01209318172186613
85 400 0.022944306954741478
86 0 0.011871431954205036
86 80 0.016460681334137917
86 160 0.019941288977861404
86 240 0.03265753388404846
86 320 0.022180747240781784
86 400 0.016650041565299034
87 0 0.009741839952766895
87 80 0.018412668257951736
87 160 0.013783648610115051
87 240 0.008393630385398865
87 320 0.010700156912207603
87 400 0.012873735278844833
88 0 0.013328606262803078
88 80 0.00797050166875124
88 160 0.006906779482960701
88 240 0.011771111749112606
88 320 0.008582308888435364
88 400 0.011380811221897602
89 0 0.015199174173176289
89 80 0.009415236301720142
89 160 0.007845872081816196
89 240 0.009183118119835854
89 320 0.017267141491174698
89 400 0.022400518879294395
90 0 0.008607706986367702
90 80 0.016646018251776695
90 160 0.006242469884455204
90 240 0.015716632828116417
90 320 0.011265694163739681
90 400 0.013021811842918396
91 0 0.01647522859275341
91 80 0.010320302098989487
91 160 0.007288220804184675
91 240 0.004949832800775766
91 320 0.016402538865804672
91 400 0.014843820594251156
92 0 0.015103582292795181
92 80 0.019007539376616478
92 160 0.012068153358995914
92 240 0.013863247819244862
92 320 0.014867495745420456
92 400 0.009028785862028599
93 0 0.005349067039787769
93 80 0.009500745683908463
93 160 0.016900962218642235
93 240 0.02015126869082451
93 320 0.008631100878119469
93 400 0.012392349541187286
94 0 0.0076240794733166695
94 80 0.008661719039082527
94 160 0.011157437227666378
94 240 0.013414914719760418
94 320 0.009708399884402752
94 400 0.02229335717856884
95 0 0.015776686370372772
95 80 0.01779870316386223
95 160 0.02645813301205635
95 240 0.008754760958254337
95 320 0.010872719809412956
95 400 0.012498119845986366
96 0 0.01594839245080948
96 80 0.017093978822231293
96 160 0.005968473386019468
96 240 0.014174314215779305
96 320 0.01901559717953205
96 400 0.010625556111335754
97 0 0.005669625476002693
97 80 0.00973205640912056
97 160 0.012248670682311058
97 240 0.01130608469247818
97 320 0.008009740151464939
97 400 0.013051333837211132
98 0 0.013114110566675663
98 80 0.015902835875749588
98 160 0.009339462034404278
98 240 0.015351014211773872
98 320 0.01343541033565998
98 400 0.011249823495745659
99 0 0.017887014895677567
99 80 0.009144425392150879
99 160 0.010387545451521873
99 240 0.010472684167325497
99 320 0.01315184123814106
99 400 0.014509783126413822
100 0 0.005940275266766548
100 80 0.007616723421961069
100 160 0.01257377304136753
100 240 0.004822482354938984
100 320 0.01130683347582817
100 400 0.01699693687260151
101 0 0.01031290739774704
101 80 0.011468701995909214
101 160 0.00967535562813282
101 240 0.008590709418058395
101 320 0.009141610004007816
101 400 0.006914406083524227
102 0 0.009948917664587498
102 80 0.015705276280641556
102 160 0.004830169957131147
102 240 0.005251770373433828
102 320 0.008176743984222412
102 400 0.00887950137257576
103 0 0.010251453146338463
103 80 0.03127586841583252
103 160 0.0055219391360878944
103 240 0.013567880727350712
103 320 0.010400854982435703
103 400 0.013770027086138725
104 0 0.009060150012373924
104 80 0.006136620882898569
104 160 0.006850119214504957
104 240 0.013195829465985298
104 320 0.005651674699038267
104 400 0.007963244803249836
105 0 0.014105677604675293
105 80 0.0048050545156002045
105 160 0.011057090014219284
105 240 0.008644947782158852
105 320 0.011883999221026897
105 400 0.0016293477965518832
106 0 0.011346886865794659
106 80 0.01349418144673109
106 160 0.006812432315200567
106 240 0.005232569295912981
106 320 0.005860226694494486
106 400 0.007826931774616241
107 0 0.012536823749542236
107 80 0.00981938373297453
107 160 0.010411805473268032
107 240 0.010754307731986046
107 320 0.0028254473581910133
107 400 0.01429785881191492
108 0 0.00708324508741498
108 80 0.008004502393305302
108 160 0.006399156060069799
108 240 0.017513660714030266
108 320 0.006465694401413202
108 400 0.009906102903187275
109 0 0.0028850578237324953
109 80 0.011970200575888157
109 160 0.006947885267436504
109 240 0.005699654575437307
109 320 0.008342498913407326
109 400 0.0075825285166502
110 0 0.01264053676277399
110 80 0.0053246780298650265
110 160 0.009038553573191166
110 240 0.005598607938736677
110 320 0.00472202617675066
110 400 0.016049282625317574
111 0 0.008809949271380901
111 80 0.004715286195278168
111 160 0.012303920462727547
111 240 0.009225951507687569
111 320 0.008446487598121166
111 400 0.017206626012921333
112 0 0.006014703772962093
112 80 0.011005918495357037
112 160 0.006920588202774525
112 240 0.008090824820101261
112 320 0.009837203659117222
112 400 0.007670002523809671
113 0 0.011469600722193718
113 80 0.010162866674363613
113 160 0.004661684390157461
113 240 0.004789342172443867
113 320 0.014508272521197796
113 400 0.007548405323177576
114 0 0.004362359177321196
114 80 0.014514054171741009
114 160 0.015649933367967606
114 240 0.008801290765404701
114 320 0.005797063000500202
114 400 0.00396664859727025
115 0 0.005584459286183119
115 80 0.01631593145430088
115 160 0.008153526112437248
115 240 0.004170367028564215
115 320 0.005363744683563709
115 400 0.011019894853234291
116 0 0.011822991073131561
116 80 0.006938955280929804
116 160 0.005689669866114855
116 240 0.007533201947808266
116 320 0.008195952512323856
116 400 0.005289386957883835
117 0 0.004688470158725977
117 80 0.010375071316957474
117 160 0.004668976180255413
117 240 0.013116997666656971
117 320 0.005404473282396793
117 400 0.011819279752671719
118 0 0.005098033230751753
118 80 0.004867298528552055
118 160 0.015098015777766705
118 240 0.008114678785204887
118 320 0.010345226153731346
118 400 0.014269111678004265
119 0 0.0049354578368365765
119 80 0.00804004818201065
119 160 0.00858734268695116
119 240 0.005780661478638649
119 320 0.00942190457135439
119 400 0.008781058713793755
120 0 0.02260429784655571
120 80 0.008329575881361961
120 160 0.008863041177392006
120 240 0.006884629372507334
120 320 0.006447939667850733
120 400 0.008554943837225437
121 0 0.007131611462682486
121 80 0.007825478911399841
121 160 0.009321307763457298
121 240 0.008727660402655602
121 320 0.007873623631894588
121 400 0.008921892382204533
122 0 0.0061175040900707245
122 80 0.010729370638728142
122 160 0.0038065784610807896
122 240 0.015441857278347015
122 320 0.004473500419408083
122 400 0.009020978584885597
123 0 0.0077867466025054455
123 80 0.010139328427612782
123 160 0.005018721334636211
123 240 0.005342519376426935
123 320 0.01811300590634346
123 400 0.006265751551836729
124 0 0.0054738400503993034
124 80 0.006584129761904478
124 160 0.007730755023658276
124 240 0.007520418148487806
124 320 0.05872220918536186
124 400 0.011131351813673973
125 0 0.003020163392648101
125 80 0.007973951287567616
125 160 0.006242480594664812
125 240 0.007029509637504816
125 320 0.004635860212147236
125 400 0.008376827463507652
126 0 0.009127801284193993
126 80 0.00903504528105259
126 160 0.01006710808724165
126 240 0.009302378632128239
126 320 0.009796451777219772
126 400 0.005079819820821285
127 0 0.0063690803945064545
127 80 0.010405798442661762
127 160 0.004394568968564272
127 240 0.010119876824319363
127 320 0.008969210088253021
127 400 0.0054538981057703495
128 0 0.009000244550406933
128 80 0.003780594328418374
128 160 0.00954690296202898
128 240 0.005567463580518961
128 320 0.008993521332740784
128 400 0.005179829429835081
129 0 0.011550885625183582
129 80 0.005058619659394026
129 160 0.007252343464642763
129 240 0.005156377796083689
129 320 0.006928509566932917
129 400 0.007200220134109259
130 0 0.003060772782191634
130 80 0.004355629440397024
130 160 0.010096038691699505
130 240 0.004800627939403057
130 320 0.016354776918888092
130 400 0.006745245773345232
131 0 0.00505941454321146
131 80 0.013933458365499973
131 160 0.011076533235609531
131 240 0.0064331404864788055
131 320 0.009128444828093052
131 400 0.004372936673462391
132 0 0.0095333531498909
132 80 0.010175412520766258
132 160 0.008632306940853596
132 240 0.004181817639619112
132 320 0.003710648510605097
132 400 0.005246778950095177
133 0 0.0063971178606152534
133 80 0.007318978197872639
133 160 0.0072904168628156185
133 240 0.010537072084844112
133 320 0.008847563527524471
133 400 0.006307374220341444
134 0 0.0039482940919697285
134 80 0.006623559165745974
134 160 0.012053756043314934
134 240 0.004982666112482548
134 320 0.010331470519304276
134 400 0.00598601158708334
135 0 0.003955136518925428
135 80 0.011068353429436684
135 160 0.005962742492556572
135 240 0.010013002902269363
135 320 0.006093203090131283
135 400 0.004869230091571808
136 0 0.003925648983567953
136 80 0.006585574243217707
136 160 0.004479357972741127
136 240 0.005943560507148504
136 320 0.005278278607875109
136 400 0.0017994694644585252
137 0 0.0031284536235034466
137 80 0.003681940957903862
137 160 0.006125845946371555
137 240 0.003956539090722799
137 320 0.013860463164746761
137 400 0.0030517405830323696
138 0 0.00504963519051671
138 80 0.00847378559410572
138 160 0.003102740738540888
138 240 0.007372837048023939
138 320 0.004804569762200117
138 400 0.010542470961809158
139 0 0.005409186705946922
139 80 0.011879613623023033
139 160 0.00596946757286787
139 240 0.007694810628890991
139 320 0.003895821748301387
139 400 0.009388704784214497
140 0 0.004873914178460836
140 80 0.0042963274754583836
140 160 0.004676805809140205
140 240 0.007534175645560026
140 320 0.01187314372509718
140 400 0.008489907719194889
141 0 0.006027841474860907
141 80 0.0033326433040201664
141 160 0.005213000811636448
141 240 0.005736803635954857
141 320 0.00681921886280179
141 400 0.011468629352748394
142 0 0.007458243053406477
142 80 0.005701279267668724
142 160 0.005150485783815384
142 240 0.012830756604671478
142 320 0.011247821152210236
142 400 0.002123114187270403
143 0 0.0043702260591089725
143 80 0.005243887193500996
143 160 0.0038964771665632725
143 240 0.0072866990230977535
143 320 0.013331113383173943
143 400 0.005568759050220251
144 0 0.007360063027590513
144 80 0.004441156983375549
144 160 0.006149295251816511
144 240 0.0037955446168780327
144 320 0.005998915992677212
144 400 0.0038071172311902046
145 0 0.0022331280633807182
145 80 0.007949406281113625
145 160 0.005125423427671194
145 240 0.004691708832979202
145 320 0.009424949996173382
145 400 0.00480431504547596
146 0 0.007676899433135986
146 80 0.007958640344440937
146 160 0.007813564501702785
146 240 0.00635576294735074
146 320 0.0034546637907624245
146 400 0.00468258885666728
147 0 0.005704836919903755
147 80 0.002502744784578681
147 160 0.0056902943179011345
147 240 0.003499225014820695
147 320 0.004877499770373106
147 400 0.0044388482347130775
148 0 0.0072722285985946655
148 80 0.006116686854511499
148 160 0.0028025531210005283
148 240 0.005255565047264099
148 320 0.003046011086553335
148 400 0.004432308487594128
149 0 0.012855484150350094
149 80 0.004434745758771896
149 160 0.009370128624141216
149 240 0.0039016762748360634
149 320 0.0029460308142006397
149 400 0.0049554710276424885
150 0 0.005135905463248491
150 80 0.004633796401321888
150 160 0.005596904084086418
150 240 0.0065651400946080685
150 320 0.003618895309045911
150 400 0.00884795468300581
151 0 0.011404825374484062
151 80 0.003355128923431039
151 160 0.004843669943511486
151 240 0.009705635719001293
151 320 0.004350119736045599
151 400 0.006160343531519175
152 0 0.005696468986570835
152 80 0.0049419105052948
152 160 0.007955028675496578
152 240 0.003362911520525813
152 320 0.0020788025576621294
152 400 0.007767662871629
153 0 0.0043473453260958195
153 80 0.006793792825192213
153 160 0.004747013095766306
153 240 0.0020046797581017017
153 320 0.005131938494741917
153 400 0.004479789175093174
154 0 0.005048650782555342
154 80 0.005305505823343992
154 160 0.00769292376935482
154 240 0.004990790039300919
154 320 0.005515236407518387
154 400 0.0032561609987169504
155 0 0.003570891683921218
155 80 0.004926968365907669
155 160 0.003491032402962446
155 240 0.007557752076536417
155 320 0.005666002165526152
155 400 0.004013751167804003
156 0 0.005671747028827667
156 80 0.003699282417073846
156 160 0.004641778767108917
156 240 0.006746002472937107
156 320 0.005052704829722643
156 400 0.005620717070996761
157 0 0.005333560518920422
157 80 0.008431303314864635
157 160 0.003645858494564891
157 240 0.006228533573448658
157 320 0.006090701092034578
157 400 0.00408500200137496
158 0 0.007027125917375088
158 80 0.006645287852734327
158 160 0.008379809558391571
158 240 0.007920495234429836
158 320 0.005650694947689772
158 400 0.004936511162668467
159 0 0.005477684084326029
159 80 0.003623969154432416
159 160 0.005208664108067751
159 240 0.005592602305114269
159 320 0.004057318903505802
159 400 0.006066491361707449
160 0 0.007621229626238346
160 80 0.0059585534036159515
160 160 0.005768031347543001
160 240 0.005209540482610464
160 320 0.003867913968861103
160 400 0.005460863932967186
161 0 0.012330546043813229
161 80 0.0032799753826111555
161 160 0.004901404492557049
161 240 0.0045290738344192505
161 320 0.005130724981427193
161 400 0.004468007944524288
162 0 0.004567532800137997
162 80 0.005806342698633671
162 160 0.005648898892104626
162 240 0.0020538645330816507
162 320 0.005862758029252291
162 400 0.0025028602685779333
163 0 0.004070608410984278
163 80 0.006640431936830282
163 160 0.0021223335061222315
163 240 0.004736973438411951
163 320 0.007852955721318722
163 400 0.00688505545258522
164 0 0.004788288380950689
164 80 0.0031471436377614737
164 160 0.005632853601127863
164 240 0.002749532461166382
164 320 0.008998359553515911
164 400 0.004395343363285065
165 0 0.006676810793578625
165 80 0.00758926197886467
165 160 0.00404889602214098
165 240 0.0028665305580943823
165 320 0.005635802634060383
165 400 0.00548333115875721
166 0 0.0057433899492025375
166 80 0.003728260053321719
166 160 0.006773975677788258
166 240 0.004510848317295313
166 320 0.002587091876193881
166 400 0.0038361221086233854
167 0 0.004728283267468214
167 80 0.004637975245714188
167 160 0.019331583753228188
167 240 0.005483888555318117
167 320 0.00853157602250576
167 400 0.004307309631258249
168 0 0.003187310416251421
168 80 0.0021364218555390835
168 160 0.004401830490678549
168 240 0.0043001556769013405
168 320 0.006293988320976496
168 400 0.0032182575669139624
169 0 0.005482388660311699
169 80 0.003727102419361472
169 160 0.004941743332892656
169 240 0.005873575806617737
169 320 0.005037157796323299
169 400 0.005097110755741596
170 0 0.005224484484642744
170 80 0.0031162574887275696
170 160 0.00235138856805861
170 240 0.0056080506183207035
170 320 0.005864273756742477
170 400 0.004925237037241459
171 0 0.004095090553164482
171 80 0.004248117562383413
171 160 0.0033245545346289873
171 240 0.007036192342638969
171 320 0.005876343697309494
171 400 0.009561499580740929
172 0 0.005410251673310995
172 80 0.002558270003646612
172 160 0.00517745828256011
172 240 0.0026156785897910595
172 320 0.0044174049980938435
172 400 0.006230522412806749
173 0 0.006192267406731844
173 80 0.004204888828098774
173 160 0.003854925511404872
173 240 0.00446668965741992
173 320 0.003120168810710311
173 400 0.006580720655620098
174 0 0.004016675055027008
174 80 0.003786771558225155
174 160 0.0051549458876252174
174 240 0.0023430215660482645
174 320 0.005250605288892984
174 400 0.004797706846147776
175 0 0.006078027188777924
175 80 0.003195360070094466
175 160 0.003828295972198248
175 240 0.002093365415930748
175 320 0.005177610088139772
175 400 0.003224978456273675
176 0 0.002796338638290763
176 80 0.005226991605013609
176 160 0.004702835343778133
176 240 0.004016851540654898
176 320 0.0034834968391805887
176 400 0.002953432034701109
177 0 0.003675817744806409
177 80 0.0039023507852107286
177 160 0.005882019177079201
177 240 0.003212088020518422
177 320 0.0036882550921291113
177 400 0.0031669260933995247
178 0 0.0053505729883909225
178 80 0.005362968426197767
178 160 0.003672251710668206
178 240 0.003499091835692525
178 320 0.0054071093909442425
178 400 0.005221820902079344
179 0 0.0038136907387524843
179 80 0.004998194985091686
179 160 0.0038355106953531504
179 240 0.0022717888932675123
179 320 0.0037873927503824234
179 400 0.00448813708499074
180 0 0.003236236283555627
180 80 0.004418720491230488
180 160 0.006580268032848835
180 240 0.004016464110463858
180 320 0.0033890078775584698
180 400 0.002174917608499527
181 0 0.007009337190538645
181 80 0.0029079525265842676
181 160 0.0029542783740907907
181 240 0.0063100894913077354
181 320 0.0033385588321834803
181 400 0.0037590833380818367
182 0 0.004072894342243671
182 80 0.0036673452705144882
182 160 0.00687645236030221
182 240 0.0025265775620937347
182 320 0.002564794849604368
182 400 0.004056832287460566
183 0 0.004132997244596481
183 80 0.005049786530435085
183 160 0.002946397988125682
183 240 0.0030621408950537443
183 320 0.003212784882634878
183 400 0.005545725114643574
184 0 0.004560214001685381
184 80 0.005295804236084223
184 160 0.0038134069181978703
184 240 0.008273844607174397
184 320 0.008011555299162865
184 400 0.002865283051505685
185 0 0.00618488946929574
185 80 0.0035138626117259264
185 160 0.0035527192521840334
185 240 0.005986517760902643
185 320 0.010024270974099636
185 400 0.0048237512819468975
186 0 0.002964346669614315
186 80 0.006722504738718271
186 160 0.004337014630436897
186 240 0.0018996188882738352
186 320 0.0033040440175682306
186 400 0.004848875571042299
187 0 0.0038577273953706026
187 80 0.0035008732229471207
187 160 0.0033028158359229565
187 240 0.003460041945800185
187 320 0.0016967712435871363
187 400 0.004068183712661266
188 0 0.0028516941238194704
188 80 0.006022192072123289
188 160 0.004641972482204437
188 240 0.004389157053083181
188 320 0.003973522689193487
188 400 0.006212086882442236
189 0 0.0027783859986811876
189 80 0.0029092011973261833
189 160 0.005069497972726822
189 240 0.002787108765915036
189 320 0.006118424236774445
189 400 0.0026352028362452984
190 0 0.0031341747380793095
190 80 0.003815213916823268
190 160 0.004588652867823839
190 240 0.0030944678001105785
190 320 0.0015378326643258333
190 400 0.002414816292002797
191 0 0.003614862682297826
191 80 0.00317793944850564
191 160 0.004473092965781689
191 240 0.0032771637197583914
191 320 0.0049070618115365505
191 400 0.0029376561287790537
192 0 0.001701254746876657
192 80 0.0028402169700711966
192 160 0.003455131547525525
192 240 0.004114044364541769
192 320 0.0051316809840500355
192 400 0.0032391753047704697
193 0 0.003528423374518752
193 80 0.001249111839570105
193 160 0.0033068330958485603
193 240 0.004956548567861319
193 320 0.007170273456722498
193 400 0.0035783927887678146
194 0 0.007187043782323599
194 80 0.0032611710485070944
194 160 0.003624072764068842
194 240 0.004752917215228081
194 320 0.005862814839929342
194 400 0.001498907571658492
195 0 0.0026573792565613985
195 80 0.0050744242034852505
195 160 0.002708446467295289
195 240 0.00815473310649395
195 320 0.005630936939269304
195 400 0.003365208860486746
196 0 0.0030384217388927937
196 80 0.003991514444351196
196 160 0.0075127603486180305
196 240 0.002598377177491784
196 320 0.0027094746474176645
196 400 0.004300489090383053
197 0 0.006591367535293102
197 80 0.00384082505479455
197 160 0.004348918795585632
197 240 0.003200430888682604
197 320 0.0036606809590011835
197 400 0.0027994527481496334
198 0 0.002128810854628682
198 80 0.0017841735389083624
198 160 0.002576025202870369
198 240 0.006663146428763866
198 320 0.0037195675540715456
198 400 0.0019625977147370577
199 0 0.003339068265631795
199 80 0.0047059678472578526
199 160 0.0026287275832146406
199 240 0.0026696368586272
199 320 0.0035203606821596622
199 400 0.0012313348706811666
200 0 0.001707427203655243
200 80 0.0020919006783515215
200 160 0.0040064044296741486
200 240 0.0041513461619615555
200 320 0.004018967505544424
200 400 0.003234709380194545
201 0 0.006647777743637562
201 80 0.004130372777581215
201 160 0.0019831035751849413
201 240 0.0037838309071958065
201 320 0.0028227651491761208
201 400 0.006927639711648226
202 0 0.003327807877212763
202 80 0.00511331157758832
202 160 0.0031165655236691236
202 240 0.001997957471758127
202 320 0.002808238146826625
202 400 0.003954705316573381
203 0 0.003167639719322324
203 80 0.003999690525233746
203 160 0.0034936575684696436
203 240 0.0036021529231220484
203 320 0.005871284753084183
203 400 0.003419766202569008
204 0 0.003202075371518731
204 80 0.0016454155556857586
204 160 0.003565236460417509
204 240 0.003909475170075893
204 320 0.0044335913844406605
204 400 0.003522920422255993
205 0 0.0037986624520272017
205 80 0.0031167976558208466
205 160 0.004151063039898872
205 240 0.003768665250390768
205 320 0.002772658597677946
205 400 0.003502053674310446
206 0 0.0022757260594516993
206 80 0.00608980655670166
206 160 0.003964715171605349
206 240 0.0011006115237250924
206 320 0.004663752391934395
206 400 0.0031317167449742556
207 0 0.0031864887569099665
207 80 0.004456127993762493
207 160 0.0020266606006771326
207 240 0.002640876453369856
207 320 0.0027986597269773483
207 400 0.004018640611320734
208 0 0.0035034248139709234
208 80 0.005538041703402996
208 160 0.003884573234245181
208 240 0.0029751008842140436
208 320 0.002820546505972743
208 400 0.006917328108102083
209 0 0.0016703628934919834
209 80 0.004252753220498562
209 160 0.0042248014360666275
209 240 0.003431772580370307
209 320 0.0036958102136850357
209 400 0.0029456079937517643
210 0 0.003441686276346445
210 80 0.002134753856807947
210 160 0.003542851423844695
210 240 0.0035155601799488068
210 320 0.006375324912369251
210 400 0.0025296651292592287
211 0 0.002556527266278863
211 80 0.005537256132811308
211 160 0.005070502869784832
211 240 0.006756812334060669
211 320 0.0021614825818687677
211 400 0.0010656071826815605
212 0 0.0042606620118021965
212 80 0.0022477926686406136
212 160 0.0040512545965611935
212 240 0.0034505301155149937
212 320 0.00396145461127162
212 400 0.005730402190238237
213 0 0.0032194112427532673
213 80 0.003363842610269785
213 160 0.002938301069661975
213 240 0.003560745157301426
213 320 0.003375629661604762
213 400 0.0031178295612335205
214 0 0.0026642191223800182
214 80 0.00311510288156569
214 160 0.006132044829428196
214 240 0.0019950636196881533
214 320 0.0022169826552271843
214 400 0.0035034483298659325
215 0 0.00424062879756093
215 80 0.0020766519010066986
215 160 0.00413887482136488
215 240 0.002118033356964588
215 320 0.0023151692003011703
215 400 0.00272197974845767
216 0 0.0024906345643103123
216 80 0.0038970347959548235
216 160 0.00453711673617363
216 240 0.0032701711170375347
216 320 0.0014622670132666826
216 400 0.0030499082058668137
217 0 0.003956670872867107
217 80 0.002754077548161149
217 160 0.0030276973266154528
217 240 0.005126681178808212
217 320 0.0041752648539841175
217 400 0.0024580408353358507
218 0 0.005762101151049137
218 80 0.0027052985969930887
218 160 0.003322443226352334
218 240 0.0031075894366949797
218 320 0.0016681874403730035
218 400 0.002886243863031268
219 0 0.006757724564522505
219 80 0.0022711113560944796
219 160 0.0014861447270959616
219 240 0.0034866356290876865
219 320 0.002572803758084774
219 400 0.002273100195452571
220 0 0.004460613243281841
220 80 0.0021066099870949984
220 160 0.0034148728009313345
220 240 0.004556309897452593
220 320 0.003796324599534273
220 400 0.003905246499925852
221 0 0.004823681432753801
221 80 0.004301407374441624
221 160 0.001887591788545251
221 240 0.0035687778145074844
221 320 0.002921363804489374
221 400 0.0024733408354222775
222 0 0.003975060302764177
222 80 0.0038195860106498003
222 160 0.0025727238971740007
222 240 0.003878288436681032
222 320 0.0013074238086119294
222 400 0.001818483229726553
223 0 0.0021127189975231886
223 80 0.0029900926165282726
223 160 0.002404275117442012
223 240 0.001178315724246204
223 320 0.0016854077111929655
223 400 0.002628373447805643
224 0 0.0034453736152499914
224 80 0.004797033034265041
224 160 0.0037997460458427668
224 240 0.0034185098484158516
224 320 0.001604052959010005
224 400 0.0022441367618739605
225 0 0.0051469882018864155
225 80 0.006210937164723873
225 160 0.00327045819722116
225 240 0.0021137362346053123
225 320 0.0037405125331133604
225 400 0.004262551665306091
226 0 0.0017026078421622515
226 80 0.006027358118444681
226 160 0.0029581019189208746
226 240 0.002865416696295142
226 320 0.003983167000114918
226 400 0.0026867808774113655
227 0 0.0039513614028692245
227 80 0.002277563326060772
227 160 0.0018244885141029954
227 240 0.0022154299076646566
227 320 0.0046278685331344604
227 400 0.003379416884854436
228 0 0.003562258556485176
228 80 0.004123312421143055
228 160 0.00406968779861927
228 240 0.004308437928557396
228 320 0.002374882809817791
228 400 0.003433174453675747
229 0 0.004000681918114424
229 80 0.0014712902484461665
229 160 0.0028573120944201946
229 240 0.0022879343014210463
229 320 0.003985147457569838
229 400 0.008235636167228222
230 0 0.0026204800233244896
230 80 0.0032765462528914213
230 160 0.0033950323704630136
230 240 0.0032824708614498377
230 320 0.00646605109795928
230 400 0.008332540281116962
231 0 0.0019665530417114496
231 80 0.004508567042648792
231 160 0.002664127154275775
231 240 0.002680037636309862
231 320 0.0038732681423425674
231 400 0.004447414539754391
232 0 0.0039262352511286736
232 80 0.00323775433935225
232 160 0.0027623081114143133
232 240 0.0032934099435806274
232 320 0.002481610281392932
232 400 0.0013369927182793617
233 0 0.003019035793840885
233 80 0.002197748515754938
233 160 0.0013995481422170997
233 240 0.00368822761811316
233 320 0.0037458171136677265
233 400 0.0037773738149553537
234 0 0.004350538831204176
234 80 0.0033708654809743166
234 160 0.006406806875020266
234 240 0.003860546974465251
234 320 0.0027452080976217985
234 400 0.0022743679583072662
235 0 0.00390902254730463
235 80 0.003361701499670744
235 160 0.0016505179228261113
235 240 0.002845002105459571
235 320 0.0028958325274288654
235 400 0.003224360989406705
236 0 0.003446053247898817
236 80 0.003053200663998723
236 160 0.0021209532860666513
236 240 0.0019672145135700703
236 320 0.003869751002639532
236 400 0.0028137988410890102
237 0 0.0022874169517308474
237 80 0.003761851927265525
237 160 0.0027896063402295113
237 240 0.0038146371953189373
237 320 0.0036496175453066826
237 400 0.0019428676459938288
238 0 0.0022725695744156837
238 80 0.005091243889182806
238 160 0.0023295118007808924
238 240 0.00244715204462409
238 320 0.0022954135201871395
238 400 0.0018741792300716043
239 0 0.0019856670405715704
239 80 0.002388245426118374
239 160 0.0019231726182624698
239 240 0.004691727925091982
239 320 0.0034445608034729958
239 400 0.0020054024644196033
240 0 0.00479889614507556
240 80 0.0017597161931917071
240 160 0.002350775757804513
240 240 0.004268568940460682
240 320 0.003264065831899643
240 400 0.0017751781269907951
241 0 0.0020384639501571655
241 80 0.001958036096766591
241 160 0.0023346301168203354
241 240 0.0023066652938723564
241 320 0.0043705604039132595
241 400 0.002753960434347391
242 0 0.0016391120152547956
242 80 0.0019203262636438012
242 160 0.0031165035907179117
242 240 0.0050017996691167355
242 320 0.003026896622031927
242 400 0.0027171734254807234
243 0 0.0012707707937806845
243 80 0.003651996608823538
243 160 0.0023170621134340763
243 240 0.0017267240909859538
243 320 0.0015952005051076412
243 400 0.0038985328283160925
244 0 0.004183818586170673
244 80 0.0018560087773948908
244 160 0.002577116945758462
244 240 0.0033277759794145823
244 320 0.0027522111777216196
244 400 0.0022246427834033966
245 0 0.004217125475406647
245 80 0.0015250341966748238
245 160 0.001306684105657041
245 240 0.003087802557274699
245 320 0.006754372268915176
245 400 0.0012448958586901426
246 0 0.004329419229179621
246 80 0.0048552826046943665
246 160 0.0026443558745086193
246 240 0.005739389453083277
246 320 0.0020868051797151566
246 400 0.0024042194709181786
247 0 0.002833879552781582
247 80 0.005687264259904623
247 160 0.005861202720552683
247 240 0.0025724731385707855
247 320 0.002016110345721245
247 400 0.00176358746830374
248 0 0.0012414205120876431
248 80 0.0023210488725453615
248 160 0.0034094336442649364
248 240 0.002818644279614091
248 320 0.002834388054907322
248 400 0.002069831592962146
249 0 0.0030811664182692766
249 80 0.002165799727663398
249 160 0.004789512138813734
249 240 0.0029445199761539698
249 320 0.0026333006098866463
249 400 0.0021349480375647545
250 0 0.0029452559538185596
250 80 0.0019312829244881868
250 160 0.0039959074929356575
250 240 0.003972962033003569
250 320 0.0018789545865729451
250 400 0.0013229557080194354
251 0 0.003629387356340885
251 80 0.003402288071811199
251 160 0.0024160637985914946
251 240 0.0014782677171751857
251 320 0.0027186444494873285
251 400 0.005829989910125732
252 0 0.0015419680858030915
252 80 0.0023914217017591
252 160 0.002309000352397561
252 240 0.0018578743329271674
252 320 0.004719562828540802
252 400 0.0018914156826213002
253 0 0.002557425992563367
253 80 0.0019438404124230146
253 160 0.0012896216940134764
253 240 0.0028615095652639866
253 320 0.002980816410854459
253 400 0.001928889425471425
254 0 0.0026483507826924324
254 80 0.004111778922379017
254 160 0.0019889145623892546
254 240 0.0014420285588130355
254 320 0.00414569117128849
254 400 0.002604205161333084
255 0 0.002641950501129031
255 80 0.005404935218393803
255 160 0.0032107506413012743
255 240 0.0015998356975615025
255 320 0.002521112561225891
255 400 0.0020360350608825684
256 0 0.003187888767570257
256 80 0.0029376863967627287
256 160 0.0032928611617535353
256 240 0.0025335396640002728
256 320 0.0027790407184511423
256 400 0.002794350264593959
257 0 0.0022442119661718607
257 80 0.0021915461402386427
257 160 0.0036586555652320385
257 240 0.003682126756757498
257 320 0.002243237802758813
257 400 0.0007835837895981967
258 0 0.0017697641160339117
258 80 0.0023380827624350786
258 160 0.0015448745107278228
258 240 0.0017098962562158704
258 320 0.0035135115031152964
258 400 0.0029283121693879366
259 0 0.003885944839566946
259 80 0.0025158312637358904
259 160 0.0012439694255590439
259 240 0.0017534742364659905
259 320 0.0029904081020504236
259 400 0.0019807422067970037
260 0 0.0034404867328703403
260 80 0.0023787328973412514
260 160 0.0028070276603102684
260 240 0.002171566244214773
260 320 0.004450146574527025
260 400 0.0006866168114356697
261 0 0.006175115704536438
261 80 0.0029369033873081207
261 160 0.0020643859170377254
261 240 0.00420495355501771
261 320 0.003564202692359686
261 400 0.0013868364039808512
262 0 0.0016733593074604869
262 80 0.005295798182487488
262 160 0.0019845329225063324
262 240 0.002465854398906231
262 320 0.002840785076841712
262 400 0.002042480045929551
263 0 0.0028123639058321714
263 80 0.001403925707563758
263 160 0.001416392857208848
263 240 0.0021082661114633083
263 320 0.0033330447040498257
263 400 0.001986036542803049
264 0 0.0035464935936033726
264 80 0.004985417239367962
264 160 0.002940784441307187
264 240 0.002029937459155917
264 320 0.002194461412727833
264 400 0.0023381109349429607
265 0 0.0027228391263633966
265 80 0.0028136156033724546
265 160 0.0016301883151754737
265 240 0.003276307135820389
265 320 0.0018913436215370893
265 400 0.0012037899577990174
266 0 0.001775818527676165
266 80 0.003109897021204233
266 160 0.0032695643603801727
266 240 0.0013414984568953514
266 320 0.0020635572727769613
266 400 0.003420270746573806
267 0 0.001458622864447534
267 80 0.0023810300044715405
267 160 0.003372264327481389
267 240 0.0018474485259503126
267 320 0.0019639984238892794
267 400 0.00218184688128531
268 0 0.0021706896368414164
268 80 0.0027895192615687847
268 160 0.0020009891595691442
268 240 0.0011614752002060413
268 320 0.0021325440611690283
268 400 0.0018247378757223487
269 0 0.0008589645149186254
269 80 0.0016543717356398702
269 160 0.0013959286734461784
269 240 0.0019300581188872457
269 320 0.0033996300771832466
269 400 0.004688598681241274
270 0 0.0038643658626824617
270 80 0.0012309437151998281
270 160 0.001957678236067295
270 240 0.004211186431348324
270 320 0.0020274673588573933
270 400 0.0026266227941960096
271 0 0.0018968117656186223
271 80 0.0018944854382425547
271 160 0.0015838948311284184
271 240 0.0020123813301324844
271 320 0.0039548929780721664
271 400 0.001837925985455513
272 0 0.001429046387784183
272 80 0.0035072658210992813
272 160 0.0022563650272786617
272 240 0.00216525886207819
272 320 0.0026752869598567486
272 400 0.001256694202311337
273 0 0.0028984197415411472
273 80 0.0011708682868629694
273 160 0.0012793892528861761
273 240 0.0030654510483145714
273 320 0.002164688892662525
273 400 0.00371319567784667
274 0 0.0016350960358977318
274 80 0.003592591267079115
274 160 0.002510343911126256
274 240 0.0017776833847165108
274 320 0.002143567195162177
274 400 0.003409693017601967
275 0 0.0027230647392570972
275 80 0.005322500132024288
275 160 0.001876729424111545
275 240 0.003048632526770234
275 320 0.0012604474322870374
275 400 0.0035537441726773977
276 0 0.0050945160910487175
276 80 0.0012854195665568113
276 160 0.002041988307610154
276 240 0.0031715603545308113
276 320 0.0022675120271742344
276 400 0.00353435892611742
277 0 0.001390750170685351
277 80 0.0014234978007152677
277 160 0.0023998380638659
277 240 0.0017257207073271275
277 320 0.0029723073821514845
277 400 0.0024067689664661884
278 0 0.002982496051117778
278 80 0.00245629227720201
278 160 0.002359336707741022
278 240 0.0021322944667190313
278 320 0.0016806762432679534
278 400 0.0021296688355505466
279 0 0.0022178732324391603
279 80 0.001683383365161717
279 160 0.0025440193712711334
279 240 0.007592240814119577
279 320 0.00169637321960181
279 400 0.0018600164912641048
280 0 0.0014874188927933574
280 80 0.0010105131659656763
280 160 0.002044660970568657
280 240 0.002305945847183466
280 320 0.001777605852112174
280 400 0.002897585043683648
281 0 0.0031822375021874905
281 80 0.0029162014834582806
281 160 0.005565489176660776
281 240 0.002166163409128785
281 320 0.0023717537987977266
281 400 0.002879762789234519
282 0 0.0013972262386232615
282 80 0.002224370837211609
282 160 0.0010856869630515575
282 240 0.003410336561501026
282 320 0.0014609210193157196
282 400 0.0020489441230893135
283 0 0.002031921874731779
283 80 0.002713790163397789
283 160 0.0014447452267631888
283 240 0.002463850425556302
283 320 0.0012233355082571507
283 400 0.002617554971948266
284 0 0.0012000617571175098
284 80 0.006124787963926792
284 160 0.0015870488714426756
284 240 0.001747563830576837
284 320 0.0033018935937434435
284 400 0.0017244652844965458
285 0 0.0018747122958302498
285 80 0.003159829881042242
285 160 0.0013288785703480244
285 240 0.002433439716696739
285 320 0.0019583881366997957
285 400 0.0019209093879908323
286 0 0.0010286482283845544
286 80 0.0017689426895231009
286 160 0.0010932384757325053
286 240 0.0021745911799371243
286 320 0.004257486201822758
286 400 0.0031189972069114447
287 0 0.0018386987503618002
287 80 0.0022888833191245794
287 160 0.002471818821504712
287 240 0.0019617965444922447
287 320 0.0017797898035496473
287 400 0.0019326527835801244
288 0 0.002055285032838583
288 80 0.0017448621802031994
288 160 0.0009786123409867287
288 240 0.0028026634827256203
288 320 0.0016049712430685759
288 400 0.003556853625923395
289 0 0.0018207976827397943
289 80 0.0015335663920268416
289 160 0.003285634098574519
289 240 0.0015912563540041447
289 320 0.002111080102622509
289 400 0.002240377012640238
290 0 0.003197983605787158
290 80 0.002733921632170677
290 160 0.0022328346967697144
290 240 0.0008630356169305742
290 320 0.0037614626344293356
290 400 0.0024269595742225647
291 0 0.0022699867840856314
291 80 0.0010921229841187596
291 160 0.0024668306577950716
291 240 0.001264350488781929
291 320 0.0008178353891707957
291 400 0.002240340458229184
292 0 0.0024089135695248842
292 80 0.003326313802972436
292 160 0.000639348931144923
292 240 0.0033643876668065786
292 320 0.0012607311364263296
292 400 0.0020278410520404577
293 0 0.0007946808473207057
293 80 0.0016690893098711967
293 160 0.0030483161099255085
293 240 0.0031304850708693266
293 320 0.002137787640094757
293 400 0.0026488727889955044
294 0 0.0018299294169992208
294 80 0.003919139038771391
294 160 0.0023091298062354326
294 240 0.0015287024434655905
294 320 0.002605914603918791
294 400 0.0026850812137126923
295 0 0.0016171163879334927
295 80 0.0016145705012604594
295 160 0.0018383162096142769
295 240 0.0025068435352295637
295 320 0.0017662228783592582
295 400 0.0020665647462010384
296 0 0.0025215335190296173
296 80 0.001658185152336955
296 160 0.001956003485247493
296 240 0.001660170964896679
296 320 0.003699648892506957
296 400 0.002952598500996828
297 0 0.0024552536197006702
297 80 0.002948989626020193
297 160 0.0014220270095393062
297 240 0.001899298164062202
297 320 0.0032835304737091064
297 400 0.0014965399168431759
298 0 0.0010732756927609444
298 80 0.002856022911146283
298 160 0.0015393266221508384
298 240 0.0009466638439334929
298 320 0.002108410932123661
298 400 0.0031906990334391594
299 0 0.0018690660363063216
299 80 0.000790103804320097
299 160 0.0018026848556473851
299 240 0.0016714682569727302
299 320 0.0017448224825784564
299 400 0.001735006459057331
300 0 0.002884670626372099
300 80 0.001746611320413649
300 160 0.0014915511710569263
300 240 0.0031687694136053324
300 320 0.002077366691082716
300 400 0.0016998287755995989
