1 16.010238853155144 0.8570166666666666
2 4.801343688642039 0.9183666666666667
3 3.348822613114934 0.9298166666666666
4 3.034278455168517 0.9365666666666667
5 2.1259655335437513 0.9451833333333334
6 1.7746424665634852 0.9497666666666666
7 2.216870288741283 0.9504
8 1.415698110414484 0.9563166666666667
9 1.1743920646826966 0.96025
10 1.0890927221745577 0.9612
11 1.1189673954142139 0.9619
12 0.993426574085026 0.9631666666666666
13 0.9316341911370898 0.9645
14 0.8265414306705905 0.9672666666666667
15 0.8046507198130292 0.9668333333333333
16 0.7432992411966967 0.96905
17 0.7395471386035479 0.9694333333333334
18 0.6256818969451465 0.9724333333333334
19 0.6410513283848395 0.9713166666666667
20 0.6751778676331673 0.9706333333333333
21 0.6078353427445805 0.9728666666666667
22 0.5526740573949449 0.9736833333333333
23 0.4882334422577421 0.9761833333333333
24 0.47262950978457857 0.97665
25 0.43631449109322923 0.9771166666666666
26 0.4473620959312185 0.9767166666666667
27 0.4113272489491815 0.9779
28 0.38346745727085885 0.9790666666666666
29 0.37958477422399617 0.97905
30 0.3726023858588489 0.9782833333333333
31 0.31022980054859556 0.9810333333333333
32 0.3054317366286276 0.98175
33 0.30823503086099835 0.9810833333333333
34 0.269367933063585 0.9825
35 0.2363625168478555 0.98385
36 0.24363864070599606 0.9841666666666666
37 0.21932312764030093 0.9844833333333334
38 0.24186801640438657 0.9841166666666666
39 0.21451477609414563 0.9852666666666666
40 0.18295349564522417 0.9864833333333334
41 0.21004505234130916 0.9855
42 0.18109964331596268 0.98625
43 0.1561073025379703 0.9875333333333334
44 0.162824253633745 0.9871
45 0.14883155959252084 0.9879
46 0.13575309063002686 0.9891
47 0.13493453403876238 0.9888
48 0.15152124777796885 0.9878666666666667
49 0.12051534503734508 0.9894833333333334
50 0.11063880025213084 0.99005
51 0.11772156235021895 0.9893166666666666
52 0.08154595390849978 0.9921833333333333
53 0.08625397299678884 0.9915833333333334
54 0.09929914692623401 0.99075
55 0.08159739024320788 0.9917
56 0.07116854888125322 0.9927166666666667
57 0.063860961590328 0.9926333333333334
58 0.07263460440074154 0.9922166666666666
59 0.057102868442813925 0.9939333333333333
60 0.06387540429977387 0.9930666666666667
61 0.05338341937404399 0.9934833333333334
62 0.040778094078510026 0.9946
63 0.04204108525478801 0.9951
64 0.042624716893517205 0.9945833333333334
65 0.0443282858199904 0.9946666666666667
66 0.02735426910893506 0.9963166666666666
67 0.023945683943675734 0.9964
68 0.02906828735089512 0.9958333333333333
69 0.033900416683030975 0.9953833333333333
70 0.024602812105344755 0.9960333333333333
71 0.0135770137202055 0.9978166666666667
72 0.014409737283554196 0.9978666666666667
73 0.0075154141003192995 0.9984666666666666
74 0.0023749272632397817 0.9993833333333333
75 0.002782668530616066 0.9994166666666666
76 0.003983661171560356 0.9991166666666667
77 0.00500420195563374 0.9991
78 0.0033855027045283956 0.9991666666666666
79 0.00034222492815226796 0.9998666666666667
80 0.001057411594328984 0.9998166666666667
81 0.0022293386883387844 0.9995666666666667
82 0.003607346503599734 0.9990833333333333
83 0.002435699223816565 0.9991833333333333
84 0.002177341268236679 0.9996666666666667
85 5.944959255152038e-05 0.9999666666666667
86 2.0170874823130307e-05 1.0
87 1.2514531500597219e-05 1.0
88 1.8541870359593534e-06 1.0
89 1.668361561093351e-06 1.0
90 1.5461625298499032e-06 1.0
91 1.4528265117273224e-06 1.0
92 1.3725445111553837e-06 1.0
93 1.3070443904550886e-06 1.0
94 1.2530290059081167e-06 1.0
95 1.2016670294528274e-06 1.0
96 1.159567270332978e-06 1.0
97 1.1194796858431967e-06 1.0
98 1.0837252028166971e-06 1.0
99 1.051676157908821e-06 1.0
100 1.0221755966945072e-06 1.0
101 9.96264804172162e-07 1.0
102 9.698187918648364e-07 1.0
103 9.467528945381249e-07 1.0
104 9.248579501927572e-07 1.0
105 9.04551965707311e-07 1.0
106 8.855267615636341e-07 1.0
107 8.675998806367433e-07 1.0
108 8.507127531703919e-07 1.0
109 8.39632314247565e-07 1.0
110 8.195186832249378e-07 1.0
111 8.073747984030135e-07 1.0
112 7.915005638373456e-07 1.0
113 7.783532838466445e-07 1.0
114 7.749925678708206e-07 1.0
115 7.539307977163103e-07 1.0
116 7.426865238859854e-07 1.0
117 7.317948254397348e-07 1.0
118 7.216182047652964e-07 1.0
119 7.111722142805814e-07 1.0
120 7.017823106773991e-07 1.0
121 6.922812929574937e-07 1.0
122 6.841862155296365e-07 1.0
123 6.748949176355768e-07 1.0
124 6.666762414405118e-07 1.0
125 6.585736096494546e-07 1.0
126 6.508296604452275e-07 1.0
127 6.523828445257478e-07 1.0
128 6.360588074098628e-07 1.0
129 6.290857424147443e-07 1.0
130 6.222972928159199e-07 1.0
131 6.156822847239287e-07 1.0
132 6.093340043116813e-07 1.0
133 6.034061819919653e-07 1.0
134 5.971460435783928e-07 1.0
135 5.912639563314774e-07 1.0
136 5.856077510712143e-07 1.0
137 5.802056447482937e-07 1.0
138 5.746860857326936e-07 1.0
139 5.695362605543382e-07 1.0
140 5.644667973775658e-07 1.0
141 5.594144144085698e-07 1.0
142 5.544957616232171e-07 1.0
143 5.540876649368277e-07 1.0
144 5.456200680793103e-07 1.0
145 5.40638207576054e-07 1.0
146 5.36227909892141e-07 1.0
147 5.322234092230296e-07 1.0
148 5.277456374374729e-07 1.0
149 5.237266696316807e-07 1.0
150 5.197522697051264e-07 1.0
151 5.156821025004321e-07 1.0
152 5.118719137584473e-07 1.0
153 5.080612855740923e-07 1.0
154 5.044375422683118e-07 1.0
155 5.01683622289969e-07 1.0
156 4.973472074904673e-07 1.0
157 4.937877694713214e-07 1.0
158 4.904016790579311e-07 1.0
159 4.871055832365137e-07 1.0
160 4.837801743794443e-07 1.0
161 4.805255019360216e-07 1.0
162 4.774285020857755e-07 1.0
163 4.757033587589578e-07 1.0
164 4.7133742432360874e-07 1.0
165 4.682588381072827e-07 1.0
166 4.6540034388817815e-07 1.0
167 4.625356272716835e-07 1.0
168 4.617354471960842e-07 1.0
169 4.573080847020518e-07 1.0
170 4.541431850934951e-07 1.0
171 4.514549038867558e-07 1.0
172 4.488056838423998e-07 1.0
173 4.4631395350067797e-07 1.0
174 4.436414128351238e-07 1.0
175 4.411020070844129e-07 1.0
176 4.3868214743959974e-07 1.0
177 4.3670939511681233e-07 1.0
178 4.338671283824748e-07 1.0
179 4.3238269882381244e-07 1.0
180 4.2914292199462717e-07 1.0
181 4.273173107141421e-07 1.0
182 4.2513251924332856e-07 1.0
183 4.223791911419241e-07 1.0
184 4.2018826591011563e-07 1.0
185 4.1873999050835447e-07 1.0
186 4.1589068943206167e-07 1.0
187 4.1382880475934894e-07 1.0
188 4.1175305304810716e-07 1.0
