1 0 3.2138402462005615
1 80 6.600502967834473
1 160 18.66866111755371
1 240 6.480943202972412
1 320 3.6208767890930176
1 400 7.52097225189209
2 0 4.874077796936035
2 80 2.5476059913635254
2 160 6.496606349945068
2 240 1.8586759567260742
2 320 2.486175537109375
2 400 1.9067738056182861
3 0 2.053729295730591
3 80 1.3660868406295776
3 160 4.2256693840026855
3 240 2.5966570377349854
3 320 4.000917911529541
3 400 2.471618175506592
4 0 0.6912564039230347
4 80 2.828402042388916
4 160 2.9992828369140625
4 240 4.009414196014404
4 320 0.14650915563106537
4 400 2.513059139251709
5 0 0.0
5 80 2.657973289489746
5 160 1.7193764448165894
5 240 1.6385306119918823
5 320 0.5847747921943665
5 400 4.040119647979736
6 0 3.47128963470459
6 80 2.071441888809204
6 160 0.4501359164714813
6 240 2.300055742263794
6 320 1.043028473854065
6 400 1.4331449270248413
7 0 2.6733598709106445
7 80 1.2895793914794922
7 160 0.9102694988250732
7 240 0.6847043633460999
7 320 2.072498321533203
7 400 1.9432103633880615
8 0 2.695969343185425
8 80 0.2536002993583679
8 160 1.7612783908843994
8 240 0.1421537697315216
8 320 0.9657997488975525
8 400 0.5929769277572632
9 0 0.532118022441864
9 80 0.5566991567611694
9 160 0.2544940710067749
9 240 0.6779665946960449
9 320 0.36900392174720764
9 400 1.472861409187317
10 0 0.505483090877533
10 80 1.6627188920974731
10 160 0.7399227023124695
10 240 0.51710045337677
10 320 0.5772058963775635
10 400 0.3803580403327942
11 0 1.079362392425537
11 80 0.4464977979660034
11 160 1.0399000644683838
11 240 0.0664401575922966
11 320 0.5111019611358643
11 400 1.0425639152526855
12 0 0.5564888119697571
12 80 0.8304641246795654
12 160 0.1003633588552475
12 240 0.059574950486421585
12 320 1.3145297765731812
12 400 0.7349820137023926
13 0 2.4413986206054688
13 80 0.5749266147613525
13 160 0.38495174050331116
13 240 1.6480334997177124
13 320 1.265995979309082
13 400 0.8085933923721313
14 0 1.1819911003112793
14 80 0.43593618273735046
14 160 0.3328319787979126
14 240 0.6719053387641907
14 320 0.7985572218894958
14 400 1.2272679805755615
15 0 5.164570211491082e-06
15 80 0.6618043780326843
15 160 2.4914727210998535
15 240 1.067126750946045
15 320 0.9834704399108887
15 400 1.434849739074707
16 0 0.20372997224330902
16 80 0.6706410050392151
16 160 0.48860108852386475
16 240 0.14649158716201782
16 320 0.2413652539253235
16 400 0.11654400080442429
17 0 0.3763755261898041
17 80 0.09671134501695633
17 160 0.4610338807106018
17 240 0.1263670176267624
17 320 1.2819445133209229
17 400 0.9638654589653015
18 0 0.5254611372947693
18 80 0.12715671956539154
18 160 0.16360564529895782
18 240 0.40080729126930237
18 320 0.08031202107667923
18 400 1.0060402154922485
19 0 0.8314018845558167
19 80 0.11540969461202621
19 160 0.3318873345851898
19 240 1.057892084121704
19 320 0.8518650531768799
19 400 0.7045494914054871
20 0 0.5164434909820557
20 80 0.3578246831893921
20 160 0.8674358129501343
20 240 1.0117343664169312
20 320 0.19489659368991852
20 400 1.5067322254180908
21 0 1.0264172554016113
21 80 0.21249869465827942
21 160 0.056304074823856354
21 240 1.4023749828338623
21 320 0.5550487041473389
21 400 0.4079451262950897
22 0 0.8134041428565979
22 80 0.5996644496917725
22 160 1.0993142127990723
22 240 0.2820803225040436
22 320 0.06327082216739655
22 400 0.5001822113990784
23 0 0.9413532018661499
23 80 0.04211325943470001
23 160 0.5225333571434021
23 240 1.8534642457962036
23 320 0.08864744007587433
23 400 0.4669095277786255
24 0 0.20960097014904022
24 80 0.21978291869163513
24 160 1.4403633940673899e-05
24 240 0.28148433566093445
24 320 0.30469027161598206
24 400 1.169005274772644
25 0 0.12330173701047897
25 80 0.3403093218803406
25 160 0.290452778339386
25 240 0.9118309617042542
25 320 0.25686216354370117
25 400 0.6706229448318481
26 0 1.3770272731781006
26 80 0.42479780316352844
26 160 0.006855788175016642
26 240 0.14679576456546783
26 320 0.20139893889427185
26 400 0.33013761043548584
27 0 0.33390218019485474
27 80 0.3414665162563324
27 160 0.3355456590652466
27 240 0.6158804297447205
27 320 0.38603872060775757
27 400 0.15825465321540833
28 0 0.2807610034942627
28 80 0.4734953045845032
28 160 0.21054363250732422
28 240 1.1631252765655518
28 320 0.27821022272109985
28 400 0.6092102527618408
29 0 0.16677697002887726
29 80 0.0006642070948146284
29 160 0.6545439958572388
29 240 0.6259937286376953
29 320 0.21271686255931854
29 400 0.3114902377128601
30 0 6.99393183367647e-07
30 80 1.3968673329145531e-06
30 160 0.11127103865146637
30 240 0.5199961066246033
30 320 0.008668442256748676
30 400 0.4791451096534729
31 0 0.6142758131027222
31 80 0.14999054372310638
31 160 0.3968775272369385
31 240 0.14791734516620636
31 320 0.47760725021362305
31 400 0.4648780822753906
32 0 3.5077518987236544e-06
32 80 0.2850213646888733
32 160 0.3075491487979889
32 240 0.6444380879402161
32 320 0.6539919376373291
32 400 0.264549195766449
33 0 8.381900507004048e-09
33 80 0.3640913963317871
33 160 0.12401462346315384
33 240 0.011188973672688007
33 320 0.2576373517513275
33 400 0.8521456718444824
34 0 0.13204582035541534
34 80 0.3561517596244812
34 160 1.6670564662035758e-07
34 240 0.5777206420898438
34 320 0.27410420775413513
34 400 0.255371630191803
35 0 0.5649550557136536
35 80 2.1116189600434154e-05
35 160 0.3271976113319397
35 240 0.28160399198532104
35 320 0.002994885202497244
35 400 0.14773033559322357
36 0 0.3539750874042511
36 80 0.004073419142514467
36 160 0.04022546112537384
36 240 0.43993690609931946
36 320 4.649293623515405e-05
36 400 1.164755940408213e-05
37 0 0.384240061044693
37 80 1.3038506274654083e-08
37 160 0.25379103422164917
37 240 0.2177445888519287
37 320 0.5681766867637634
37 400 0.22623401880264282
38 0 0.044425684958696365
38 80 0.015067415311932564
38 160 0.05163111910223961
38 240 2.6244699954986572
38 320 0.22290629148483276
38 400 0.5219411849975586
39 0 0.5663602352142334
39 80 0.47862541675567627
39 160 0.01024759840220213
39 240 0.21575915813446045
39 320 0.2491174042224884
39 400 0.3932375907897949
40 0 0.6804273128509521
40 80 0.0007395624998025596
40 160 0.012280600145459175
40 240 0.2329857349395752
40 320 0.2601310610771179
40 400 0.25466078519821167
41 0 2.4959240363386925e-07
41 80 0.5517221689224243
41 160 0.5192723870277405
41 240 0.03456704318523407
41 320 0.04173363000154495
41 400 0.1303650438785553
42 0 0.5556144714355469
42 80 0.09154152125120163
42 160 0.1412947177886963
42 240 0.20392252504825592
42 320 0.05132410302758217
42 400 0.045465052127838135
43 0 0.0664251297712326
43 80 0.08827667683362961
43 160 0.023916810750961304
43 240 0.002781093353405595
43 320 0.0915403664112091
43 400 6.621438615184161e-07
44 0 0.26925018429756165
44 80 0.052269816398620605
44 160 0.05416155233979225
44 240 9.313223081619526e-09
44 320 0.02596934884786606
44 400 0.50279700756073
45 0 0.38478249311447144
45 80 0.007896924391388893
45 160 0.10771290957927704
45 240 0.09200938045978546
45 320 0.2935989201068878
45 400 0.008772146888077259
46 0 0.07818042486906052
46 80 0.4489084482192993
46 160 0.0003650564467534423
46 240 0.43624645471572876
46 320 0.01938643865287304
46 400 0.06743493676185608
47 0 0.0018240725621581078
47 80 0.08026164770126343
47 160 0.07975929975509644
47 240 0.19906769692897797
47 320 0.04354618117213249
47 400 0.03064536675810814
48 0 2.478437454556115e-05
48 80 0.4329623281955719
48 160 0.27944400906562805
48 240 0.030892696231603622
48 320 0.0
48 400 0.0356130376458168
49 0 0.10250019282102585
49 80 0.08194506913423538
49 160 0.26378166675567627
49 240 0.10454612225294113
49 320 0.08454244583845139
49 400 0.46775197982788086
50 0 3.818416516310208e-08
50 80 0.1579766571521759
50 160 9.685717117235981e-08
50 240 0.22580671310424805
50 320 0.012391548603773117
50 400 0.11122485250234604
51 0 0.21356722712516785
51 80 9.49943341765902e-08
51 160 0.00011396606714697555
51 240 0.18789875507354736
51 320 0.23939409852027893
51 400 0.00010144173575099558
52 0 7.54367874833406e-08
52 80 1.0464380466146395e-05
52 160 0.13539129495620728
52 240 0.04168860241770744
52 320 0.21818917989730835
52 400 0.0027800309471786022
53 0 0.21708759665489197
53 80 0.02574988454580307
53 160 0.06240430474281311
53 240 0.007442517206072807
53 320 0.01675650291144848
53 400 0.21590518951416016
54 0 0.1237308606505394
54 80 0.04354594275355339
54 160 9.313171034364132e-08
54 240 0.05235476419329643
54 320 0.0
54 400 0.041723910719156265
55 0 1.7788113382266602e-07
55 80 9.871997974642e-08
55 160 3.3754713513189927e-06
55 240 0.532355785369873
55 320 0.0020463557448238134
55 400 0.015226287767291069
56 0 5.131419129611459e-07
56 80 0.0020375957246869802
56 160 0.026969322934746742
56 240 0.19727370142936707
56 320 0.00015751343744341284
56 400 0.0004786387144122273
57 0 0.004067229572683573
57 80 0.00026151069323532283
57 160 7.069134881021455e-06
57 240 0.0012850647326558828
57 320 2.5145695303763205e-08
57 400 9.499460418282979e-08
58 0 0.2040344476699829
58 80 4.495701432460919e-06
58 160 6.913215656823013e-06
58 240 0.1694766879081726
58 320 0.11752090603113174
58 400 0.007924683392047882
59 0 0.3155694007873535
59 80 0.09518279880285263
59 160 0.21361616253852844
59 240 2.9933937184978276e-05
59 320 2.9109237402735744e-06
59 400 0.16789473593235016
60 0 0.029766608029603958
60 80 4.6101513362373225e-06
60 160 3.902194976035389e-07
60 240 0.011437192559242249
60 320 0.0
60 400 0.25472620129585266
61 0 1.3450281585392077e-05
61 80 0.10288257151842117
61 160 2.4865937575668795e-07
61 240 0.00026632501976564527
61 320 0.048521727323532104
61 400 0.014548184350132942
62 0 0.04038955643773079
62 80 0.10219042003154755
62 160 0.13301445543766022
62 240 0.06529602408409119
62 320 7.989451114553958e-05
62 400 9.778825926787249e-08
63 0 0.027573471888899803
63 80 0.0
63 160 0.1487460732460022
63 240 0.08617431670427322
63 320 0.12310536205768585
63 400 0.0010371424723416567
64 0 0.007564940024167299
64 80 8.37214145121834e-07
64 160 2.4360329007322434e-06
64 240 0.04732980951666832
64 320 0.005838623270392418
64 400 1.569191772432532e-05
65 0 8.847538879308559e-08
65 80 2.1411251509562135e-05
65 160 4.032517153973458e-06
65 240 0.054042767733335495
65 320 0.038381680846214294
65 400 0.03259085491299629
66 0 0.0015641498612239957
66 80 0.005790626164525747
66 160 0.07648080587387085
66 240 0.0027545348275452852
66 320 1.694824049991439e-06
66 400 0.0
67 0 0.012438991107046604
67 80 0.05437079444527626
67 160 0.016070717945694923
67 240 1.5870456991251558e-05
67 320 0.10889232903718948
67 400 0.3385993540287018
68 0 0.13298024237155914
68 80 0.030960455536842346
68 160 0.015192616730928421
68 240 5.867310903795442e-08
68 320 0.028594689443707466
68 400 1.946444427858296e-07
69 0 1.0244515635804419e-07
69 80 0.00017627478518988937
69 160 0.12953507900238037
69 240 3.7531421526182385e-07
69 320 5.4620945775241125e-06
69 400 0.0035483611281961203
70 0 1.4901146982992941e-08
70 80 1.322472087394999e-07
70 160 0.0016703703440725803
70 240 0.0002248674281872809
70 320 0.13826926052570343
70 400 0.0047355638816952705
71 0 0.0015108539955690503
71 80 5.494794308447126e-08
71 160 9.313225191043273e-10
71 240 0.07875514775514603
71 320 0.09792688488960266
71 400 1.5832476663035777e-08
72 0 9.313225191043273e-10
72 80 5.736736170547374e-07
72 160 0.07894672453403473
72 240 0.02296939678490162
72 320 0.0
72 400 4.232655555824749e-06
73 0 8.20474610918609e-07
73 80 0.0001458610058762133
73 160 0.002799469279125333
73 240 0.012442943640053272
73 320 1.1175865566315224e-08
73 400 1.8626449271863521e-09
74 0 0.006187522318214178
74 80 8.456208888674155e-05
74 160 6.89176715695794e-08
74 240 1.595410139998421e-05
74 320 0.0076840720139443874
74 400 6.742519076397002e-07
75 0 0.00040560177876614034
75 80 7.189479447333724e-07
75 160 0.00793280079960823
75 240 0.001267908839508891
75 320 8.020098903216422e-05
75 400 0.0
76 0 9.965111047449682e-08
76 80 2.3003362059625942e-07
76 160 0.1031707376241684
76 240 8.009355667581985e-08
76 320 1.8160605463890533e-07
76 400 2.313062850589631e-06
77 0 9.313225191043273e-10
77 80 0.00935691874474287
77 160 7.032401754258899e-06
77 240 0.00037776061799377203
77 320 4.5447299612533243e-07
77 400 8.009352825411042e-08
78 0 1.6473369441882824e-06
78 80 6.975330393288459e-07
78 160 9.313225191043273e-10
78 240 7.823096837000776e-08
78 320 2.775321661374619e-07
78 400 3.4600284379848745e-06
79 0 1.169610368378926e-05
79 80 6.89175863044511e-08
79 160 6.248924364626873e-07
79 240 6.332969348932238e-08
79 320 0.0012956301216036081
79 400 0.0
80 0 5.587933671336032e-09
80 80 1.4901157641133977e-08
80 160 5.681047099415082e-08
80 240 0.0
80 320 1.5058014469104819e-05
80 400 7.515569109273201e-07
81 0 0.00022570343571715057
81 80 5.513236374099506e-07
81 160 2.7008308478571053e-08
81 240 1.1548316081189114e-07
81 320 1.259048872270796e-06
81 400 1.3038508051010922e-08
82 0 1.334474859504553e-06
82 80 0.014565406367182732
82 160 1.9557749197929297e-08
82 240 0.000268245319603011
82 320 8.009340035641799e-08
82 400 5.377482921176124e-06
83 0 2.5050743715837598e-05
83 80 8.403600804740563e-05
83 160 3.920821200154023e-06
83 240 0.00020492231124080718
83 320 0.002052183961495757
83 400 5.5879341154252415e-09
84 0 4.656611984898973e-09
84 80 2.9615495122925495e-07
84 160 9.32700204430148e-05
84 240 0.0003263021644670516
84 320 4.245241507305764e-05
84 400 3.170446143485606e-05
85 0 5.690192210749956e-07
85 80 2.9954903766338248e-06
85 160 0.0001106614145101048
85 240 0.0
85 320 0.0
85 400 2.9894906106164854e-07
86 0 6.798624951898091e-08
86 80 0.0
86 160 0.0
86 240 1.0523898197334347e-07
86 320 0.0
86 400 7.450577044210149e-09
87 0 1.8626449271863521e-09
87 80 0.0
87 160 2.589034409083979e-07
87 240 5.587934559514451e-09
87 320 2.217271003246424e-06
87 400 0.0
88 0 3.166490358808005e-08
88 80 2.0489069996187936e-08
88 160 1.8626449271863521e-09
88 240 4.740010353998514e-06
88 320 7.450578820566989e-09
88 400 0.0
89 0 1.8626449271863521e-09
89 80 1.3475348623614991e-06
89 160 2.663558689164347e-07
89 240 1.651182901696302e-05
89 320 0.0
89 400 1.8626450382086546e-09
90 0 2.438753654132597e-06
90 80 2.9802293965985882e-08
90 160 0.0
90 240 8.946747584559489e-06
90 320 3.501701826280623e-07
90 400 2.97086245382161e-07
91 0 8.75441017456069e-08
91 80 4.470335923656421e-08
91 160 2.6269813133694697e-06
91 240 1.8626449271863521e-09
91 320 1.8626435505098016e-08
91 400 1.8626449271863521e-09
92 0 1.8626450382086546e-09
92 80 2.7939675018018306e-09
92 160 6.5192553577730905e-09
92 240 1.7749008520695497e-06
92 320 1.6949890380146826e-07
92 400 2.7939672797572257e-09
93 0 3.7159153976062953e-07
93 80 1.5477646684303181e-06
93 160 3.8648931877105497e-07
93 240 9.09854975361668e-07
93 320 4.088437037808035e-07
93 400 0.0
94 0 4.656611984898973e-09
94 80 0.0
94 160 5.308523043368041e-08
94 240 2.747353562426724e-07
94 320 5.308359050104627e-07
94 400 1.2107183700038604e-08
95 0 1.3690322475667926e-07
95 80 9.313225191043273e-10
95 160 2.1814619685756043e-05
95 240 3.991979156126035e-06
95 320 2.7939675018018306e-09
95 400 2.5145672211124293e-08
96 0 1.5552932097762096e-07
96 80 3.5390225860965074e-08
96 160 1.3504063645086717e-07
96 240 1.676378857951022e-08
96 320 1.1082659767680525e-07
96 400 0.0
97 0 1.8626437281454855e-08
97 80 1.3131555931522598e-07
97 160 1.2852156316967012e-07
97 240 1.015134998283429e-07
97 320 2.9802265544276452e-08
97 400 5.345608542484115e-07
98 0 5.1222603048017845e-08
98 80 6.003886483085807e-06
98 160 9.313225191043273e-10
98 240 2.9802265544276452e-08
98 320 1.3597221482086752e-07
98 400 1.3596126109405304e-06
99 0 8.009343588355478e-08
99 80 0.0
99 160 1.321379477303708e-05
99 240 1.676378857951022e-08
99 320 0.0
99 400 9.313225191043273e-10
100 0 3.911544865786709e-08
100 80 1.571470420458354e-05
100 160 2.1349656890379265e-05
100 240 0.0
100 320 2.3283028838250175e-08
100 400 0.0
101 0 1.1175863789958385e-08
101 80 2.7939672797572257e-09
101 160 9.260243132303003e-06
101 240 2.4959092570497887e-07
101 320 1.6016419976949692e-05
101 400 1.8626449271863521e-09
102 0 0.0
102 80 4.917241085422575e-07
102 160 7.450577044210149e-09
102 240 4.879999551121728e-07
102 320 0.0
102 400 9.313225191043273e-10
103 0 1.1175866454493644e-08
103 80 0.0
103 160 0.0
103 240 3.25962474789776e-08
103 320 0.0
103 400 0.0
104 0 4.656611984898973e-09
104 80 1.396983329016166e-08
104 160 4.563469957474808e-08
104 240 4.656611540809763e-09
104 320 2.1233870484138606e-07
104 400 9.313225191043273e-10
105 0 1.8626449271863521e-09
105 80 2.7939672797572257e-09
105 160 4.898679435427766e-07
105 240 2.235172757991677e-08
105 320 2.6077012549308165e-08
105 400 2.1234001224001986e-07
106 0 3.7252898543727042e-09
106 80 3.976647064973804e-07
106 160 3.7252894102834944e-09
106 240 0.0
106 320 0.0
106 400 0.0
107 0 2.666852651600493e-06
107 80 0.0
107 160 4.042221917188726e-06
107 240 1.7695114706839377e-08
107 320 1.5832474886678938e-08
107 400 1.8626450382086546e-09
108 0 1.3876586990591022e-07
108 80 8.260394679382443e-07
108 160 5.587934559514451e-09
108 240 5.997569587634644e-07
108 320 1.033762728752663e-07
108 400 1.3038506274654083e-08
109 0 9.313225191043273e-10
109 80 0.0
109 160 7.329164759539708e-07
109 240 1.4629713405156508e-06
109 320 7.81177277531242e-06
109 400 6.044188012310769e-07
110 0 1.4807915249548387e-07
110 80 1.0616452073008986e-06
110 160 2.6076989456669253e-08
110 240 7.450578820566989e-09
110 320 2.6914759132523614e-07
110 400 2.268475327582564e-06
111 0 4.0978104465239085e-08
111 80 8.5681378436675e-08
111 160 6.51925669004072e-09
111 240 1.8719363481523033e-07
111 320 0.0
111 400 1.1169443496328313e-05
112 0 4.470341252726939e-08
112 80 2.365523528169433e-07
112 160 5.932312205914059e-07
112 240 8.474990664808502e-08
112 320 1.035562149809266e-06
112 400 4.116344030080654e-07
113 0 2.7939672797572257e-09
113 80 5.6810478099578177e-08
113 160 2.7939675018018306e-09
113 240 5.5879341154252415e-09
113 320 1.8626450382086546e-09
113 400 2.5681658826215426e-06
114 0 1.5087279336967185e-07
114 80 1.8626442610525373e-08
114 160 4.656599017494045e-08
114 240 3.7252894102834944e-09
114 320 1.4901146982992941e-08
114 400 1.024448863518046e-07
115 0 1.8626449271863521e-09
115 80 2.179275497837807e-07
115 160 2.8870973167727243e-08
115 240 2.7008308478571053e-08
115 320 0.0
115 400 9.313225191043273e-10
116 0 3.7252898543727042e-09
116 80 1.7136159158326336e-07
116 160 1.1175863789958385e-08
116 240 0.0
116 320 7.82307765234691e-08
116 400 3.7252894102834944e-09
117 0 8.381900507004048e-09
117 80 5.50397260212776e-07
117 160 0.0
117 240 6.51925624595151e-09
117 320 4.5426018004945945e-06
117 400 2.4866014314284257e-07
118 0 7.450577932388569e-09
118 80 0.0
118 160 6.51925624595151e-09
118 240 0.0
118 320 3.607110784287215e-06
118 400 3.8184207795666225e-08
119 0 0.0
119 80 4.1956850509450305e-06
119 160 0.0
119 240 0.0
119 320 6.331371423584642e-06
119 400 1.573920371811255e-07
120 0 7.450577932388569e-09
120 80 3.7244121813273523e-06
120 160 0.0
120 240 9.313225191043273e-10
120 320 1.8626440834168534e-08
120 400 0.0
121 0 8.984092346508987e-06
121 80 4.882329903921345e-06
121 160 2.235172757991677e-08
121 240 7.357190838774841e-07
121 320 1.8626449271863521e-09
121 400 0.0
122 0 1.5180410173343262e-07
122 80 9.313225191043273e-10
122 160 0.0
122 240 2.7939672797572257e-09
122 320 1.8626449271863521e-09
122 400 1.5646068618480058e-07
123 0 0.0
123 80 0.0
123 160 4.3957189177490363e-07
123 240 1.0244544768056585e-08
123 320 1.2107183700038604e-08
123 400 6.5192553577730905e-09
124 0 9.313225191043273e-10
124 80 1.7953984752239194e-06
124 160 1.9185009136890585e-07
124 240 0.0
124 320 2.5145668658410614e-08
124 400 3.9654992178839166e-06
125 0 2.3469138454856875e-07
125 80 0.0
125 160 2.3447182684321888e-06
125 240 4.097813999237587e-08
125 320 1.3969828849269561e-08
125 400 0.0
126 0 2.2351715145418893e-08
126 80 9.313225191043273e-10
126 160 4.4942053136765026e-06
126 240 7.543488322880876e-07
126 320 4.190945901427767e-08
126 400 7.450577044210149e-09
127 0 4.591286426602892e-07
127 80 3.166490714079373e-08
127 160 0.0
127 240 2.292582166774082e-06
127 320 1.583246778125158e-08
127 400 5.587933671336032e-09
128 0 9.313225191043273e-10
128 80 0.0
128 160 4.563467825846601e-08
128 240 7.794786824888433e-07
128 320 3.632150580301641e-08
128 400 6.356505309668137e-06
129 0 1.129652787312807e-06
129 80 9.313225191043273e-10
129 160 1.8626449271863521e-09
129 240 1.9464427225557301e-07
129 320 0.0
129 400 5.77417935687663e-08
130 0 1.932256282088929e-06
130 80 4.600601926085801e-07
130 160 6.5192553577730905e-09
130 240 2.048895879624979e-07
130 320 0.0
130 400 1.8626449271863521e-09
131 0 7.450578820566989e-09
131 80 9.313225191043273e-10
131 160 1.1733784504031064e-06
131 240 1.8626450382086546e-09
131 320 1.8065741187456297e-06
131 400 0.0
132 0 2.1911171188548906e-06
132 80 2.477278826518159e-07
132 160 1.6910993281271658e-06
132 240 0.0
132 320 1.4901146982992941e-08
132 400 5.401652103387278e-08
133 0 1.58324731103221e-08
133 80 3.5503342132869875e-06
133 160 6.51925624595151e-09
133 240 2.533170686547237e-07
133 320 1.8626449271863521e-09
133 400 4.3026659568567993e-07
134 0 0.0
134 80 8.381901395182467e-09
134 160 1.238652203028323e-07
134 240 9.220038776902584e-08
134 320 1.2759015532992635e-07
134 400 1.7695111154125698e-08
135 0 1.1175862901779965e-08
135 80 1.583246778125158e-08
135 160 2.430714403089951e-07
135 240 2.7939627500472852e-08
135 320 1.1175862901779965e-08
135 400 9.313225191043273e-10
136 0 1.396983151380482e-08
136 80 9.313225191043273e-10
136 160 1.9557761632427173e-08
136 240 1.8521825495554367e-06
136 320 1.6352316833945224e-06
136 400 1.8233258742839098e-06
137 0 6.55633868973382e-07
137 80 2.10357507057779e-06
137 160 5.029126270983397e-08
137 240 2.0728523395519005e-06
137 320 8.381898730647208e-09
137 400 6.146503892523469e-07
138 0 1.0244541215342906e-08
138 80 2.533171823415614e-07
138 160 0.0
138 240 1.8626449271863521e-09
138 320 1.1827741985825924e-07
138 400 0.0
139 0 3.809019233358413e-07
139 80 9.313225191043273e-10
139 160 5.286121449898928e-06
139 240 2.700831380764157e-08
139 320 2.7008329794853125e-08
139 400 1.3530952855944633e-06
140 0 0.0
140 80 2.7939672797572257e-09
140 160 0.0
140 240 3.725290076417309e-09
140 320 5.867325114650157e-08
140 400 4.0046799654192e-08
141 0 1.3969828849269561e-08
141 80 2.7939672797572257e-09
141 160 1.8626450382086546e-09
141 240 5.681058468098854e-08
141 320 9.313225191043273e-10
141 400 4.395770929477294e-07
142 0 3.632149869758905e-08
142 80 3.371322918610531e-07
142 160 1.4249107493924384e-07
142 240 2.6077012549308165e-08
142 320 1.2013968841984024e-07
142 400 1.2200230514736177e-07
143 0 7.450577044210149e-09
143 80 1.2852160580223426e-07
143 160 1.8626449271863521e-09
143 240 1.957399035745766e-06
143 320 2.9802285084201685e-08
143 400 6.5192553577730905e-09
144 0 1.1548314660103642e-07
144 80 7.171165350428055e-08
144 160 1.3038449253599538e-07
144 240 1.8903565432992764e-06
144 320 0.0
144 400 2.7939672797572257e-09
145 0 1.1175862901779965e-08
145 80 0.0
145 160 3.725281416677717e-08
145 240 1.8626449271863521e-09
145 320 2.7939675018018306e-09
145 400 0.0
146 0 1.4901146982992941e-08
146 80 2.756677019988274e-07
146 160 1.2200266041872965e-07
146 240 6.081300512050802e-07
146 320 9.313225191043273e-10
146 400 2.928571348093101e-06
147 0 1.6985627553367522e-06
147 80 2.5331581809950876e-07
147 160 0.0
147 240 9.313225191043273e-10
147 320 6.351392016767932e-07
147 400 0.0
148 0 9.313225191043273e-10
148 80 0.0
148 160 3.287500192072912e-07
148 240 3.855583941003715e-07
148 320 5.587933671336032e-09
148 400 0.0
149 0 1.3894128869651468e-06
149 80 2.5206834379787324e-06
149 160 5.122261370615888e-08
149 240 1.1827737722569509e-07
149 320 1.1175865566315224e-08
149 400 3.352754518459733e-08
150 0 0.0
150 80 5.079652510175947e-06
150 160 8.027587909964495e-07
150 240 3.725290076417309e-09
150 320 9.313225191043273e-10
150 400 6.5192553577730905e-09
151 0 4.656612428988183e-09
151 80 3.1850586879045295e-07
151 160 1.728366896713851e-06
151 240 8.381900507004048e-09
151 320 9.406301160197472e-08
151 400 3.277586756667006e-06
152 0 1.8626449271863521e-09
152 80 8.568120790641842e-08
152 160 4.060472633682366e-07
152 240 1.0150821481147432e-06
152 320 1.965067468745474e-07
152 400 3.765361043406301e-06
153 0 8.75438317393673e-08
153 80 9.4992049071152e-07
153 160 9.313225191043273e-10
153 240 5.778108970844187e-06
153 320 5.960450266684347e-08
153 400 0.0
154 0 2.5145668658410614e-08
154 80 0.0
154 160 2.7939675018018306e-09
154 240 6.556236371579871e-07
154 320 5.587934559514451e-09
154 400 3.5948670529251103e-07
155 0 2.793963638225705e-08
155 80 2.8870971391370404e-08
155 160 7.72033217799617e-07
155 240 3.7252894102834944e-09
155 320 1.4901146982992941e-08
155 400 3.7252894102834944e-09
156 0 5.150046717972145e-07
156 80 2.548614020270179e-06
156 160 4.656611540809763e-09
156 240 2.3904844965727534e-06
156 320 0.0
156 400 5.5879166183103735e-08
157 0 3.948726714497752e-07
157 80 1.8626450382086546e-09
157 160 0.0
157 240 3.6379149150889134e-06
157 320 5.169028099771822e-06
157 400 1.394996615999844e-06
158 0 3.2502796898370434e-07
158 80 0.0
158 160 3.073359522431929e-08
158 240 1.8998817097326537e-07
158 320 9.173199941869825e-07
158 400 9.313225191043273e-10
159 0 2.7939672797572257e-09
159 80 5.801946372230304e-07
159 160 5.3085212670112014e-08
159 240 4.56347137856028e-08
159 320 2.7939675018018306e-09
159 400 2.7939675018018306e-09
160 0 9.313170323821396e-08
160 80 4.377203666194873e-08
160 160 9.313225191043273e-10
160 240 0.0
160 320 3.219913878638181e-06
160 400 9.313223969797946e-09
161 0 4.656611984898973e-09
161 80 9.778825926787249e-08
161 160 7.450577044210149e-09
161 240 4.4703394763701e-08
161 320 5.0563398872327525e-06
161 400 1.676378857951022e-08
162 0 3.0190599318302702e-06
162 80 3.9766476334079925e-07
162 160 3.314807827337063e-06
162 240 0.0
162 320 2.793963638225705e-08
162 400 0.0
163 0 7.450577044210149e-09
163 80 2.2423093923862325e-06
163 160 5.137115749676013e-06
163 240 7.171151850116075e-08
163 320 9.313225191043273e-10
163 400 1.1734620386505412e-07
164 0 3.725281416677717e-08
164 80 1.1175863789958385e-08
164 160 4.656611540809763e-09
164 240 1.8382504549663281e-06
164 320 1.4901154088420299e-08
164 400 0.0
165 0 1.6670507818616898e-07
165 80 1.2107183700038604e-08
165 160 2.7609428343566833e-06
165 240 3.725281416677717e-08
165 320 2.7939672797572257e-09
165 400 1.3232972833066015e-06
166 0 1.1734591254253246e-07
166 80 0.0
166 160 9.033802683688918e-08
166 240 5.867111667612335e-07
166 320 1.6763793908580737e-08
166 400 2.421401177343796e-07
167 0 1.2423114412740688e-06
167 80 0.0
167 160 0.0
167 240 3.7252894102834944e-09
167 320 1.9557749197929297e-08
167 400 4.978195192961721e-06
168 0 0.0
168 80 3.362013387686602e-07
168 160 1.0746723546617432e-06
168 240 4.656611540809763e-09
168 320 1.2107189029109122e-08
168 400 1.663200237089768e-06
169 0 0.0
169 80 1.8626449271863521e-09
169 160 3.166432520629314e-07
169 240 9.313225191043273e-10
169 320 1.8626449271863521e-09
169 400 5.196626489123446e-07
170 0 6.5192553577730905e-09
170 80 0.0
170 160 1.8626449271863521e-09
170 240 2.616606707306346e-06
170 320 3.539017612297357e-08
170 400 7.450577932388569e-09
171 0 5.383788447943516e-06
171 80 6.612111178583291e-07
171 160 1.1389254268578952e-06
171 240 9.313225191043273e-10
171 320 1.9557756303356655e-08
171 400 4.656612428988183e-09
172 0 1.545986663131771e-07
172 80 9.313220417084267e-09
172 160 1.641749577174778e-06
172 240 0.0
172 320 9.313225191043273e-10
172 400 1.0011077620220021e-06
173 0 0.0
173 80 1.9557754526999815e-08
173 160 0.0
173 240 9.313221305262687e-09
173 320 5.6323005992453545e-06
173 400 1.1175867342672063e-08
174 0 0.0
174 80 1.8626449271863521e-09
174 160 1.7136149210728036e-07
174 240 0.0
174 320 0.0
174 400 7.450577932388569e-09
175 0 8.325587259605527e-07
175 80 1.8439969551309332e-07
175 160 2.9988052574481117e-07
175 240 9.313223969797946e-09
175 320 1.1994695796602173e-06
175 400 9.313189508475261e-08
176 0 5.587934559514451e-09
176 80 0.0
176 160 0.0
176 240 1.8626449271863521e-09
176 320 2.8803196983062662e-06
176 400 1.769510937776886e-08
177 0 0.0
177 80 1.8626449271863521e-09
177 160 6.05337220349611e-07
177 240 9.778825926787249e-08
177 320 4.656611540809763e-09
177 400 1.413631480318145e-06
178 0 1.0244541215342906e-08
178 80 1.2107189917287542e-08
178 160 9.313225191043273e-10
178 240 9.313225191043273e-10
178 320 2.887095718051569e-08
178 400 4.284072119276061e-08
179 0 8.400173214795359e-07
179 80 9.313225191043273e-10
179 160 1.6221956684603356e-06
179 240 2.887097849679776e-08
179 320 0.0
179 400 2.7939672797572257e-09
180 0 9.313225191043273e-10
180 80 4.086506578460103e-06
180 160 1.2255271713002003e-06
180 240 1.108268747884722e-07
180 320 3.492381495107111e-07
180 400 4.5912918267276837e-07
181 0 1.0244542991699745e-08
181 80 0.0
181 160 3.213015418168652e-07
181 240 2.328303949639121e-08
181 320 2.7846047601087776e-07
181 400 5.820549517920881e-07
182 0 1.5739192349428777e-07
182 80 1.3969827961091141e-08
182 160 0.0
182 240 9.313222193441106e-09
182 320 0.0
182 400 8.670168085700425e-07
183 0 6.891764314786997e-08
183 80 4.656612428988183e-09
183 160 6.5192553577730905e-09
183 240 9.313225191043273e-10
183 320 4.3491559154063e-07
183 400 8.381858407346954e-08
184 0 1.2200239041249006e-07
184 80 1.769510937776886e-08
184 160 0.0
184 240 0.0
184 320 1.2590595588335418e-06
184 400 1.1175869119028903e-08
185 0 9.499441233629113e-08
185 80 9.313225191043273e-10
185 160 0.0
185 240 0.0
185 320 0.0
185 400 3.40857383207549e-07
186 0 0.0
186 80 2.7939672797572257e-09
186 160 1.3597194481462793e-07
186 240 1.676378857951022e-08
186 320 5.084855843051628e-07
186 400 6.426099474765579e-08
187 0 1.0234770115857827e-06
187 80 1.0244541215342906e-08
187 160 0.0
187 240 1.2096969612684916e-06
187 320 1.3121399433657643e-06
187 400 0.0
188 0 3.7252894102834944e-09
188 80 1.2674290701397695e-06
188 160 6.435179216168763e-07
188 240 4.550980065687327e-06
188 320 5.3085205564684657e-08
188 400 3.511007662382326e-07
189 0 1.1314765515635372e-06
189 80 0.0
189 160 1.3838329095960944e-06
189 240 3.073361654060136e-08
189 320 3.4644793345250946e-07
