1 0.4700533007380805 0.8624
2 0.26338805313875424 0.92405
3 0.22067814507781824 0.937
4 0.19428626662378373 0.94535
5 0.17497568588648268 0.9512
6 0.15987665112465937 0.9554833333333334
7 0.14790956318569082 0.9590666666666666
8 0.1374572698098383 0.96185
9 0.12852459179281173 0.9644833333333334
10 0.12085147948661593 0.9668666666666667
11 0.114065370325849 0.9689666666666666
12 0.10783254525173447 0.9707
13 0.10245525483081717 0.9726666666666667
14 0.09750285295487594 0.97355
15 0.09298657199371853 0.9751833333333333
16 0.08895701502781433 0.9761
17 0.08516206531557066 0.9773333333333334
18 0.08153841248564501 0.97845
19 0.07824352329600849 0.9794333333333334
20 0.07520079020180427 0.98055
21 0.07225165911304798 0.9810833333333333
22 0.06956941029553347 0.9821166666666666
23 0.0671152697840352 0.9826666666666667
24 0.06479689354168326 0.9835666666666667
25 0.06246331487017781 0.98405
26 0.06036267882344057 0.98445
27 0.05840242954332437 0.9852
28 0.056434884387404044 0.9857333333333334
29 0.05473813046214741 0.9862333333333333
30 0.052992959671627995 0.9870333333333333
31 0.05134848788428281 0.9872333333333333
32 0.04969581330556478 0.9878
33 0.04829759329462102 0.9883833333333333
34 0.04683940647158033 0.989
35 0.04552240968584569 0.9894166666666667
36 0.044171943504021746 0.9897833333333333
37 0.04291521397425231 0.9900666666666667
38 0.04172423540124062 0.9903666666666666
39 0.040552320685595084 0.9907166666666667
40 0.03949414234934077 0.9912166666666666
41 0.03830663992095985 0.9914166666666666
42 0.037305345639649996 0.9918333333333333
43 0.036368950506422054 0.9920166666666667
44 0.03533514555611177 0.9924333333333333
45 0.03443991385702131 0.9926
46 0.033604805074783084 0.9930166666666667
47 0.03281584813166211 0.9930166666666667
48 0.031960820184468525 0.9933833333333333
49 0.031164633108179834 0.9938166666666667
50 0.03029283225290112 0.99405
51 0.029590955300967513 0.9941333333333333
52 0.02890117602871616 0.99425
53 0.02818994620628258 0.9947333333333334
54 0.027519434935717124 0.9945833333333334
55 0.02684486882467228 0.9951833333333333
56 0.02626204182868446 0.9951
57 0.025615023995147965 0.9953833333333333
58 0.025027466925985016 0.9956666666666667
59 0.02442655345595785 0.9959666666666667
60 0.02390082922976599 0.9961333333333333
61 0.02334892149788262 0.99615
62 0.022823709499106795 0.9964333333333333
63 0.022348493219478363 0.9964
64 0.02185394061502935 0.9966
65 0.02140255032309782 0.9969333333333333
66 0.020940588920244148 0.9970166666666667
67 0.020502252236151618 0.9969833333333333
68 0.020027937709606057 0.9971166666666667
69 0.019587602679814294 0.9973333333333333
70 0.01918467693527275 0.9975166666666667
71 0.01882357565489516 0.9975666666666667
72 0.018417564545398647 0.9976833333333334
73 0.018041565692596344 0.9977
74 0.017648915283139676 0.9979833333333333
75 0.017361656165937944 0.998
76 0.01701067826712627 0.9980833333333333
77 0.01662680278691068 0.9981
78 0.01634668711292893 0.9982333333333333
79 0.01598799410117254 0.9983833333333333
80 0.015700492551669415 0.9984833333333333
81 0.015395638618820798 0.99855
82 0.015134700848512463 0.9985333333333334
83 0.01484810645386243 0.9985666666666667
84 0.014564064267808314 0.99865
85 0.01427928671471155 0.9987166666666667
86 0.014039578786524913 0.99875
87 0.013784876143905337 0.9988333333333334
88 0.013517827714489563 0.9988833333333333
89 0.013294301208740136 0.9989
90 0.01307785842937034 0.9989
91 0.012854656858393538 0.9988666666666667
92 0.01265413313955148 0.9989333333333333
93 0.01241585668891287 0.9990333333333333
94 0.012205677013645675 0.9991166666666667
95 0.012018106562067577 0.9990666666666667
96 0.01179716152065535 0.99915
97 0.011630407672053747 0.9992833333333333
98 0.01144140144772351 0.9993
99 0.011252735680870728 0.9992666666666666
100 0.011058093311745665 0.9994
101 0.010882865548677949 0.9993333333333333
102 0.010713282700524783 0.99945
103 0.010533753721945004 0.9994666666666666
104 0.010400508572635398 0.9994
105 0.010236753411452049 0.99945
106 0.010053290681454784 0.9995166666666667
107 0.009922173189452049 0.99945
108 0.009786362004186363 0.9995166666666667
109 0.009612434568987695 0.99955
110 0.009491132951077463 0.9995833333333334
111 0.009347172418504015 0.9995666666666667
112 0.009235561615837091 0.9996166666666667
113 0.009078127073386172 0.9996
114 0.008960501221852548 0.9996
115 0.008832102841528843 0.9996333333333334
116 0.008710583007689923 0.9996166666666667
117 0.008585434563374563 0.9995833333333334
118 0.008467598360524312 0.99965
119 0.008360701454763633 0.9996833333333334
120 0.008233057058998135 0.9997333333333334
121 0.00815083770089344 0.9997166666666667
122 0.008017581835913378 0.9997166666666667
123 0.007923694705761382 0.9997833333333334
124 0.007828156704575553 0.9997833333333334
125 0.00771732804457794 0.9998166666666667
126 0.0076160068496632805 0.9998
127 0.00752298208574123 0.9998333333333334
128 0.007421794349202581 0.9998333333333334
129 0.007335776766972628 0.99985
130 0.007254815924027041 0.9998333333333334
131 0.007153650720306892 0.99985
132 0.00706986015536455 0.9998833333333333
133 0.006975478157083363 0.9998666666666667
134 0.006904176248958322 0.99985
135 0.006826752271286762 0.9998666666666667
136 0.006734867086773043 0.9998666666666667
137 0.0066611159748997464 0.9998833333333333
138 0.006579444207537022 0.9999
139 0.006505854125978596 0.9998833333333333
140 0.006426589847701207 0.9998833333333333
141 0.006364653404277843 0.9998666666666667
142 0.006273273996679164 0.9999
143 0.006217447573940621 0.9999
144 0.006147217004250155 0.9998833333333333
145 0.006079163975211413 0.99995
146 0.006010398949692046 0.99995
147 0.005945927181493626 0.9999333333333333
148 0.005883782620488135 0.9999333333333333
149 0.005814360766195015 0.99995
150 0.0057580701933343656 0.99995
151 0.0056979105972162665 0.9999333333333333
152 0.005630245936144866 0.9999666666666667
153 0.005571363710992928 0.9999666666666667
154 0.0055110782570044784 0.99995
155 0.005456731166950723 0.9999666666666667
156 0.005401925837893142 0.9999666666666667
157 0.0053542697100219 0.9999666666666667
158 0.005292946250606845 0.9999666666666667
159 0.005248324194206183 0.9999666666666667
160 0.005192603986920801 0.9999833333333333
161 0.005141766663558329 0.9999666666666667
162 0.00509193580824016 0.9999666666666667
163 0.005041483501746838 0.9999666666666667
164 0.00499491481733983 0.9999666666666667
165 0.004941556039008139 0.9999666666666667
166 0.0048971638512382626 0.9999666666666667
167 0.004855729520880877 0.9999666666666667
168 0.004804237134335662 0.9999666666666667
169 0.004759644274848071 0.9999666666666667
170 0.004717203039454538 0.9999666666666667
171 0.004678056699468065 0.9999666666666667
172 0.004629858770469295 0.9999833333333333
173 0.004586607087969478 0.9999833333333333
174 0.004548395043492182 0.9999666666666667
175 0.004507467899692934 0.9999666666666667
176 0.004466409397833764 0.9999833333333333
177 0.004428571907739872 0.9999833333333333
178 0.004392148585799438 0.9999833333333333
179 0.004353318113594381 1.0
180 0.004314683218385333 0.9999833333333333
181 0.004279903894010335 1.0
182 0.004247130893879751 0.9999833333333333
183 0.004208123828939744 1.0
184 0.004168252013862006 1.0
185 0.004141108499396084 1.0
186 0.004101753798075147 1.0
187 0.00406933478578659 1.0
188 0.004032108672598659 1.0
189 0.004001403276347863 1.0
190 0.003972661288044076 1.0
191 0.003936747786279188 1.0
192 0.003906493790314666 1.0
193 0.0038740880375823326 1.0
194 0.003843862527876155 1.0
195 0.0038169365040391983 1.0
196 0.003780527119048194 1.0
197 0.0037567802140914173 1.0
198 0.0037290124847654945 1.0
199 0.0036983357634204727 1.0
200 0.0036680387213393283 1.0
201 0.0036399666055379662 1.0
202 0.0036162579788822434 1.0
203 0.0035871149950237797 1.0
204 0.003561680590031919 1.0
205 0.0035373680890529854 1.0
206 0.0035076058651658214 1.0
207 0.00348371899697179 1.0
208 0.003458733709756412 1.0
209 0.003432765404737469 1.0
210 0.0034113090180271644 1.0
211 0.0033826722244946544 1.0
212 0.0033592663506524507 1.0
213 0.0033388709868373933 1.0
214 0.003314903420113178 1.0
215 0.0032901901880583004 1.0
216 0.0032718847521882592 1.0
217 0.0032439164583757917 1.0
218 0.003224362624682057 1.0
219 0.0031996288900025317 1.0
220 0.0031803822607052194 1.0
221 0.003159279639803882 1.0
222 0.0031367103710198707 1.0
223 0.0031161053908685013 1.0
224 0.0030971094301945443 1.0
225 0.003074240324689127 1.0
226 0.003055259760003537 1.0
227 0.003034938765597393 1.0
228 0.0030175058472988957 1.0
229 0.0029901179825333056 1.0
230 0.00297863161745372 1.0
231 0.002957450199389715 1.0
232 0.002939093320234331 1.0
233 0.0029193546643097408 1.0
234 0.0029016355013371563 1.0
235 0.002881021729595006 1.0
236 0.0028665277347125527 1.0
237 0.0028450367877931038 1.0
238 0.002829461585609183 1.0
239 0.002812944373725526 1.0
240 0.002793703136641953 1.0
241 0.002776355742028098 1.0
242 0.0027613689195114506 1.0
243 0.002743488481851108 1.0
244 0.0027260965732698724 1.0
245 0.002710170005319088 1.0
246 0.002695466657834394 1.0
247 0.0026779240548316795 1.0
248 0.0026641593994582687 1.0
249 0.002647640722081947 1.0
250 0.002631579888666839 1.0
251 0.0026170211321146076 1.0
252 0.002601797822917472 1.0
253 0.002586224164043281 1.0
254 0.002572850501691021 1.0
255 0.0025560082406672372 1.0
256 0.002544162260405203 1.0
257 0.0025261330438394554 1.0
258 0.0025153240544655954 1.0
259 0.0024991267831620772 1.0
260 0.002482567109410335 1.0
261 0.002472212948927731 1.0
262 0.002459069011114371 1.0
263 0.0024428717550764017 1.0
264 0.0024325784418914617 1.0
265 0.002415468817008838 1.0
266 0.0024057239768649342 1.0
267 0.00239185290671746 1.0
268 0.0023793372719524814 1.0
269 0.0023663682811734662 1.0
270 0.0023530562107177224 1.0
271 0.002340014615376144 1.0
272 0.002328771769306434 1.0
273 0.0023157769551764786 1.0
274 0.0023023716428740098 1.0
275 0.0022921633086542587 1.0
276 0.002279123618031171 1.0
277 0.0022684616376278497 1.0
278 0.002254960756599486 1.0
279 0.0022455505092319515 1.0
280 0.0022348215072371088 1.0
281 0.002219099800652469 1.0
282 0.0022097025522718958 1.0
283 0.002199233484529912 1.0
284 0.0021894485438997144 1.0
285 0.002177745519480956 1.0
286 0.0021676458173251743 1.0
287 0.002156294211668314 1.0
288 0.0021455647187557684 1.0
