1 0 3.5343689918518066
1 80 0.6118852496147156
1 160 0.3710271716117859
1 240 0.29273930191993713
1 320 0.23571547865867615
1 400 0.21896542608737946
2 0 0.2538496255874634
2 80 0.22802777588367462
2 160 0.2235637903213501
2 240 0.19093063473701477
2 320 0.30738720297813416
2 400 0.3740610182285309
3 0 0.2889231741428375
3 80 0.22644886374473572
3 160 0.18951839208602905
3 240 0.2694942057132721
3 320 0.21047788858413696
3 400 0.18661195039749146
4 0 0.2246924638748169
4 80 0.2389179915189743
4 160 0.19289365410804749
4 240 0.19238974153995514
4 320 0.2019619643688202
4 400 0.12760046124458313
5 0 0.11941415816545486
5 80 0.15577778220176697
5 160 0.22699959576129913
5 240 0.18377095460891724
5 320 0.08662959188222885
5 400 0.18962277472019196
6 0 0.16547557711601257
6 80 0.13957349956035614
6 160 0.14108173549175262
6 240 0.2970649003982544
6 320 0.1528557538986206
6 400 0.15969683229923248
7 0 0.0715804174542427
7 80 0.08661233633756638
7 160 0.13580745458602905
7 240 0.12727081775665283
7 320 0.2296631634235382
7 400 0.13325241208076477
8 0 0.10334396362304688
8 80 0.09671333432197571
8 160 0.10814201831817627
8 240 0.16022710502147675
8 320 0.13041241466999054
8 400 0.10829707980155945
9 0 0.1466209441423416
9 80 0.17955805361270905
9 160 0.12939146161079407
9 240 0.11590887606143951
9 320 0.09281273931264877
9 400 0.1019478514790535
10 0 0.08732263743877411
10 80 0.15567590296268463
10 160 0.12970714271068573
10 240 0.18409612774848938
10 320 0.07691222429275513
10 400 0.13939324021339417
11 0 0.10580360889434814
11 80 0.09249600768089294
11 160 0.11232681572437286
11 240 0.13772977888584137
11 320 0.13973931968212128
11 400 0.11887141317129135
12 0 0.08051354438066483
12 80 0.10612558573484421
12 160 0.14556194841861725
12 240 0.11985892057418823
12 320 0.09079667180776596
12 400 0.06444497406482697
13 0 0.07584310322999954
13 80 0.10292497277259827
13 160 0.0776716098189354
13 240 0.07419450581073761
13 320 0.1517244428396225
13 400 0.17614613473415375
14 0 0.08314070850610733
14 80 0.10631506145000458
14 160 0.19558605551719666
14 240 0.09337235987186432
14 320 0.09518773853778839
14 400 0.06942766904830933
15 0 0.1244896873831749
15 80 0.06025467813014984
15 160 0.04282258450984955
15 240 0.04138757660984993
15 320 0.14622442424297333
15 400 0.05762631446123123
16 0 0.06540460139513016
16 80 0.13006101548671722
16 160 0.07400555163621902
16 240 0.047759462147951126
16 320 0.08523783832788467
16 400 0.09490101784467697
17 0 0.05875164642930031
17 80 0.05057019367814064
17 160 0.09113045781850815
17 240 0.09075072407722473
17 320 0.10792931169271469
17 400 0.0725620687007904
18 0 0.08493494987487793
18 80 0.06232810020446777
18 160 0.1114039421081543
18 240 0.05012011155486107
18 320 0.06100987643003464
18 400 0.1286855787038803
19 0 0.07432620227336884
19 80 0.050104498863220215
19 160 0.046825241297483444
19 240 0.06656581163406372
19 320 0.11825870722532272
19 400 0.06122887507081032
20 0 0.0635940283536911
20 80 0.0545230470597744
20 160 0.14794550836086273
20 240 0.06797926872968674
20 320 0.09290839731693268
20 400 0.06457161903381348
21 0 0.0468982495367527
21 80 0.064621701836586
21 160 0.05821920931339264
21 240 0.08925912529230118
21 320 0.0480472557246685
21 400 0.06854896992444992
22 0 0.11416509747505188
22 80 0.052329063415527344
22 160 0.03671496734023094
22 240 0.03544490784406662
22 320 0.07723719626665115
22 400 0.06623431295156479
23 0 0.07257428020238876
23 80 0.09519897401332855
23 160 0.09967389702796936
23 240 0.08694285899400711
23 320 0.0721680223941803
23 400 0.033593468368053436
24 0 0.06416472792625427
24 80 0.03816690668463707
24 160 0.03920309990644455
24 240 0.11224350333213806
24 320 0.03952910751104355
24 400 0.04955317825078964
25 0 0.03494234383106232
25 80 0.07247135043144226
25 160 0.047138094902038574
25 240 0.03589848056435585
25 320 0.13285522162914276
25 400 0.09361027926206589
26 0 0.038221295922994614
26 80 0.07442216575145721
26 160 0.0492827445268631
26 240 0.05887091904878616
26 320 0.040707066655159
26 400 0.0424540638923645
27 0 0.025334030389785767
27 80 0.04931984096765518
27 160 0.0433487668633461
27 240 0.04599405825138092
27 320 0.054163381457328796
27 400 0.0697530210018158
28 0 0.06142929568886757
28 80 0.043783608824014664
28 160 0.050442855805158615
28 240 0.10289349406957626
28 320 0.08226516097784042
28 400 0.03687382489442825
29 0 0.03558588773012161
29 80 0.028168227523565292
29 160 0.06944890320301056
29 240 0.034238606691360474
29 320 0.11405393481254578
29 400 0.03260919451713562
30 0 0.03659282252192497
30 80 0.023684388026595116
30 160 0.042093075811862946
30 240 0.11092642694711685
30 320 0.038385652005672455
30 400 0.036300212144851685
31 0 0.03171083703637123
31 80 0.041514284908771515
31 160 0.08115962147712708
31 240 0.03284778073430061
31 320 0.044704586267471313
31 400 0.03972623497247696
32 0 0.0644553080201149
32 80 0.028795327991247177
32 160 0.03295087069272995
32 240 0.03257807716727257
32 320 0.03888756036758423
32 400 0.04262413829565048
33 0 0.0224054716527462
33 80 0.044882409274578094
33 160 0.08011093735694885
33 240 0.06621821224689484
33 320 0.05192270129919052
33 400 0.05887569859623909
34 0 0.06145891174674034
34 80 0.03897516429424286
34 160 0.05705738067626953
34 240 0.031238099560141563
34 320 0.047413770109415054
34 400 0.05419287830591202
35 0 0.07024367153644562
35 80 0.03250466659665108
35 160 0.06599500775337219
35 240 0.05244432017207146
35 320 0.0677892342209816
35 400 0.03408437594771385
36 0 0.04433680325746536
36 80 0.05338649824261665
36 160 0.019311558455228806
36 240 0.06280315667390823
36 320 0.08589053899049759
36 400 0.03157754987478256
37 0 0.034336671233177185
37 80 0.018456296995282173
37 160 0.03594274818897247
37 240 0.032094839960336685
37 320 0.06026638671755791
37 400 0.0916590541601181
38 0 0.028407583013176918
38 80 0.04930485412478447
38 160 0.04219041392207146
38 240 0.06278691440820694
38 320 0.08031866699457169
38 400 0.04717015102505684
39 0 0.019166039302945137
39 80 0.043410997837781906
39 160 0.023641733452677727
39 240 0.061902694404125214
39 320 0.051048196852207184
39 400 0.04683050885796547
40 0 0.0569315142929554
40 80 0.03127958998084068
40 160 0.05406917259097099
40 240 0.048254963010549545
40 320 0.04590872675180435
40 400 0.04222593456506729
41 0 0.02706008590757847
41 80 0.037795521318912506
41 160 0.01742635667324066
41 240 0.023006252944469452
41 320 0.04986260458827019
41 400 0.011229841969907284
42 0 0.026004571467638016
42 80 0.04039798676967621
42 160 0.041026607155799866
42 240 0.0419120155274868
42 320 0.019466469064354897
42 400 0.03152957186102867
43 0 0.048073817044496536
43 80 0.060188982635736465
43 160 0.04446258023381233
43 240 0.03328189253807068
43 320 0.03715827316045761
43 400 0.036222998052835464
44 0 0.04487968236207962
44 80 0.060573965311050415
44 160 0.017144273966550827
44 240 0.06305680423974991
44 320 0.03823425993323326
44 400 0.032877493649721146
45 0 0.03210994973778725
45 80 0.013904428109526634
45 160 0.0116919856518507
45 240 0.05365655571222305
45 320 0.02650577388703823
45 400 0.04601181298494339
46 0 0.012900150381028652
46 80 0.07335656136274338
46 160 0.015565947629511356
46 240 0.02029728703200817
46 320 0.024313991889357567
46 400 0.030445927754044533
47 0 0.06636412441730499
47 80 0.01738077960908413
47 160 0.011874406598508358
47 240 0.038246672600507736
47 320 0.016573626548051834
47 400 0.012314790859818459
48 0 0.03621485084295273
48 80 0.020023835822939873
48 160 0.036048512905836105
48 240 0.0402069017291069
48 320 0.019690830260515213
48 400 0.02074786089360714
49 0 0.02756640501320362
49 80 0.015153824351727962
49 160 0.03152399882674217
49 240 0.03172609210014343
49 320 0.01463361456990242
49 400 0.04409141466021538
50 0 0.015592518262565136
50 80 0.019468054175376892
50 160 0.07147853076457977
50 240 0.009728665463626385
50 320 0.022571338340640068
50 400 0.01661168783903122
51 0 0.048355817794799805
51 80 0.02036069892346859
51 160 0.016253016889095306
51 240 0.02446182444691658
51 320 0.03635923191905022
51 400 0.047094590961933136
52 0 0.03864775598049164
52 80 0.01948014460504055
52 160 0.03593152016401291
52 240 0.039653606712818146
52 320 0.03395380824804306
52 400 0.018103135749697685
53 0 0.023052945733070374
53 80 0.022660918533802032
53 160 0.025283697992563248
53 240 0.014631785452365875
53 320 0.03847932443022728
53 400 0.018716396763920784
54 0 0.13079287111759186
54 80 0.01668613776564598
54 160 0.024334780871868134
54 240 0.02471091039478779
54 320 0.016084253787994385
54 400 0.013645635917782784
55 0 0.03082193434238434
55 80 0.02501135878264904
55 160 0.029119890183210373
55 240 0.0263049453496933
55 320 0.014670748263597488
55 400 0.009340151213109493
56 0 0.10693588852882385
56 80 0.018324168398976326
56 160 0.06116924807429314
56 240 0.010857248678803444
56 320 0.04402273893356323
56 400 0.024594005197286606
57 0 0.03369449824094772
57 80 0.011583508923649788
57 160 0.013729691505432129
57 240 0.021983008831739426
57 320 0.04409995302557945
57 400 0.03773541375994682
58 0 0.01842128485441208
58 80 0.02130037546157837
58 160 0.004504552111029625
58 240 0.03694149851799011
58 320 0.03818723186850548
58 400 0.031721629202365875
59 0 0.015333031304180622
59 80 0.016970554366707802
59 160 0.013679261319339275
59 240 0.04546511918306351
59 320 0.016506269574165344
59 400 0.028163617476820946
60 0 0.02072136290371418
60 80 0.010716051794588566
60 160 0.023673493415117264
60 240 0.016131926327943802
60 320 0.012608688324689865
60 400 0.020144976675510406
61 0 0.0159698985517025
61 80 0.016150178387761116
61 160 0.01077441219240427
61 240 0.015840692445635796
61 320 0.026852427050471306
61 400 0.05580109357833862
62 0 0.010099813342094421
62 80 0.06490294635295868
62 160 0.014366431161761284
62 240 0.010648434981703758
62 320 0.027152489870786667
62 400 0.022957023233175278
63 0 0.0309133417904377
63 80 0.021438445895910263
63 160 0.03445516154170036
63 240 0.017986193299293518
63 320 0.011103677563369274
63 400 0.015259167179465294
64 0 0.01920829899609089
64 80 0.010424582287669182
64 160 0.023426484316587448
64 240 0.013524634763598442
64 320 0.01703873835504055
64 400 0.024989554658532143
65 0 0.04097891226410866
65 80 0.012310444377362728
65 160 0.015619832091033459
65 240 0.01446017250418663
65 320 0.014991373755037785
65 400 0.012870068661868572
66 0 0.010207150131464005
66 80 0.03719276562333107
66 160 0.025848934426903725
66 240 0.01582382246851921
66 320 0.025029180571436882
66 400 0.015970395877957344
67 0 0.006890202406793833
67 80 0.018380654975771904
67 160 0.018428001552820206
67 240 0.01269688829779625
67 320 0.0313497856259346
67 400 0.01986694522202015
68 0 0.017978692427277565
68 80 0.02477419003844261
68 160 0.009217111393809319
68 240 0.02497808448970318
68 320 0.017764339223504066
68 400 0.01561047974973917
69 0 0.02407987415790558
69 80 0.02113530971109867
69 160 0.022808946669101715
69 240 0.014485741965472698
69 320 0.010382411070168018
69 400 0.012748636305332184
70 0 0.00932785402983427
70 80 0.03435569256544113
70 160 0.014703829772770405
70 240 0.025116220116615295
70 320 0.02805616706609726
70 400 0.05429007485508919
71 0 0.009635470807552338
71 80 0.008113798685371876
71 160 0.0159121323376894
71 240 0.026895815506577492
71 320 0.022437456995248795
71 400 0.023632435128092766
72 0 0.012114188633859158
72 80 0.01499988790601492
72 160 0.020106500014662743
72 240 0.039269883185625076
72 320 0.02501833625137806
72 400 0.02155393920838833
73 0 0.009189244359731674
73 80 0.0137704536318779
73 160 0.02674849145114422
73 240 0.008927818387746811
73 320 0.013835822232067585
73 400 0.005261023994535208
74 0 0.019757745787501335
74 80 0.01755237765610218
74 160 0.010005415417253971
74 240 0.018600773066282272
74 320 0.01968637853860855
74 400 0.03911459073424339
75 0 0.011819395236670971
75 80 0.02606539987027645
75 160 0.012727998197078705
75 240 0.03463175520300865
75 320 0.007135999388992786
75 400 0.02874302864074707
76 0 0.018812580034136772
76 80 0.020006725564599037
76 160 0.022116970270872116
76 240 0.010803173296153545
76 320 0.009408403187990189
76 400 0.007254256866872311
77 0 0.0127383042126894
77 80 0.03318527340888977
77 160 0.020411906763911247
77 240 0.023903099820017815
77 320 0.021368665620684624
77 400 0.013527712784707546
78 0 0.012608052231371403
78 80 0.019932426512241364
78 160 0.013749274425208569
78 240 0.0057266089133918285
78 320 0.010833026841282845
78 400 0.01341353077441454
79 0 0.022796841338276863
79 80 0.008690770715475082
79 160 0.018907127901911736
79 240 0.014190200716257095
79 320 0.011530447751283646
79 400 0.036754075437784195
80 0 0.007956672459840775
80 80 0.010775849223136902
80 160 0.01564565859735012
80 240 0.01050898339599371
80 320 0.024116843938827515
80 400 0.01700407825410366
81 0 0.007348631042987108
81 80 0.007409691344946623
81 160 0.007998082786798477
81 240 0.017731264233589172
81 320 0.011320025660097599
81 400 0.022781603038311005
82 0 0.020590348169207573
82 80 0.008986180648207664
82 160 0.016774913296103477
82 240 0.007266735192388296
82 320 0.014975747093558311
82 400 0.013731911778450012
83 0 0.01713039167225361
83 80 0.007061857730150223
83 160 0.01087997667491436
83 240 0.011109371669590473
83 320 0.012494455091655254
83 400 0.01554089691489935
84 0 0.02825045958161354
84 80 0.00668359687551856
84 160 0.010603436268866062
84 240 0.01773918978869915
84 320 0.015253261663019657
84 400 0.011631128378212452
85 0 0.014511742629110813
85 80 0.01341661624610424
85 160 0.007389121223241091
85 240 0.01947789080440998
85 320 0.013641083613038063
85 400 0.008878573775291443
86 0 0.009982362389564514
86 80 0.009040058590471745
86 160 0.009584205225110054
86 240 0.007419300731271505
86 320 0.009242427535355091
86 400 0.01107801590114832
87 0 0.006757627706974745
87 80 0.007151330355554819
87 160 0.023230643942952156
87 240 0.014156290329992771
87 320 0.015554339624941349
87 400 0.04356307536363602
88 0 0.0071227350272238255
88 80 0.006523457355797291
88 160 0.014028763398528099
88 240 0.027247577905654907
88 320 0.014364195056259632
88 400 0.005720882676541805
89 0 0.008433522656559944
89 80 0.014095024205744267
89 160 0.021768158301711082
89 240 0.009179569780826569
89 320 0.025052731856703758
89 400 0.008545620366930962
90 0 0.0032659778371453285
90 80 0.010546687059104443
90 160 0.025614682585000992
90 240 0.009133693762123585
90 320 0.010258478112518787
90 400 0.01648169942200184
91 0 0.018252791836857796
91 80 0.012555806897580624
91 160 0.014236622489988804
91 240 0.010834284126758575
91 320 0.007129875477403402
91 400 0.008523495867848396
92 0 0.008089274168014526
92 80 0.018529342487454414
92 160 0.009453238919377327
92 240 0.01744866371154785
92 320 0.008797837421298027
92 400 0.017926597967743874
93 0 0.014876112341880798
93 80 0.018421214073896408
93 160 0.013259580358862877
93 240 0.010863895528018475
93 320 0.01402331329882145
93 400 0.02938053384423256
94 0 0.010439303703606129
94 80 0.011076996102929115
94 160 0.00719115324318409
94 240 0.009931485168635845
94 320 0.008329873904585838
94 400 0.01696081832051277
95 0 0.011374070309102535
95 80 0.008062850683927536
95 160 0.012139635160565376
95 240 0.006589227356016636
95 320 0.0078058703802526
95 400 0.01008052658289671
96 0 0.00823504850268364
96 80 0.006884200498461723
96 160 0.018186017870903015
96 240 0.004777148831635714
96 320 0.008482327684760094
96 400 0.030533958226442337
97 0 0.02081262692809105
97 80 0.015559853985905647
97 160 0.009571744129061699
97 240 0.004668574780225754
97 320 0.011612039059400558
97 400 0.009824068285524845
98 0 0.009831471368670464
98 80 0.018614426255226135
98 160 0.007732643745839596
98 240 0.012959879823029041
98 320 0.009344207122921944
98 400 0.013500930741429329
99 0 0.010617629624903202
99 80 0.013437473215162754
99 160 0.014011161401867867
99 240 0.008490605279803276
99 320 0.010090758092701435
99 400 0.015733903273940086
100 0 0.005574891809374094
100 80 0.00853961892426014
100 160 0.011282267980277538
100 240 0.00962657481431961
100 320 0.00805903971195221
100 400 0.006903561297804117
101 0 0.007530128117650747
101 80 0.009552543982863426
101 160 0.009629947133362293
101 240 0.00947045162320137
101 320 0.013730403035879135
101 400 0.01311605516821146
102 0 0.0053422534838318825
102 80 0.003963668365031481
102 160 0.01476268470287323
102 240 0.008174547925591469
102 320 0.007701159920543432
102 400 0.015434874221682549
103 0 0.018904849886894226
103 80 0.00817439891397953
103 160 0.005080769304186106
103 240 0.010716691613197327
103 320 0.009513565339148045
103 400 0.030593007802963257
104 0 0.010120151564478874
104 80 0.004357538651674986
104 160 0.00765911303460598
104 240 0.016857068985700607
104 320 0.009231030009686947
104 400 0.00461841095238924
105 0 0.009265590459108353
105 80 0.010640257969498634
105 160 0.010644979774951935
105 240 0.0061668092384934425
105 320 0.013631125912070274
105 400 0.0070130410604178905
106 0 0.0073601556941866875
106 80 0.024187970906496048
106 160 0.004074728582054377
106 240 0.014117639511823654
106 320 0.005527557339519262
106 400 0.00483444519340992
107 0 0.008104419335722923
107 80 0.010723531246185303
107 160 0.012311957776546478
107 240 0.011427025310695171
107 320 0.006588859483599663
107 400 0.0033527808263897896
108 0 0.014003245159983635
108 80 0.015195158310234547
108 160 0.0069818818010389805
108 240 0.012228459119796753
108 320 0.008433051407337189
108 400 0.008842271752655506
109 0 0.004466163460165262
109 80 0.009734355844557285
109 160 0.008839933201670647
109 240 0.00463458988815546
109 320 0.0036520399153232574
109 400 0.009273720905184746
110 0 0.010331906378269196
110 80 0.010530070401728153
110 160 0.014556145295500755
110 240 0.01428267266601324
110 320 0.01168631948530674
110 400 0.008750258944928646
111 0 0.006370122078806162
111 80 0.005614746827632189
111 160 0.00827234797179699
111 240 0.008152270689606667
111 320 0.008420436643064022
111 400 0.012104562483727932
112 0 0.010391551069915295
112 80 0.006795705761760473
112 160 0.013741194270551205
112 240 0.0062858653254806995
112 320 0.009304603561758995
112 400 0.007019431795924902
113 0 0.0101250521838665
113 80 0.004418740049004555
113 160 0.008207746781408787
113 240 0.011976353824138641
113 320 0.008320888504385948
113 400 0.007082809694111347
114 0 0.00666001345962286
114 80 0.007685755379498005
114 160 0.0140236159786582
114 240 0.008196664974093437
114 320 0.00595092074945569
114 400 0.004270446021109819
115 0 0.013876065611839294
115 80 0.007117514964193106
115 160 0.008520638570189476
115 240 0.011549092829227448
115 320 0.009056461043655872
115 400 0.00664807902649045
116 0 0.0037668426521122456
116 80 0.010132815688848495
116 160 0.003544833278283477
116 240 0.006418293341994286
116 320 0.005420536734163761
116 400 0.004613165743649006
117 0 0.007680750451982021
117 80 0.006573254708200693
117 160 0.006519282702356577
117 240 0.007058653049170971
117 320 0.011091782711446285
117 400 0.012397482991218567
118 0 0.006660022307187319
118 80 0.008904479444026947
118 160 0.0063278754241764545
118 240 0.005072786472737789
118 320 0.007889463566243649
118 400 0.0074314698576927185
119 0 0.009361669421195984
119 80 0.008114764466881752
119 160 0.008946779184043407
119 240 0.007444090209901333
119 320 0.005511545110493898
119 400 0.00891723670065403
120 0 0.006089495494961739
120 80 0.012959436513483524
120 160 0.006360824219882488
120 240 0.002744328463450074
120 320 0.007480434607714415
120 400 0.010439985431730747
121 0 0.007048982195556164
121 80 0.006351693999022245
121 160 0.0060872882604599
121 240 0.007791315205395222
121 320 0.007597125135362148
121 400 0.008509996347129345
122 0 0.006306070368736982
122 80 0.007021829020231962
122 160 0.00628597941249609
122 240 0.008954321965575218
122 320 0.0045098508708179
122 400 0.004919904284179211
123 0 0.00825269240885973
123 80 0.00987908523529768
123 160 0.013542166911065578
123 240 0.004816869273781776
123 320 0.016320781782269478
123 400 0.006546883378177881
124 0 0.005605896934866905
124 80 0.0036219358444213867
124 160 0.00658426946029067
124 240 0.009360496886074543
124 320 0.006824236363172531
124 400 0.008070826530456543
125 0 0.0046060048043727875
125 80 0.0036575705744326115
125 160 0.0071553378365933895
125 240 0.004743171855807304
125 320 0.0035326036158949137
125 400 0.007856475189328194
126 0 0.0045278025791049
126 80 0.007064788602292538
126 160 0.004528893623501062
126 240 0.004207301419228315
126 320 0.0029871242586523294
126 400 0.0042007481679320335
127 0 0.0092488843947649
127 80 0.009487654082477093
127 160 0.013037051074206829
127 240 0.010584781877696514
127 320 0.008166109211742878
127 400 0.007285062223672867
128 0 0.004205917473882437
128 80 0.00687359319999814
128 160 0.00994851253926754
128 240 0.009088514372706413
128 320 0.008891215547919273
128 400 0.013120370917022228
129 0 0.007016007322818041
129 80 0.009271832183003426
129 160 0.004540891852229834
129 240 0.005111721344292164
129 320 0.006388082168996334
129 400 0.0062442803755402565
130 0 0.010095448233187199
130 80 0.007153231650590897
130 160 0.009935285896062851
130 240 0.006218909751623869
130 320 0.006955645978450775
130 400 0.007408594712615013
131 0 0.007479887455701828
131 80 0.006021922454237938
131 160 0.006070885341614485
131 240 0.00977675337344408
131 320 0.012699050828814507
131 400 0.006125401705503464
132 0 0.004181519150733948
132 80 0.0028221358079463243
132 160 0.004636619705706835
132 240 0.0067812916822731495
132 320 0.014442053623497486
132 400 0.006097801495343447
133 0 0.005665631033480167
133 80 0.0079072630032897
133 160 0.00549696059897542
133 240 0.01820242777466774
133 320 0.010377490893006325
133 400 0.004053197801113129
134 0 0.006559357512742281
134 80 0.005896466784179211
134 160 0.009344970807433128
134 240 0.008816852234303951
134 320 0.004155096597969532
134 400 0.006469347979873419
135 0 0.008877950720489025
135 80 0.0030019120313227177
135 160 0.006339376792311668
135 240 0.008179189637303352
135 320 0.007703959010541439
135 400 0.005470771808177233
136 0 0.005022162105888128
136 80 0.0033398328814655542
136 160 0.011234629899263382
136 240 0.005542756523936987
136 320 0.005764584522694349
136 400 0.0033345199190080166
137 0 0.0050760661251842976
137 80 0.008748060092329979
137 160 0.0045797936618328094
137 240 0.003454387653619051
137 320 0.006462217774242163
137 400 0.00377837335690856
138 0 0.005170547403395176
138 80 0.011844847351312637
138 160 0.008229474537074566
138 240 0.006087019108235836
138 320 0.01159119326621294
138 400 0.004419476725161076
139 0 0.012225275859236717
139 80 0.004121169447898865
139 160 0.0046355752274394035
139 240 0.0026348810642957687
139 320 0.00909370556473732
139 400 0.003918125759810209
140 0 0.01081033330410719
140 80 0.003689379431307316
140 160 0.006011654157191515
140 240 0.006015209946781397
140 320 0.0068566142581403255
140 400 0.004929910413920879
141 0 0.00622398080304265
141 80 0.004565903451293707
141 160 0.011355571448802948
141 240 0.008239529095590115
141 320 0.0064919632859528065
141 400 0.0030488665215671062
142 0 0.010467665269970894
142 80 0.003283706959336996
142 160 0.006813389249145985
142 240 0.004205022938549519
142 320 0.002991468645632267
142 400 0.00598437525331974
143 0 0.005604686681181192
143 80 0.002781996037811041
143 160 0.0042923190630972385
143 240 0.0015402052085846663
143 320 0.0028678688686341047
143 400 0.0019406932406127453
144 0 0.007514817174524069
144 80 0.0057095931842923164
144 160 0.005047986283898354
144 240 0.00878551509231329
144 320 0.006164573598653078
144 400 0.004263102542608976
145 0 0.005684859585016966
145 80 0.0065406267531216145
145 160 0.010609704069793224
145 240 0.007858548313379288
145 320 0.008809500373899937
145 400 0.011979267932474613
146 0 0.003947151824831963
146 80 0.004414341878145933
146 160 0.0056683095172047615
146 240 0.005549668800085783
146 320 0.005886823870241642
146 400 0.0030892780050635338
147 0 0.0053629400208592415
147 80 0.006227314006537199
147 160 0.008077844977378845
147 240 0.008869378827512264
147 320 0.008478292264044285
147 400 0.0064553869888186455
148 0 0.006726549006998539
148 80 0.004148202948272228
148 160 0.009207304567098618
148 240 0.00792611949145794
148 320 0.003339021233841777
148 400 0.0028629752341657877
149 0 0.003083647694438696
149 80 0.006035860627889633
149 160 0.003907328937202692
149 240 0.004766042344272137
149 320 0.008979670703411102
149 400 0.0072822594083845615
150 0 0.007358168251812458
150 80 0.0033887987956404686
150 160 0.006156636867672205
150 240 0.00790456123650074
150 320 0.002332545118406415
150 400 0.007501698099076748
151 0 0.007806521840393543
151 80 0.007043215446174145
151 160 0.004769834224134684
151 240 0.005758009385317564
151 320 0.005560505669564009
151 400 0.006706832908093929
152 0 0.003916624467819929
152 80 0.006055703852325678
152 160 0.0036041554994881153
152 240 0.0037255098577588797
152 320 0.006368692498654127
152 400 0.00297249061986804
153 0 0.005883875768631697
153 80 0.008293889462947845
153 160 0.004597343038767576
153 240 0.004466227255761623
153 320 0.006382383406162262
153 400 0.006432879250496626
154 0 0.003583549987524748
154 80 0.007531340699642897
154 160 0.006227027624845505
154 240 0.003571314737200737
154 320 0.004886790178716183
154 400 0.0043107373639941216
155 0 0.006494162138551474
155 80 0.004314990248531103
155 160 0.003213275223970413
155 240 0.0032253069803118706
155 320 0.007155000697821379
155 400 0.00551909115165472
156 0 0.0046020615845918655
156 80 0.005978707689791918
156 160 0.006674752105027437
156 240 0.0068908450193703175
156 320 0.003960077650845051
156 400 0.006647279020398855
157 0 0.00599156366661191
157 80 0.004346685949712992
157 160 0.004678378347307444
157 240 0.004087097477167845
157 320 0.0024057847913354635
157 400 0.00620659114792943
158 0 0.005787685047835112
158 80 0.004277158994227648
158 160 0.006516295485198498
158 240 0.006874867714941502
158 320 0.0050278315320611
158 400 0.0044615850783884525
159 0 0.001638996647670865
159 80 0.0029598036780953407
159 160 0.007669590413570404
159 240 0.004601168446242809
159 320 0.004750157706439495
159 400 0.0031931388657540083
160 0 0.005917583592236042
160 80 0.00318614998832345
160 160 0.006788301281630993
160 240 0.0039967866614460945
160 320 0.006949050817638636
160 400 0.005288620945066214
161 0 0.0028663850389420986
161 80 0.00471175741404295
161 160 0.0025854422710835934
161 240 0.0055017839185893536
161 320 0.0037488744128495455
161 400 0.008670005016028881
162 0 0.003262463491410017
162 80 0.00222913920879364
162 160 0.008423776365816593
162 240 0.005907932296395302
162 320 0.002468373393639922
162 400 0.003176923608407378
163 0 0.004832630045711994
163 80 0.0030294153839349747
163 160 0.003137075575068593
163 240 0.0070767514407634735
163 320 0.002848551608622074
163 400 0.004979994148015976
164 0 0.0066764261573553085
164 80 0.004487677477300167
164 160 0.006364250089973211
164 240 0.005017670337110758
164 320 0.004407525062561035
164 400 0.0021673464216291904
165 0 0.005243152379989624
165 80 0.0038848312105983496
165 160 0.006568483542650938
165 240 0.0048132226802408695
165 320 0.001464945264160633
165 400 0.008069802075624466
166 0 0.0030561445746570826
166 80 0.002702245255932212
166 160 0.006520508788526058
166 240 0.0022215461358428
166 320 0.0017834095051512122
166 400 0.0054622539319098
167 0 0.005934458691626787
167 80 0.003777817590162158
167 160 0.00553292827680707
167 240 0.004741936456412077
167 320 0.005872454959899187
167 400 0.003662389935925603
168 0 0.006085916422307491
168 80 0.00531395897269249
168 160 0.0048204148188233376
168 240 0.004454778041690588
168 320 0.00624714232981205
168 400 0.0034657265059649944
169 0 0.0024555071722716093
169 80 0.0029266541823744774
169 160 0.0033008025493472815
169 240 0.005258236546069384
169 320 0.005227614659816027
169 400 0.013811061158776283
170 0 0.004581134766340256
170 80 0.003907508682459593
170 160 0.003481257474049926
170 240 0.008146692998707294
170 320 0.007805707398802042
170 400 0.00812324695289135
171 0 0.005229066591709852
171 80 0.006738224066793919
171 160 0.004753934685140848
171 240 0.004966160282492638
171 320 0.004232735838741064
171 400 0.0038792630657553673
172 0 0.002011943142861128
172 80 0.008373198099434376
172 160 0.002009660005569458
172 240 0.00340811675414443
172 320 0.00291077489964664
172 400 0.003073835512623191
173 0 0.003312336513772607
173 80 0.0030484884046018124
173 160 0.006167398765683174
173 240 0.0048308949917554855
173 320 0.006211242638528347
173 400 0.00634146761149168
174 0 0.0031957582104951143
174 80 0.004357821773737669
174 160 0.006853889673948288
174 240 0.005277126561850309
174 320 0.009151190519332886
174 400 0.0053679682314395905
175 0 0.007836009375751019
175 80 0.003134195227175951
175 160 0.003884983714669943
175 240 0.006708313710987568
175 320 0.004795492626726627
175 400 0.006685690023005009
176 0 0.004005832597613335
176 80 0.0024166463408619165
176 160 0.002928496338427067
176 240 0.003476455109193921
176 320 0.003715816419571638
176 400 0.003266070270910859
177 0 0.0014392284210771322
177 80 0.004738491494208574
177 160 0.001230237539857626
177 240 0.006564510520547628
177 320 0.003869676264002919
177 400 0.002166660036891699
178 0 0.0026345732621848583
178 80 0.004617453087121248
178 160 0.003677656641229987
178 240 0.004126574844121933
178 320 0.003094774205237627
178 400 0.0031961603090167046
179 0 0.0044154757633805275
179 80 0.0031675195787101984
179 160 0.0017576835816726089
179 240 0.003281539073213935
179 320 0.004025803878903389
179 400 0.0053916433826088905
180 0 0.003789544105529785
180 80 0.006997331045567989
180 160 0.002675279276445508
180 240 0.0037916526198387146
180 320 0.003789183683693409
180 400 0.006577871739864349
181 0 0.008158647455275059
181 80 0.0030096983537077904
181 160 0.003533080220222473
181 240 0.0058654858730733395
181 320 0.0030682520009577274
181 400 0.0039039147086441517
182 0 0.0029577319510281086
182 80 0.00468280678614974
182 160 0.002973876427859068
182 240 0.004076819401234388
182 320 0.006415088661015034
182 400 0.003125410759821534
183 0 0.0031807285267859697
183 80 0.003313244553282857
183 160 0.003718949155882001
183 240 0.005557651165872812
183 320 0.0021127702202647924
183 400 0.0022581599187105894
184 0 0.0025374479591846466
184 80 0.0049158381298184395
184 160 0.003443498630076647
184 240 0.0034872053656727076
184 320 0.003975070081651211
184 400 0.006526215933263302
185 0 0.003006013808771968
185 80 0.0023358939215540886
185 160 0.0049231699667871
185 240 0.0020376751199364662
185 320 0.004871977958828211
185 400 0.0027017942629754543
186 0 0.0032878341153264046
186 80 0.002931866329163313
186 160 0.002965209074318409
186 240 0.0037354202941060066
186 320 0.0055959951132535934
186 400 0.003277519252151251
187 0 0.004741078708320856
187 80 0.0034280125983059406
187 160 0.006297907792031765
187 240 0.0035731804091483355
187 320 0.0034944505896419287
187 400 0.0029297859873622656
188 0 0.0026217622216790915
188 80 0.0048204753547906876
188 160 0.005938786081969738
188 240 0.007076706737279892
188 320 0.003643634030595422
188 400 0.0032049035653471947
189 0 0.004496850538998842
189 80 0.002347694244235754
189 160 0.00303501239977777
189 240 0.00462997704744339
189 320 0.0029379036277532578
189 400 0.003049536608159542
190 0 0.004205541219562292
190 80 0.005910770036280155
190 160 0.004422427155077457
190 240 0.0034833599347621202
190 320 0.002616329351440072
190 400 0.0052953558042645454
191 0 0.0010764470789581537
191 80 0.005267643369734287
191 160 0.004653624724596739
191 240 0.004466478247195482
191 320 0.006768486928194761
191 400 0.006172622554004192
192 0 0.005515032447874546
192 80 0.003172182710841298
192 160 0.003684600815176964
192 240 0.0034617732744663954
192 320 0.006252567749470472
192 400 0.0024233583826571703
193 0 0.0025252627674490213
193 80 0.005384969059377909
193 160 0.005045188590884209
193 240 0.003184650791808963
193 320 0.004133366048336029
193 400 0.0025190957821905613
194 0 0.0028060346376150846
194 80 0.005665248725563288
194 160 0.0033367089927196503
194 240 0.004712272901087999
194 320 0.0015148797538131475
194 400 0.00460042804479599
195 0 0.0033116682898253202
195 80 0.002777914982289076
195 160 0.0037082547787576914
195 240 0.0030484360177069902
195 320 0.0027263714000582695
195 400 0.0030733468011021614
196 0 0.003192444099113345
196 80 0.0020665472839027643
196 160 0.002932855160906911
196 240 0.00332087860442698
196 320 0.0030267091933637857
196 400 0.005975964944809675
197 0 0.005576855503022671
197 80 0.005116420332342386
197 160 0.0037722077686339617
197 240 0.0024124972987920046
197 320 0.0043921805918216705
197 400 0.0037236600182950497
198 0 0.003732922952622175
198 80 0.00412418507039547
198 160 0.004565518815070391
198 240 0.004393537528812885
198 320 0.0030968282371759415
198 400 0.003347183810546994
199 0 0.0034328962210565805
199 80 0.0044936141930520535
199 160 0.00529082864522934
199 240 0.0034956729505211115
199 320 0.003408845979720354
199 400 0.004206688143312931
200 0 0.005084256175905466
200 80 0.0033640326000750065
200 160 0.007096702698618174
200 240 0.0016070222482085228
200 320 0.0025324851740151644
200 400 0.005398156587034464
201 0 0.007592252921313047
201 80 0.004559010732918978
201 160 0.003256338881328702
201 240 0.0035563353449106216
201 320 0.007048854138702154
201 400 0.0028502815403044224
202 0 0.0020149648189544678
202 80 0.002675982192158699
202 160 0.002542295027524233
202 240 0.0034044727217406034
202 320 0.003457805374637246
202 400 0.003436385653913021
203 0 0.0032799583859741688
203 80 0.00290341442450881
203 160 0.0014513905625790358
203 240 0.004331944044679403
203 320 0.003245478728786111
203 400 0.00704529695212841
204 0 0.0026496718637645245
204 80 0.0018796769436448812
204 160 0.005060484167188406
204 240 0.005447051487863064
204 320 0.0035089876037091017
204 400 0.0022112964652478695
205 0 0.0030039295088499784
205 80 0.00564575707539916
205 160 0.0036237791646271944
205 240 0.0016334112733602524
205 320 0.0033100699074566364
205 400 0.0038984431885182858
206 0 0.002882427303120494
206 80 0.0052506765350699425
206 160 0.006292693316936493
206 240 0.004436821676790714
206 320 0.002065482782199979
206 400 0.0029784152284264565
207 0 0.0032317652367055416
207 80 0.003996097017079592
207 160 0.0033109071664512157
207 240 0.0026040365919470787
207 320 0.003361192299053073
207 400 0.0026087353471666574
208 0 0.003293030895292759
208 80 0.0034865019842982292
208 160 0.002590320073068142
208 240 0.00254175066947937
208 320 0.0031282613053917885
208 400 0.006850280798971653
209 0 0.001377983600832522
209 80 0.0023842910304665565
209 160 0.0026363269425928593
209 240 0.002952881157398224
209 320 0.003039339790120721
209 400 0.005975490435957909
210 0 0.004700918681919575
210 80 0.00112848449498415
210 160 0.0029821284115314484
210 240 0.002161098876968026
210 320 0.0030437414534389973
210 400 0.004017291124910116
211 0 0.005644157063215971
211 80 0.0051932623609900475
211 160 0.001596003887243569
211 240 0.003375306725502014
211 320 0.005265810061246157
211 400 0.001839031116105616
212 0 0.0034079195465892553
212 80 0.002558767097070813
212 160 0.00464883865788579
212 240 0.0035602180287241936
212 320 0.0018538355361670256
212 400 0.0032191111240535975
213 0 0.00221801595762372
213 80 0.004113622009754181
213 160 0.004153565503656864
213 240 0.0022378037683665752
213 320 0.004605615045875311
213 400 0.002795081352815032
214 0 0.0028479588218033314
214 80 0.004171772859990597
214 160 0.002817578613758087
214 240 0.0032987836748361588
214 320 0.004341525956988335
214 400 0.002311018295586109
215 0 0.004822209011763334
215 80 0.0015321641694754362
215 160 0.004415134433656931
215 240 0.007019866723567247
215 320 0.0014523896388709545
215 400 0.00121829763520509
216 0 0.001760735991410911
216 80 0.0016795912524685264
216 160 0.0038349549286067486
216 240 0.004749758169054985
216 320 0.0032854219898581505
216 400 0.003976356238126755
217 0 0.00144543859641999
217 80 0.002421380253508687
217 160 0.0033967725466936827
217 240 0.0028588646091520786
217 320 0.004576995503157377
217 400 0.003649411490187049
218 0 0.0033950735814869404
218 80 0.0034000505693256855
218 160 0.0059303296729922295
218 240 0.006414224859327078
218 320 0.003772835247218609
218 400 0.00393876014277339
219 0 0.004090846516191959
219 80 0.0025353766977787018
219 160 0.0029185668099671602
219 240 0.0032408004626631737
219 320 0.002853461541235447
219 400 0.0028914459981024265
220 0 0.0034903527703136206
220 80 0.002591814612969756
220 160 0.00325135444290936
220 240 0.0034599783830344677
220 320 0.003134580096229911
220 400 0.0019037813181057572
221 0 0.004318233113735914
221 80 0.0024430477060377598
221 160 0.003021278651431203
221 240 0.0025017326697707176
221 320 0.0033550860825926065
221 400 0.0030413668137043715
222 0 0.003601138712838292
222 80 0.0022151898592710495
222 160 0.001970781711861491
222 240 0.003087867284193635
222 320 0.0020205152686685324
222 400 0.0021496107801795006
223 0 0.005531122907996178
223 80 0.006087248679250479
223 160 0.0027961740270256996
223 240 0.006243363954126835
223 320 0.004111286718398333
223 400 0.0009239878272637725
224 0 0.004771068692207336
224 80 0.005251115653663874
224 160 0.003989678807556629
224 240 0.0027943486347794533
224 320 0.0014994675293564796
224 400 0.005092420149594545
225 0 0.0024063242599368095
225 80 0.002669862238690257
225 160 0.004562150686979294
225 240 0.0038691977970302105
225 320 0.0025434866547584534
225 400 0.0016060270136222243
226 0 0.004952661693096161
226 80 0.0017452365718781948
226 160 0.002459899988025427
226 240 0.0038313507102429867
226 320 0.0025108614936470985
226 400 0.0017591736977919936
227 0 0.003480441402643919
227 80 0.0026607003528624773
227 160 0.004088832531124353
227 240 0.0028036299627274275
227 320 0.0017139065312221646
227 400 0.0030551261734217405
228 0 0.0008434256887994707
228 80 0.00522287143394351
228 160 0.0022160224616527557
228 240 0.003337601199746132
228 320 0.0047057634219527245
228 400 0.0040969462133944035
229 0 0.003190307877957821
229 80 0.0031270068138837814
229 160 0.004174472764134407
229 240 0.0016930894926190376
229 320 0.0027485890313982964
229 400 0.0038952010218054056
230 0 0.0033032018691301346
230 80 0.0017882914980873466
230 160 0.0012889355421066284
230 240 0.0010853991843760014
230 320 0.002296700142323971
230 400 0.005100915674120188
231 0 0.0017318098107352853
231 80 0.003200944047421217
231 160 0.0019613669719547033
231 240 0.0018079878063872457
231 320 0.003104636911302805
231 400 0.00602357741445303
232 0 0.0025173663161695004
232 80 0.001991996308788657
232 160 0.004517553374171257
232 240 0.0026698040310293436
232 320 0.0018912376835942268
232 400 0.0021370756439864635
233 0 0.0024763771798461676
233 80 0.0031512717250734568
233 160 0.003298868192359805
233 240 0.0030071218498051167
233 320 0.003262512618675828
233 400 0.0012566030491143465
234 0 0.003681603819131851
234 80 0.0046098497696220875
234 160 0.0022717411629855633
234 240 0.002102178055793047
234 320 0.00391775369644165
234 400 0.0065399594604969025
235 0 0.0015986039070412517
235 80 0.0026797764003276825
235 160 0.0022606702987104654
235 240 0.007057457230985165
235 320 0.002383975777775049
235 400 0.003170465352013707
236 0 0.0037076971493661404
236 80 0.0025694749783724546
236 160 0.0031365910544991493
236 240 0.0006318272789940238
236 320 0.004552100785076618
236 400 0.00308037968352437
237 0 0.002447932492941618
237 80 0.0017898570513352752
237 160 0.003997499123215675
237 240 0.0026257685385644436
237 320 0.0035066609270870686
237 400 0.003588311607018113
238 0 0.0053406828083097935
238 80 0.0033179335296154022
238 160 0.0019847091753035784
238 240 0.0014503991696983576
238 320 0.003785748267546296
238 400 0.0045087141916155815
239 0 0.0021101695019751787
239 80 0.003504941938444972
239 160 0.004371338523924351
239 240 0.0023055856581777334
239 320 0.0016402829205617309
239 400 0.002748356433585286
240 0 0.00391363026574254
240 80 0.002140881260856986
240 160 0.004249881953001022
240 240 0.003010842949151993
240 320 0.0027831250336021185
240 400 0.0020873164758086205
241 0 0.0013737557455897331
241 80 0.0019730068743228912
241 160 0.0018885753815993667
241 240 0.0025206226855516434
241 320 0.002459336305037141
241 400 0.00206824135966599
242 0 0.001868805498816073
242 80 0.0027128516230732203
242 160 0.00219860696233809
242 240 0.0020178775303065777
242 320 0.004607430659234524
242 400 0.003503591287881136
243 0 0.0037835161201655865
243 80 0.002161614364013076
243 160 0.0018347447039559484
243 240 0.002389384200796485
243 320 0.002611972391605377
243 400 0.004537974018603563
244 0 0.0019381280289962888
244 80 0.0018988879164680839
244 160 0.0024843940045684576
244 240 0.0021539106965065002
244 320 0.0031021314207464457
244 400 0.001737865386530757
245 0 0.005037137307226658
245 80 0.0018552369438111782
245 160 0.004040454514324665
245 240 0.0017325924709439278
245 320 0.0028216990176588297
245 400 0.0023359202314168215
246 0 0.001014282344840467
246 80 0.005571149289608002
246 160 0.0009139738976955414
246 240 0.002755893627181649
246 320 0.002724053105339408
246 400 0.0032264860346913338
247 0 0.0018497982528060675
247 80 0.0011101142736151814
247 160 0.003071804065257311
247 240 0.002284375252202153
247 320 0.0029166904278099537
247 400 0.004439021460711956
248 0 0.0023917569778859615
248 80 0.00394392479211092
248 160 0.0019614289049059153
248 240 0.002040970604866743
248 320 0.0010750553337857127
248 400 0.004354649689048529
249 0 0.002558107255026698
249 80 0.002251060213893652
249 160 0.0007678900728933513
249 240 0.0023509354796260595
249 320 0.000991531414911151
249 400 0.0033833030611276627
250 0 0.0034400078002363443
250 80 0.00221256329677999
250 160 0.003869412699714303
250 240 0.0013759195571765304
250 320 0.0029207454062998295
250 400 0.0022978843189775944
251 0 0.0028252098709344864
251 80 0.002937618177384138
251 160 0.0020102078560739756
251 240 0.0021605552174150944
251 320 0.0048035793006420135
251 400 0.0031561912037432194
252 0 0.0018623977666720748
252 80 0.0042085712775588036
252 160 0.0011033812770619988
252 240 0.0014472258044406772
252 320 0.0027070315554738045
252 400 0.002615068107843399
253 0 0.002864351961761713
253 80 0.0020002764649689198
253 160 0.0037205605767667294
253 240 0.00202960311435163
253 320 0.003836817806586623
253 400 0.003887609811499715
254 0 0.0023051572497934103
254 80 0.002197620924562216
254 160 0.0011425982229411602
254 240 0.003113421145826578
254 320 0.0014310497790575027
254 400 0.002048622351139784
255 0 0.0022451116237789392
255 80 0.0017289394745603204
255 160 0.0018581837648525834
255 240 0.0007541227387264371
255 320 0.003561153542250395
255 400 0.0031880871392786503
256 0 0.003351046470925212
256 80 0.0007933663437142968
256 160 0.003442878369241953
256 240 0.0016721711726859212
256 320 0.0041449666023254395
256 400 0.0023030866868793964
257 0 0.0024994108825922012
257 80 0.0010742348385974765
257 160 0.003920853603631258
257 240 0.0031035607680678368
257 320 0.003135919338092208
257 400 0.0027694592718034983
258 0 0.003943342715501785
258 80 0.0032287435606122017
258 160 0.0018863931763917208
258 240 0.0050812335684895515
258 320 0.001995357684791088
258 400 0.0021051838994026184
259 0 0.0017932594055309892
259 80 0.0027228049002587795
259 160 0.003927251789718866
259 240 0.0016490580746904016
259 320 0.0025454326532781124
259 400 0.0020950862672179937
260 0 0.00233889976516366
260 80 0.0038024282548576593
260 160 0.001862931763753295
260 240 0.0006812511710450053
260 320 0.0013643702259287238
260 400 0.0034666690044105053
261 0 0.002823574934154749
261 80 0.0012362883426249027
261 160 0.001503162318840623
261 240 0.0022110273130238056
261 320 0.0024288531858474016
261 400 0.002413326408714056
262 0 0.002074436517432332
262 80 0.0012441761791706085
262 160 0.001469116541557014
262 240 0.0032270934898406267
262 320 0.0019545431714504957
262 400 0.0005957489483989775
263 0 0.0023382336366921663
263 80 0.0021767246071249247
263 160 0.0011999886482954025
263 240 0.0011981853749603033
263 320 0.0008169320062734187
263 400 0.002094659022986889
264 0 0.00298339338041842
264 80 0.001830919412896037
264 160 0.0017289206152781844
264 240 0.0015832131030038
264 320 0.002841684501618147
264 400 0.0020190675277262926
265 0 0.0017345220549032092
265 80 0.0023456462658941746
265 160 0.003125552088022232
265 240 0.0015030376380309463
265 320 0.0032061091624200344
265 400 0.0023519371170550585
266 0 0.0034163976088166237
266 80 0.0024097992572933435
266 160 0.002641721162945032
266 240 0.003833894617855549
266 320 0.0017148246988654137
266 400 0.0030863299034535885
267 0 0.002361101331189275
267 80 0.0015835842350497842
267 160 0.0012823751894757152
267 240 0.0015217146137729287
267 320 0.001156679936684668
267 400 0.0036187039222568274
268 0 0.0011795215541496873
268 80 0.0036046584136784077
268 160 0.0014341025380417705
268 240 0.0023011842276901007
268 320 0.00275214109569788
268 400 0.002520236885175109
269 0 0.0024815553333610296
269 80 0.002689716871827841
269 160 0.0022870267275720835
269 240 0.0016023698262870312
269 320 0.0031957298051565886
269 400 0.0019481456838548183
270 0 0.0013671627966687083
270 80 0.002158315386623144
270 160 0.001713483245112002
270 240 0.0014289451064541936
270 320 0.001937562832608819
270 400 0.001584392273798585
271 0 0.0018869757186621428
271 80 0.0023417554330080748
271 160 0.0017647382337599993
271 240 0.0033197575248777866
271 320 0.0030877527315169573
271 400 0.004258053842931986
272 0 0.003833375871181488
272 80 0.0017834246391430497
272 160 0.002053434494882822
272 240 0.002412000671029091
272 320 0.000536588893737644
272 400 0.0032928846776485443
273 0 0.0007058934425003827
273 80 0.001120045781135559
273 160 0.002562145935371518
273 240 0.0017144992016255856
273 320 0.00156013376545161
273 400 0.0019089929992333055
274 0 0.001082472619600594
274 80 0.003696377854794264
274 160 0.002407210413366556
274 240 0.001013851840980351
274 320 0.0011535334633663297
274 400 0.0027351740282028913
275 0 0.0017122029094025493
275 80 0.004763470031321049
275 160 0.002913903212174773
275 240 0.002934439340606332
275 320 0.0009348561288788915
275 400 0.0028724828734993935
276 0 0.0021770340390503407
276 80 0.003825274994596839
276 160 0.004199841059744358
276 240 0.0017803889932110906
276 320 0.0025602029636502266
276 400 0.0026230651419609785
277 0 0.003268433501943946
277 80 0.0009392690844833851
277 160 0.003274118062108755
277 240 0.0019655022770166397
277 320 0.002989667234942317
277 400 0.001892617903649807
278 0 0.0013904226943850517
278 80 0.002839842811226845
278 160 0.001309242914430797
278 240 0.000784291245508939
278 320 0.0010847450466826558
278 400 0.0015274853212758899
279 0 0.002338724210858345
279 80 0.0023584801238030195
279 160 0.0030153056140989065
279 240 0.002485108794644475
279 320 0.0014675029087811708
279 400 0.001257508178241551
280 0 0.0009602817590348423
280 80 0.001996668754145503
280 160 0.002940061269327998
280 240 0.0009130932157859206
280 320 0.0019884344656020403
280 400 0.0012418364640325308
281 0 0.001525594969280064
281 80 0.0017361819045618176
281 160 0.001446257927455008
281 240 0.0009600053890608251
281 320 0.002665306907147169
281 400 0.0018861095886677504
282 0 0.0023802549112588167
282 80 0.0016991128213703632
282 160 0.0023098697420209646
282 240 0.0013645918807014823
282 320 0.0027209233958274126
282 400 0.0016524017555639148
283 0 0.0029352030251175165
283 80 0.001630075741559267
283 160 0.002034910023212433
283 240 0.0022370147053152323
283 320 0.0026572535280138254
283 400 0.0014764689840376377
284 0 0.0024635980371385813
284 80 0.003672651946544647
284 160 0.002443446544930339
284 240 0.004063349217176437
284 320 0.002079405589029193
284 400 0.0015552191762253642
285 0 0.0019578351639211178
285 80 0.001917737303301692
285 160 0.0020722290500998497
285 240 0.0026083956472575665
285 320 0.001844551763497293
285 400 0.0016832251567393541
286 0 0.002691408386453986
286 80 0.0017416574992239475
286 160 0.0018081791931763291
286 240 0.0025660747196525335
286 320 0.0022339147981256247
286 400 0.0014540357515215874
287 0 0.0019446390215307474
287 80 0.001921611838042736
287 160 0.002174944616854191
287 240 0.0019848868250846863
287 320 0.0015490616206079721
287 400 0.00133301573805511
288 0 0.0009685935219749808
288 80 0.0018119229935109615
288 160 0.0012434452073648572
288 240 0.0020818805787712336
288 320 0.0012983125634491444
288 400 0.0024861230049282312
289 0 0.002040337072685361
289 80 0.0020402451045811176
