1 1.2445960133981857 0.8645666666666667
2 0.3510282965404774 0.9273333333333333
3 0.3042066088601597 0.9363333333333334
4 0.1871826391555925 0.9484333333333334
5 0.16186442030772472 0.9544333333333334
6 0.14383555520603905 0.9595666666666667
7 0.1361068978166974 0.9611833333333333
8 0.11057704493109542 0.96565
9 0.10975797758745487 0.9666833333333333
10 0.11416642742156029 0.96765
11 0.09571104553510258 0.9703
12 0.08863530366985338 0.97235
13 0.08563367456996016 0.9738
14 0.07562454709056407 0.9762666666666666
15 0.073554530541208 0.9768
16 0.07017371573570821 0.9772666666666666
17 0.0691984779100174 0.9778666666666667
18 0.06518711527880988 0.9790333333333333
19 0.060752164822683405 0.9806333333333334
20 0.05812783866697775 0.9819333333333333
21 0.05520599591793981 0.98195
22 0.053280454664143606 0.9830333333333333
23 0.051440813094139226 0.9834166666666667
24 0.050763200257601004 0.9837333333333333
25 0.04781097807347584 0.9852
26 0.046447239792359665 0.9855166666666667
27 0.04327417199196083 0.9863666666666666
28 0.04142004658064958 0.98765
29 0.04070680293598091 0.9874
30 0.03841145594777075 0.9886833333333334
31 0.036745307643387494 0.9888833333333333
32 0.03659580671079536 0.9889833333333333
33 0.03396187837261445 0.9902333333333333
34 0.033431703652709976 0.9901333333333333
35 0.032335801311194706 0.9903666666666666
36 0.031564568936912174 0.9908666666666667
37 0.030753364533817433 0.99095
38 0.028986166212469466 0.9918333333333333
39 0.027097786775728595 0.9927833333333334
40 0.026541234305334973 0.9927666666666667
41 0.025845549898897247 0.9933333333333333
42 0.024561420873379404 0.9936166666666667
43 0.02373578503374447 0.9947666666666667
44 0.023405720323904047 0.9944833333333334
45 0.021750795492120008 0.9949333333333333
46 0.022068154417288138 0.9943833333333333
47 0.02035672187076401 0.99575
48 0.01969122269284179 0.99575
49 0.019385169487573635 0.9959166666666667
50 0.018944685839350894 0.996
51 0.017801231395866254 0.9967166666666667
52 0.017241030471768778 0.9969
53 0.01711019369012027 0.9969333333333333
54 0.016264506460808868 0.9971666666666666
55 0.015681974127638474 0.9974333333333333
56 0.015651934346787806 0.9975166666666667
57 0.014783234769371208 0.99775
58 0.013970166015357319 0.9980333333333333
59 0.013856825673444343 0.9979166666666667
60 0.013522886249896036 0.9982166666666666
61 0.013003865094073037 0.9983333333333333
62 0.01266390105822622 0.9987333333333334
63 0.012348633949587276 0.99865
64 0.011942054060643225 0.99885
65 0.01178182202102398 0.9987666666666667
66 0.01134734081679276 0.9988833333333333
67 0.011025234579301274 0.999
68 0.010729791256966494 0.9992666666666666
69 0.010608450503154064 0.9992166666666666
70 0.010205274133303606 0.9992833333333333
71 0.009978215392333453 0.9993
72 0.009762645532776202 0.9993166666666666
73 0.009366404021412991 0.99955
74 0.009255936126043992 0.9995166666666667
75 0.009100869397517603 0.9996166666666667
76 0.008749379962583436 0.9996666666666667
77 0.008487469542013017 0.9997333333333334
78 0.008497702556280995 0.99975
79 0.008295039470587521 0.9996833333333334
80 0.00811899594167299 0.9997833333333334
81 0.007992146911768755 0.9996
82 0.0077204330400355275 0.99985
83 0.007626380354636656 0.9997833333333334
84 0.007489979128861653 0.99985
85 0.007343842701585308 0.9998333333333334
86 0.0072174389098983395 0.9999166666666667
87 0.007042112182140715 0.9998666666666667
88 0.006947987392467302 0.9998333333333334
89 0.006796632100567857 0.9999166666666667
90 0.006698485600627037 0.9999333333333333
91 0.00657898093189504 0.9999
92 0.006461581693086495 0.99995
93 0.006311736982573928 0.9999666666666667
94 0.006259164475311618 0.99995
95 0.006140256916651371 0.9999833333333333
96 0.006012290585855606 0.99995
97 0.005888466194057579 0.9999833333333333
98 0.00586834775982921 0.99995
99 0.005795397061873465 0.9999833333333333
100 0.005639920648096054 0.9999666666666667
101 0.005551342469657948 0.9999666666666667
102 0.00547720064326668 0.9999666666666667
103 0.005394438512251972 0.9999833333333333
104 0.005347127495244193 0.9999666666666667
105 0.005226180241105638 0.9999666666666667
106 0.005140885864116394 0.9999833333333333
107 0.005061981683499667 0.9999833333333333
108 0.005044528925076508 1.0
109 0.004954633657693434 0.9999833333333333
110 0.004881709290575038 0.9999833333333333
111 0.0048354161093567515 1.0
112 0.004765268831229858 1.0
113 0.004695769796557009 1.0
114 0.00459978753774822 1.0
115 0.004560894062514228 1.0
116 0.004526425952410528 0.9999833333333333
117 0.004453168039446943 0.9999833333333333
118 0.00438374541635349 1.0
119 0.004329938029221047 1.0
120 0.004315309387483775 1.0
121 0.004222207227168279 1.0
122 0.00417577518040497 1.0
123 0.004118224474609391 1.0
124 0.00410243125296315 1.0
125 0.004032951854501984 0.9999833333333333
126 0.003978645934639915 0.9999833333333333
127 0.003971097536006772 0.9999833333333333
128 0.0039028414436477 1.0
129 0.0038659892161376774 1.0
130 0.0038210571889253234 0.9999833333333333
131 0.003757408609353641 1.0
132 0.0037307305463047617 1.0
133 0.0036979137441026234 1.0
134 0.003660699599601233 1.0
135 0.0036239036510803744 1.0
136 0.0035839979806150408 1.0
137 0.003537824008438085 1.0
138 0.00352088092026541 1.0
139 0.0034489258605021754 1.0
140 0.0034567654777719363 1.0
141 0.0033995220659803083 1.0
142 0.0033573997434107527 1.0
143 0.0033504944564010115 1.0
144 0.0033086259307752827 1.0
145 0.003286542531141618 1.0
146 0.0032252541543153334 1.0
147 0.003209848596063107 1.0
148 0.003185054000868186 1.0
149 0.0031493173540829977 1.0
150 0.0031122216542285165 1.0
151 0.0030880085324673954 1.0
152 0.0030520359738799396 1.0
153 0.003032179160126999 1.0
154 0.0029835992113951206 1.0
155 0.002985796039260781 1.0
156 0.0029550462638262285 1.0
157 0.0029319832538332005 1.0
158 0.0029022931721982862 1.0
159 0.002859028140907047 1.0
160 0.0028486239680050335 1.0
161 0.002823122680114745 1.0
162 0.002792198527435552 1.0
163 0.0027737464477890915 1.0
164 0.002752627165596396 1.0
165 0.002747103440707355 1.0
166 0.0027085559238850484 1.0
167 0.002680007214057269 1.0
168 0.0026599303817998036 1.0
169 0.002634201113924956 1.0
170 0.002608475830854733 1.0
171 0.0025906325736170465 1.0
172 0.002583445455662525 1.0
173 0.002554575847993011 1.0
174 0.0025324103422959383 1.0
175 0.0025107717460596253 1.0
176 0.0024960471923077807 1.0
177 0.002482724817730844 1.0
178 0.002466163747181405 1.0
179 0.0024445771797200733 1.0
180 0.00242982006895898 1.0
181 0.00240972827745677 1.0
182 0.0023909000175218703 1.0
183 0.0023715313413425654 1.0
184 0.002347579583955575 1.0
185 0.0023361682391185353 1.0
186 0.0023221935621271137 1.0
187 0.002294903013558347 1.0
188 0.002282934719949826 1.0
189 0.0022640385178984133 1.0
190 0.0022555144213543122 1.0
191 0.0022324882007749088 1.0
192 0.0022220058251978523 1.0
193 0.002204523497779391 1.0
194 0.0021924583720036354 1.0
195 0.0021767218927118076 1.0
196 0.0021654856898241054 1.0
197 0.0021437512521298406 1.0
198 0.0021277585001448903 1.0
199 0.0021212856613669487 1.0
200 0.002104158775430661 1.0
201 0.0020821729589547556 1.0
202 0.002073869247226291 1.0
203 0.002063003050457281 1.0
204 0.002040262954475394 1.0
205 0.002033279049021603 1.0
206 0.002017726879137487 1.0
207 0.0020026098595493274 1.0
208 0.0019928505766450733 1.0
209 0.0019806021425961408 1.0
210 0.001967277885082045 1.0
211 0.0019585319345063372 1.0
212 0.0019412367733871575 1.0
213 0.0019310572600887736 1.0
214 0.0019205743917323618 1.0
215 0.0019013430243844528 1.0
216 0.001897313297904436 1.0
217 0.0018780342367629625 1.0
218 0.0018694964930666353 1.0
219 0.001860510857243623 1.0
220 0.0018516957193542558 1.0
221 0.0018379677943800932 1.0
222 0.0018272911724540144 1.0
223 0.001812382793820489 1.0
224 0.0018097096805283026 1.0
225 0.0017944346185151075 1.0
226 0.0017811190669557878 1.0
227 0.0017762167801482797 1.0
228 0.0017610901790702824 1.0
229 0.0017472964368695056 1.0
230 0.0017419615757963392 1.0
231 0.0017344360455755455 1.0
232 0.0017257836334698244 1.0
233 0.001717048183047294 1.0
234 0.0017012265878347263 1.0
235 0.001692488467244348 1.0
236 0.0016827744648738234 1.0
237 0.0016792535436585911 1.0
238 0.0016650334950030121 1.0
239 0.0016550918761355333 1.0
240 0.0016473546010583068 1.0
241 0.0016429405187818604 1.0
242 0.0016302125280730918 1.0
243 0.0016211681608443282 1.0
244 0.0016118715867709948 1.0
245 0.0016037684037232959 1.0
246 0.0015958350389820538 1.0
247 0.001585095530938802 1.0
248 0.0015828565018984285 1.0
249 0.0015672076883083428 1.0
250 0.0015654769215818697 1.0
251 0.0015570065823258526 1.0
252 0.0015442065799287133 1.0
253 0.0015397279046481846 1.0
254 0.0015283017388251084 1.0
255 0.001522824027650515 1.0
256 0.0015147075407392682 1.0
257 0.001511349621887154 1.0
258 0.0015053531147667697 1.0
259 0.0014900218383637445 1.0
260 0.0014865355242712935 1.0
261 0.0014779382448733799 1.0
262 0.0014718980655627155 1.0
263 0.001464710883567356 1.0
264 0.001451213423728393 1.0
265 0.00144962942097902 1.0
266 0.0014426506962862981 1.0
267 0.001435177428136542 1.0
268 0.0014268838578208622 1.0
269 0.0014188627155856596 1.0
270 0.0014163015315608023 1.0
271 0.0014077033700810166 1.0
272 0.0014024285414292893 1.0
273 0.0013946567813846976 1.0
274 0.001387356481922449 1.0
275 0.0013801226141561729 1.0
276 0.001373271327349109 1.0
277 0.0013672713352777342 1.0
278 0.001363776383429035 1.0
279 0.0013531834768406403 1.0
280 0.0013483349092504276 1.0
281 0.001337062710447352 1.0
282 0.0013382870609363689 1.0
283 0.001328082108842348 1.0
284 0.0013206266136696018 1.0
285 0.001317036635146093 1.0
286 0.0013108026580825479 1.0
287 0.0013056660251843848 1.0
288 0.0012989424641675024 1.0
289 0.001294573171072697 1.0
290 0.0012874111388204322 1.0
291 0.0012824008768019296 1.0
292 0.0012771963836378983 1.0
293 0.0012738690055635717 1.0
294 0.0012678338345629213 1.0
295 0.001259564862724072 1.0
296 0.0012538243760429283 1.0
297 0.0012524669995156131 1.0
298 0.0012447534230545655 1.0
299 0.0012396455756443212 1.0
300 0.0012359555143225532 1.0
9999 0.0012034537503495812 1.0
