1 0 3.2184946537017822
1 80 1.1894862651824951
1 160 0.2744753956794739
1 240 0.19246628880500793
1 320 0.7237153053283691
1 400 0.49511146545410156
2 0 1.0429208278656006
2 80 0.28232699632644653
2 160 0.28671330213546753
2 240 0.5191643834114075
2 320 1.096664309501648
2 400 0.12394070625305176
3 0 0.31497642397880554
3 80 0.07988996058702469
3 160 0.09488477557897568
3 240 0.446614533662796
3 320 0.1889885812997818
3 400 0.2782624363899231
4 0 0.23667755722999573
4 80 0.2782022953033447
4 160 0.16323310136795044
4 240 0.24077108502388
4 320 0.037842463701963425
4 400 0.27343064546585083
5 0 0.2552674114704132
5 80 0.22513867914676666
5 160 0.06520356982946396
5 240 0.2331492155790329
5 320 0.10881265252828598
5 400 0.06759312003850937
6 0 0.15864135324954987
6 80 0.12125413864850998
6 160 0.11187788099050522
6 240 0.07712145149707794
6 320 0.20273232460021973
6 400 0.07815995812416077
7 0 0.08639596402645111
7 80 0.06423437595367432
7 160 0.1636192351579666
7 240 0.10759282112121582
7 320 0.0899149551987648
7 400 0.11286482214927673
8 0 0.11277405917644501
8 80 0.20498277246952057
8 160 0.03568091243505478
8 240 0.10538297146558762
8 320 0.13397316634655
8 400 0.1450527459383011
9 0 0.09135926514863968
9 80 0.03464323654770851
9 160 0.10852568596601486
9 240 0.12544123828411102
9 320 0.0607159286737442
9 400 0.10029589384794235
10 0 0.08427244424819946
10 80 0.074967160820961
10 160 0.026079220697283745
10 240 0.14097101986408234
10 320 0.03526677191257477
10 400 0.11271818727254868
11 0 0.059404801577329636
11 80 0.12376675009727478
11 160 0.01583823375403881
11 240 0.042434174567461014
11 320 0.07612912356853485
11 400 0.05166346952319145
12 0 0.05402762442827225
12 80 0.09809701144695282
12 160 0.08464807271957397
12 240 0.08250663429498672
12 320 0.08593753725290298
12 400 0.12243698537349701
13 0 0.1427508145570755
13 80 0.07015850394964218
13 160 0.09417875111103058
13 240 0.04687299579381943
13 320 0.08017505705356598
13 400 0.14278177917003632
14 0 0.04581319913268089
14 80 0.041766248643398285
14 160 0.05610380694270134
14 240 0.0832177996635437
14 320 0.06763714551925659
14 400 0.1589345932006836
15 0 0.0686229020357132
15 80 0.10755226016044617
15 160 0.010041152127087116
15 240 0.030131302773952484
15 320 0.1496405452489853
15 400 0.12500134110450745
16 0 0.15137895941734314
16 80 0.04074753448367119
16 160 0.027183355763554573
16 240 0.19564005732536316
16 320 0.026309460401535034
16 400 0.039700619876384735
17 0 0.01587063819169998
17 80 0.0240316204726696
17 160 0.11679547280073166
17 240 0.1377846598625183
17 320 0.07279474288225174
17 400 0.14933964610099792
18 0 0.029865171760320663
18 80 0.11122779548168182
18 160 0.04164215549826622
18 240 0.06086114048957825
18 320 0.09765107184648514
18 400 0.11445622891187668
19 0 0.07819443196058273
19 80 0.014207093976438046
19 160 0.14144083857536316
19 240 0.042341239750385284
19 320 0.01979175955057144
19 400 0.07387539744377136
20 0 0.04597649723291397
20 80 0.07673183083534241
20 160 0.037414953112602234
20 240 0.0364808589220047
20 320 0.05784048140048981
20 400 0.04174324497580528
21 0 0.05878380686044693
21 80 0.07177469879388809
21 160 0.09867700189352036
21 240 0.023151569068431854
21 320 0.059581905603408813
21 400 0.08906842768192291
22 0 0.08348920941352844
22 80 0.08918504416942596
22 160 0.06390539556741714
22 240 0.023985330015420914
22 320 0.04278530180454254
22 400 0.049883972853422165
23 0 0.03730632737278938
23 80 0.08723410964012146
23 160 0.030910398811101913
23 240 0.034183286130428314
23 320 0.02870139293372631
23 400 0.1510753482580185
24 0 0.02107769064605236
24 80 0.08974769711494446
24 160 0.0530707947909832
24 240 0.02934681437909603
24 320 0.01889522559940815
24 400 0.039294514805078506
25 0 0.0518190935254097
25 80 0.06351155787706375
25 160 0.028621856123209
25 240 0.04499121382832527
25 320 0.029976824298501015
25 400 0.056689199060201645
26 0 0.049706775695085526
26 80 0.023558104410767555
26 160 0.04340368136763573
26 240 0.03642860800027847
26 320 0.03634721785783768
26 400 0.06264228373765945
27 0 0.1033639907836914
27 80 0.026944058015942574
27 160 0.02085310034453869
27 240 0.04393910989165306
27 320 0.07110623270273209
27 400 0.08767485618591309
28 0 0.011725449934601784
28 80 0.029967326670885086
28 160 0.04326344653964043
28 240 0.0364859402179718
28 320 0.015510139986872673
28 400 0.01406544167548418
29 0 0.04181832820177078
29 80 0.03072068654000759
29 160 0.06722109019756317
29 240 0.029492441564798355
29 320 0.05060664936900139
29 400 0.03669501096010208
30 0 0.009746895171701908
30 80 0.01642853394150734
30 160 0.06379619240760803
30 240 0.07270248234272003
30 320 0.09450612217187881
30 400 0.041848454624414444
31 0 0.05336294695734978
31 80 0.043542373925447464
31 160 0.05768377333879471
31 240 0.01705240085721016
31 320 0.01793724112212658
31 400 0.0365234836935997
32 0 0.037368543446063995
32 80 0.07358082383871078
32 160 0.03702317923307419
32 240 0.026059197261929512
32 320 0.04481568932533264
32 400 0.027212608605623245
33 0 0.010600102134048939
33 80 0.010019740089774132
33 160 0.013553574681282043
33 240 0.046384673565626144
33 320 0.022766821086406708
33 400 0.03953617811203003
34 0 0.013901613652706146
34 80 0.015898317098617554
34 160 0.03486184775829315
34 240 0.020371919497847557
34 320 0.039714619517326355
34 400 0.0337895043194294
35 0 0.0919443890452385
35 80 0.014181429520249367
35 160 0.021744024008512497
35 240 0.040078695863485336
35 320 0.09334169328212738
35 400 0.046522870659828186
36 0 0.03301146626472473
36 80 0.017773296684026718
36 160 0.06025140732526779
36 240 0.017014920711517334
36 320 0.014251718297600746
36 400 0.011569871567189693
37 0 0.08333218842744827
37 80 0.030005812644958496
37 160 0.024825334548950195
37 240 0.014598001725971699
37 320 0.08546959608793259
37 400 0.03504146263003349
38 0 0.014696437865495682
38 80 0.045248620212078094
38 160 0.027193013578653336
38 240 0.011757186613976955
38 320 0.02898392267525196
38 400 0.04822486639022827
39 0 0.04497828707098961
39 80 0.017699066549539566
39 160 0.01078731007874012
39 240 0.029318630695343018
39 320 0.04739151895046234
39 400 0.04580014571547508
40 0 0.019711533561348915
40 80 0.047725263983011246
40 160 0.022850725799798965
40 240 0.01688038557767868
40 320 0.02811661921441555
40 400 0.023413104936480522
41 0 0.013282730244100094
41 80 0.03700270503759384
41 160 0.029483681544661522
41 240 0.04531701281666756
41 320 0.021544333547353745
41 400 0.03559175878763199
42 0 0.016341635957360268
42 80 0.013077921234071255
42 160 0.01838189736008644
42 240 0.02141641452908516
42 320 0.007792218122631311
42 400 0.034993380308151245
43 0 0.010705886408686638
43 80 0.03746085986495018
43 160 0.04324233904480934
43 240 0.07484021037817001
43 320 0.035689257085323334
43 400 0.01355738379061222
44 0 0.01228525210171938
44 80 0.030356915667653084
44 160 0.028984153643250465
44 240 0.03456917777657509
44 320 0.01795019954442978
44 400 0.05533153936266899
45 0 0.018656423315405846
45 80 0.032527998089790344
45 160 0.009322071447968483
45 240 0.009105238132178783
45 320 0.019980639219284058
45 400 0.01800348609685898
46 0 0.012082492932677269
46 80 0.02284497208893299
46 160 0.010762709192931652
46 240 0.020892901346087456
46 320 0.020586129277944565
46 400 0.023401308804750443
47 0 0.014556054025888443
47 80 0.025467345491051674
47 160 0.027804117649793625
47 240 0.0065330262295901775
47 320 0.025960952043533325
47 400 0.015834327787160873
48 0 0.014511644840240479
48 80 0.010430020280182362
48 160 0.017673315480351448
48 240 0.00863042101264
48 320 0.018459070473909378
48 400 0.026916885748505592
49 0 0.024632034823298454
49 80 0.00730687752366066
49 160 0.01806008815765381
49 240 0.030622025951743126
49 320 0.01453077420592308
49 400 0.02022126130759716
50 0 0.015409459359943867
50 80 0.021102113649249077
50 160 0.013267687521874905
50 240 0.06384605914354324
50 320 0.0441741980612278
50 400 0.018579639494419098
51 0 0.012826803140342236
51 80 0.022662196308374405
51 160 0.012689011171460152
51 240 0.0196510199457407
51 320 0.02197430282831192
51 400 0.009105841629207134
52 0 0.008043657056987286
52 80 0.019993392750620842
52 160 0.02055136300623417
52 240 0.007671856787055731
52 320 0.022302357479929924
52 400 0.02864791639149189
53 0 0.01686670631170273
53 80 0.02982851304113865
53 160 0.015449495986104012
53 240 0.01750512793660164
53 320 0.034152157604694366
53 400 0.024334853515028954
54 0 0.011893399991095066
54 80 0.005562718492001295
54 160 0.008096490986645222
54 240 0.013759799301624298
54 320 0.02945496328175068
54 400 0.015512390993535519
55 0 0.008339817635715008
55 80 0.019109562039375305
55 160 0.02407447062432766
55 240 0.016593778505921364
55 320 0.010139829479157925
55 400 0.01804504357278347
56 0 0.0021102873142808676
56 80 0.008460408076643944
56 160 0.021807961165905
56 240 0.030871983617544174
56 320 0.0071824281476438046
56 400 0.004235481843352318
57 0 0.01852467842400074
57 80 0.009240671992301941
57 160 0.011864005587995052
57 240 0.007535750977694988
57 320 0.008195086382329464
57 400 0.010089444927871227
58 0 0.01609596610069275
58 80 0.01733262464404106
58 160 0.010881642811000347
58 240 0.03351419046521187
58 320 0.008293499238789082
58 400 0.0037653062026947737
59 0 0.005606249440461397
59 80 0.006905549671500921
59 160 0.020366188138723373
59 240 0.006165629718452692
59 320 0.0059583717957139015
59 400 0.010869339108467102
60 0 0.010334724560379982
60 80 0.009284368716180325
60 160 0.006793712731450796
60 240 0.010765532962977886
60 320 0.006837270222604275
60 400 0.015419838950037956
61 0 0.007066349498927593
61 80 0.009558538906276226
61 160 0.010602490045130253
61 240 0.019161347299814224
61 320 0.004052756819874048
61 400 0.010790963657200336
62 0 0.018120979890227318
62 80 0.006091850344091654
62 160 0.017561130225658417
62 240 0.012083007022738457
62 320 0.026729179546236992
62 400 0.00545648206025362
63 0 0.009166461415588856
63 80 0.007848745211958885
63 160 0.015443079173564911
63 240 0.01529307384043932
63 320 0.0073801251128315926
63 400 0.008035505190491676
64 0 0.009261783212423325
64 80 0.0168656874448061
64 160 0.017865831032395363
64 240 0.014294710010290146
64 320 0.015546011738479137
64 400 0.01615281216800213
65 0 0.01190188992768526
65 80 0.012044008821249008
65 160 0.033291809260845184
65 240 0.011963991448283195
65 320 0.005917974282056093
65 400 0.015484404750168324
66 0 0.017343902960419655
66 80 0.009976821020245552
66 160 0.005338612943887711
66 240 0.013149862177670002
66 320 0.009227191098034382
66 400 0.0122859887778759
67 0 0.00810935441404581
67 80 0.01301737129688263
67 160 0.007503923494368792
67 240 0.01722111739218235
67 320 0.007106500677764416
67 400 0.006148022133857012
68 0 0.011285688728094101
68 80 0.009564923122525215
68 160 0.005855445750057697
68 240 0.0055657983757555485
68 320 0.01841919682919979
68 400 0.009877074509859085
69 0 0.00407413300126791
69 80 0.007016718853265047
69 160 0.003952833358198404
69 240 0.008278895169496536
69 320 0.009366098791360855
69 400 0.01053241640329361
70 0 0.011672994121909142
70 80 0.0044945827685296535
70 160 0.005755763966590166
70 240 0.008443616330623627
70 320 0.014944151975214481
70 400 0.005855259485542774
71 0 0.012949633412063122
71 80 0.014321746304631233
71 160 0.009690206497907639
71 240 0.004743639845401049
71 320 0.0213679987937212
71 400 0.011767319403588772
72 0 0.007963023148477077
72 80 0.010868731886148453
72 160 0.002791995881125331
72 240 0.01862867921590805
72 320 0.010793059132993221
72 400 0.03159290924668312
73 0 0.008505505509674549
73 80 0.008911379612982273
73 160 0.011108605191111565
73 240 0.0033438666723668575
73 320 0.01517043448984623
73 400 0.01733836531639099
74 0 0.0061908927746117115
74 80 0.0049654701724648476
74 160 0.003965119365602732
74 240 0.011812104843556881
74 320 0.010503697209060192
74 400 0.015797369182109833
75 0 0.008636578917503357
75 80 0.007756497245281935
75 160 0.007952691055834293
75 240 0.01027601771056652
75 320 0.010144227184355259
75 400 0.014365902170538902
76 0 0.007731811609119177
76 80 0.003396503860130906
76 160 0.006207713857293129
76 240 0.011757119558751583
76 320 0.009312144480645657
76 400 0.00853174738585949
77 0 0.006071622483432293
77 80 0.009845639578998089
77 160 0.012880371883511543
77 240 0.00444891257211566
77 320 0.01631854847073555
77 400 0.0061560021713376045
78 0 0.00725519610568881
78 80 0.006533470936119556
78 160 0.004667626228183508
78 240 0.006287954282015562
78 320 0.00929100438952446
78 400 0.006877749226987362
79 0 0.0032861153595149517
79 80 0.004840882495045662
79 160 0.009394722059369087
79 240 0.007465867325663567
79 320 0.006768730003386736
79 400 0.008471191860735416
80 0 0.007746563293039799
80 80 0.008352356031537056
80 160 0.004877752624452114
80 240 0.0036371853202581406
80 320 0.01294778473675251
80 400 0.005312408320605755
81 0 0.00784129835665226
81 80 0.007383431773632765
81 160 0.006402555853128433
81 240 0.008473938331007957
81 320 0.0066022626124322414
81 400 0.008462010882794857
82 0 0.024811645969748497
82 80 0.009542246349155903
82 160 0.00932011567056179
82 240 0.006796295288950205
82 320 0.006653062999248505
82 400 0.00802918616682291
83 0 0.005215868353843689
83 80 0.0036895531229674816
83 160 0.0072282361797988415
83 240 0.006614683195948601
83 320 0.007215442135930061
83 400 0.012921410612761974
84 0 0.007267193403095007
84 80 0.004203226882964373
84 160 0.010824071243405342
84 240 0.00945399422198534
84 320 0.007377943955361843
84 400 0.005834304727613926
85 0 0.006679256912320852
85 80 0.006863980088382959
85 160 0.0029186238534748554
85 240 0.006833147723227739
85 320 0.0068566263653337955
85 400 0.005448989104479551
86 0 0.01231099758297205
86 80 0.009160632267594337
86 160 0.003224531188607216
86 240 0.00808583665639162
86 320 0.004462335724383593
86 400 0.007133526727557182
87 0 0.009697886183857918
87 80 0.014360249042510986
87 160 0.005253174342215061
87 240 0.006420159712433815
87 320 0.013627170585095882
87 400 0.0030488381162285805
88 0 0.011525613255798817
88 80 0.008042294532060623
88 160 0.004901685751974583
88 240 0.004444979131221771
88 320 0.005560134071856737
88 400 0.010450653731822968
89 0 0.0037810381036251783
89 80 0.00798779632896185
89 160 0.004877764265984297
89 240 0.005146889481693506
89 320 0.008050655946135521
89 400 0.004164779093116522
90 0 0.007961273193359375
90 80 0.006750044412910938
90 160 0.007767934817820787
90 240 0.0024744076654314995
90 320 0.010515023022890091
90 400 0.004834542516618967
91 0 0.005878521595150232
91 80 0.007600984536111355
91 160 0.002140895463526249
91 240 0.006009363569319248
91 320 0.007544766180217266
91 400 0.008334401994943619
92 0 0.008617709390819073
92 80 0.005605385173112154
92 160 0.006594179663807154
92 240 0.0026479025837033987
92 320 0.011155853047966957
92 400 0.0024115194100886583
93 0 0.0036015002988278866
93 80 0.005672418978065252
93 160 0.009105992503464222
93 240 0.007718115113675594
93 320 0.006409233435988426
93 400 0.01001876313239336
94 0 0.0035467257257550955
94 80 0.003757675876840949
94 160 0.0037567587569355965
94 240 0.007509886287152767
94 320 0.0050719743594527245
94 400 0.00591736426576972
95 0 0.00584937259554863
95 80 0.004299134947359562
95 160 0.010219389572739601
95 240 0.009138750843703747
95 320 0.0051859295926988125
95 400 0.011825981549918652
96 0 0.005516489502042532
96 80 0.00641363812610507
96 160 0.0036727064289152622
96 240 0.0053063794039189816
96 320 0.0020745741203427315
96 400 0.010636874474585056
97 0 0.0029179281555116177
97 80 0.008308799006044865
97 160 0.0036611296236515045
97 240 0.006138080731034279
97 320 0.005377961788326502
97 400 0.004137544892728329
98 0 0.006693299859762192
98 80 0.0077680423855781555
98 160 0.008995133452117443
98 240 0.00664360448718071
98 320 0.0030980214942246675
98 400 0.006599291693419218
99 0 0.007719258312135935
99 80 0.007150436285883188
99 160 0.0044815815053880215
99 240 0.004597256425768137
99 320 0.003428793977946043
99 400 0.0037320428527891636
100 0 0.008079981431365013
100 80 0.006025893613696098
100 160 0.0038557983934879303
100 240 0.005633448716253042
100 320 0.008337297476828098
100 400 0.004768236540257931
101 0 0.005454245023429394
101 80 0.005092257633805275
101 160 0.010066372342407703
101 240 0.006133063696324825
101 320 0.003207347821444273
101 400 0.004869434051215649
102 0 0.0033245752565562725
102 80 0.005776138510555029
102 160 0.009342454373836517
102 240 0.007273081690073013
102 320 0.010038180276751518
102 400 0.005766843445599079
103 0 0.004910476505756378
103 80 0.003978482447564602
103 160 0.003788234665989876
103 240 0.005516345147043467
103 320 0.00582785252481699
103 400 0.006633617915213108
104 0 0.005467250477522612
104 80 0.007774793077260256
104 160 0.0071012056432664394
104 240 0.010105201974511147
104 320 0.004058824386447668
104 400 0.006753980647772551
105 0 0.0023997253738343716
105 80 0.003710459917783737
105 160 0.005436781793832779
105 240 0.005554901901632547
105 320 0.0031567527912557125
105 400 0.005705078598111868
106 0 0.005008314270526171
106 80 0.0018422335851937532
106 160 0.002672279719263315
106 240 0.007845316082239151
106 320 0.004278498236089945
106 400 0.0041968985460698605
107 0 0.0037404969334602356
107 80 0.0036557477433234453
107 160 0.004549361765384674
107 240 0.007454841863363981
107 320 0.002835512161254883
107 400 0.009313381277024746
108 0 0.006981236860156059
108 80 0.0040506101213395596
108 160 0.006951786577701569
108 240 0.004543157294392586
108 320 0.004706970881670713
108 400 0.007354142144322395
109 0 0.0032142233103513718
109 80 0.005300756078213453
109 160 0.006362390238791704
109 240 0.00572714488953352
109 320 0.00319189066067338
109 400 0.00451054098084569
110 0 0.0038193173240870237
110 80 0.007984466850757599
110 160 0.00415999349206686
110 240 0.005391468293964863
110 320 0.006353046279400587
110 400 0.0044241552241146564
111 0 0.0037466133944690228
111 80 0.003543870523571968
111 160 0.005183358211070299
111 240 0.004577782470732927
111 320 0.006133230868726969
111 400 0.008342712186276913
112 0 0.0035131676122546196
112 80 0.004503299482166767
112 160 0.003532995004206896
112 240 0.006137663032859564
112 320 0.0033669935073703527
112 400 0.0027831962797790766
113 0 0.0032740505412220955
113 80 0.003945460077375174
113 160 0.005789359100162983
113 240 0.003845349419862032
113 320 0.0017425238620489836
113 400 0.0045687127858400345
114 0 0.004261245485395193
114 80 0.00458309892565012
114 160 0.006042526103556156
114 240 0.00519289867952466
114 320 0.0053774709813296795
114 400 0.005152951460331678
115 0 0.0038892950396984816
115 80 0.0019362947205081582
115 160 0.005761431995779276
115 240 0.005178774241358042
115 320 0.0038606547750532627
115 400 0.006472742184996605
116 0 0.005864523351192474
116 80 0.00641853641718626
116 160 0.002739168703556061
116 240 0.0052349320612847805
116 320 0.007870220579206944
116 400 0.0033086957409977913
117 0 0.0017206519842147827
117 80 0.0047270688228309155
117 160 0.003929338417947292
117 240 0.0020113892387598753
117 320 0.007491573691368103
117 400 0.005203933455049992
118 0 0.006125798914581537
118 80 0.007896075025200844
118 160 0.005617605522274971
118 240 0.003945628646761179
118 320 0.0035832044668495655
118 400 0.0007698290282860398
119 0 0.004532733932137489
119 80 0.005432371981441975
119 160 0.005167986731976271
119 240 0.005439802072942257
119 320 0.004335964098572731
119 400 0.004167699255049229
120 0 0.003985583316534758
120 80 0.005178746301680803
120 160 0.0034399766009300947
120 240 0.0030199855100363493
120 320 0.004322742111980915
120 400 0.003594257403165102
121 0 0.0039458186365664005
121 80 0.005041687749326229
121 160 0.0032836010213941336
121 240 0.0031477438751608133
121 320 0.0077739376574754715
121 400 0.005672840867191553
122 0 0.003620852017775178
122 80 0.0030852467752993107
122 160 0.0018183382926508784
122 240 0.005619026254862547
122 320 0.002251398516818881
122 400 0.007172001525759697
123 0 0.002270772587507963
123 80 0.0028010844253003597
123 160 0.004669890273362398
123 240 0.005315082147717476
123 320 0.00287878536619246
123 400 0.005165918730199337
124 0 0.003728488925844431
124 80 0.0020463892724364996
124 160 0.003359358524903655
124 240 0.006487919483333826
124 320 0.004300245549529791
124 400 0.0020963565912097692
125 0 0.003011902328580618
125 80 0.005021347664296627
125 160 0.005855366121977568
125 240 0.0035544869024306536
125 320 0.005844698287546635
125 400 0.0027340161614120007
126 0 0.0022292896173894405
126 80 0.003197039244696498
126 160 0.002966224681586027
126 240 0.004499524366110563
126 320 0.003435091581195593
126 400 0.003877870040014386
127 0 0.0029566080775111914
127 80 0.005696343723684549
127 160 0.004846345167607069
127 240 0.002259698463603854
127 320 0.004239861853420734
127 400 0.0033642330672591925
128 0 0.004177557770162821
128 80 0.004357902333140373
128 160 0.003178155282512307
128 240 0.00408459547907114
128 320 0.0025809279177337885
128 400 0.004963543266057968
129 0 0.0013717615511268377
129 80 0.004059573635458946
129 160 0.0037117553874850273
129 240 0.005760918837040663
129 320 0.0026202467270195484
129 400 0.004016517661511898
130 0 0.0024878503754734993
130 80 0.005156331229954958
130 160 0.004968335386365652
130 240 0.005099403206259012
130 320 0.003832598915323615
130 400 0.005017501767724752
131 0 0.001884712721221149
131 80 0.003144731279462576
131 160 0.0033036330714821815
131 240 0.0021437834948301315
131 320 0.001978071639314294
131 400 0.00320352497510612
132 0 0.005398739129304886
132 80 0.003447938710451126
132 160 0.003824571380391717
132 240 0.004403811879456043
132 320 0.005195992533117533
132 400 0.0051115695387125015
133 0 0.00431222515180707
133 80 0.00585052790120244
133 160 0.0028927111998200417
133 240 0.007584973704069853
133 320 0.004455659072846174
133 400 0.004660647362470627
134 0 0.004410076420754194
134 80 0.0018994221463799477
134 160 0.002714134519919753
134 240 0.006471548229455948
134 320 0.0016409510280936956
134 400 0.005662946030497551
135 0 0.0030247459653764963
135 80 0.004254380706697702
135 160 0.003796548815444112
135 240 0.00570583576336503
135 320 0.0023191547952592373
135 400 0.0037667446304112673
136 0 0.0016412206459790468
136 80 0.0029848262201994658
136 160 0.00337728182785213
136 240 0.0027025199960917234
136 320 0.003137270687147975
136 400 0.005099182482808828
137 0 0.003991231322288513
137 80 0.0031005050987005234
137 160 0.002632275689393282
137 240 0.003533874871209264
137 320 0.0017726015066727996
137 400 0.006180313881486654
138 0 0.0017676863353699446
138 80 0.002362210536375642
138 160 0.00479290634393692
138 240 0.0063113924115896225
138 320 0.0028995827306061983
138 400 0.0034303278662264347
139 0 0.0015905573964118958
139 80 0.004316112957894802
139 160 0.004587824922055006
139 240 0.002299932297319174
139 320 0.0037588125560432673
139 400 0.0028106593526899815
140 0 0.0017307433299720287
140 80 0.003927786834537983
140 160 0.002317714737728238
140 240 0.0018329437589272857
140 320 0.0028134158346801996
140 400 0.0026269324589520693
141 0 0.005087149795144796
141 80 0.002675828291103244
141 160 0.0039751348085701466
141 240 0.003896527225151658
141 320 0.0031007614452391863
141 400 0.006496737245470285
142 0 0.003192925825715065
142 80 0.006541762966662645
142 160 0.006583980284631252
142 240 0.005512410309165716
142 320 0.002944330917671323
142 400 0.005550000816583633
143 0 0.0045393407344818115
143 80 0.002667822875082493
143 160 0.004325933288782835
143 240 0.0038440998177975416
143 320 0.002230478450655937
143 400 0.0031740462873131037
144 0 0.0038291513919830322
144 80 0.002835958730429411
144 160 0.0022014048881828785
144 240 0.00358441355638206
144 320 0.0025506734382361174
144 400 0.0022597333882004023
145 0 0.0041381255723536015
145 80 0.004718294832855463
145 160 0.004371186718344688
145 240 0.0022185244597494602
145 320 0.002852498320862651
145 400 0.0023913776967674494
146 0 0.004978528246283531
146 80 0.004176598973572254
146 160 0.005600923206657171
146 240 0.0033289517741650343
146 320 0.005033213645219803
146 400 0.0035628974437713623
147 0 0.0042918091639876366
147 80 0.004214518703520298
147 160 0.003739507170394063
147 240 0.004640193656086922
147 320 0.003513345494866371
147 400 0.0033394149504601955
148 0 0.004961430095136166
148 80 0.007177654653787613
148 160 0.0030599941965192556
148 240 0.005985353607684374
148 320 0.002119865035638213
148 400 0.003324734279885888
149 0 0.004769839812070131
149 80 0.0022025892976671457
149 160 0.004061959683895111
149 240 0.0030691528227180243
149 320 0.0032517616637051105
149 400 0.003924561198800802
150 0 0.0035673659294843674
150 80 0.0016169451409950852
150 160 0.005392508115619421
150 240 0.0019989237189292908
150 320 0.004786032717674971
150 400 0.0035149387549608946
151 0 0.004162898287177086
151 80 0.0031763019505888224
151 160 0.0017356594325974584
151 240 0.0034822996240109205
151 320 0.004232903942465782
151 400 0.004518062807619572
152 0 0.001862312899902463
152 80 0.0033061064314097166
152 160 0.0027110897935926914
152 240 0.004293608013540506
152 320 0.0042023612186312675
152 400 0.00557515025138855
153 0 0.0024924466852098703
153 80 0.0022752496879547834
153 160 0.0028233551420271397
153 240 0.004149723332375288
153 320 0.0037719758693128824
153 400 0.0032834080047905445
154 0 0.0024255739990621805
154 80 0.0020799944177269936
154 160 0.003813220886513591
154 240 0.00407565850764513
154 320 0.0032077713403850794
154 400 0.002337442943826318
155 0 0.0032476000487804413
155 80 0.0020289081148803234
155 160 0.0034729724284261465
155 240 0.005159325432032347
155 320 0.004388365428894758
155 400 0.0029239009600132704
156 0 0.00195595296099782
156 80 0.0021658847108483315
156 160 0.0051287333481013775
156 240 0.004101636819541454
156 320 0.0033758485224097967
156 400 0.002779558068141341
157 0 0.0025293680373579264
157 80 0.0013733598170801997
157 160 0.002512839389964938
157 240 0.004319722298532724
157 320 0.0029131139162927866
157 400 0.003754610661417246
158 0 0.001798367127776146
158 80 0.002836619969457388
158 160 0.002817824948579073
158 240 0.0016190472524613142
158 320 0.002955477451905608
158 400 0.0023071488831192255
159 0 0.0031792183872312307
159 80 0.002248676959425211
159 160 0.002235265215858817
159 240 0.0029727527871727943
159 320 0.0021838112734258175
159 400 0.004113379400223494
160 0 0.003224957035854459
160 80 0.0017838808707892895
160 160 0.001728497096337378
160 240 0.0030334319453686476
160 320 0.0037193645257502794
160 400 0.0028432621620595455
161 0 0.0023264435585588217
161 80 0.002846691757440567
161 160 0.0033429379109293222
161 240 0.0016316591063514352
161 320 0.0016396675491705537
161 400 0.004076440818607807
162 0 0.002481497125700116
162 80 0.0018749636365100741
162 160 0.0018777215154841542
162 240 0.0037733849603682756
162 320 0.0032755902502685785
162 400 0.002163670025765896
163 0 0.00164682581089437
163 80 0.002673747483640909
163 160 0.0036115015391260386
163 240 0.0025078963954001665
163 320 0.004078138154000044
163 400 0.003824227023869753
164 0 0.0019905513618141413
164 80 0.0011646325001493096
164 160 0.0038114706985652447
164 240 0.0021210145205259323
164 320 0.0018497814889997244
164 400 0.0020942213013768196
165 0 0.003785127541050315
165 80 0.0029958575032651424
165 160 0.0013208019081503153
165 240 0.003262515878304839
165 320 0.0026696098502725363
165 400 0.0016421881737187505
166 0 0.0012945847120136023
166 80 0.002500578761100769
166 160 0.0027016124222427607
166 240 0.005706894211471081
166 320 0.0015204529045149684
166 400 0.003907504957169294
167 0 0.0026128438767045736
167 80 0.0017507290467619896
167 160 0.0016718734987080097
167 240 0.003598998300731182
167 320 0.001072142506018281
167 400 0.0025210280437022448
168 0 0.0023881352972239256
168 80 0.002629491500556469
168 160 0.0016395717393606901
168 240 0.0036689648404717445
168 320 0.0010371370008215308
168 400 0.003959039691835642
169 0 0.0016504774102941155
169 80 0.005270194262266159
169 160 0.0025815812405198812
169 240 0.0009980890899896622
169 320 0.00393820833414793
169 400 0.00208123866468668
170 0 0.002545273397117853
170 80 0.003029300831258297
170 160 0.0020065002609044313
170 240 0.002370965899899602
170 320 0.0023666417691856623
170 400 0.0023659616708755493
171 0 0.0015192631399258971
171 80 0.002678209450095892
171 160 0.003909984137862921
171 240 0.00435755867511034
171 320 0.005290514789521694
171 400 0.0012809406034648418
172 0 0.005602823104709387
172 80 0.0024018953554332256
172 160 0.0034080902114510536
172 240 0.0019004911882802844
172 320 0.002674999414011836
172 400 0.003474855562672019
173 0 0.0013144502881914377
173 80 0.0021645494271069765
173 160 0.004217386711388826
173 240 0.004193426109850407
173 320 0.0030684969387948513
173 400 0.002317214384675026
174 0 0.0020217662677168846
174 80 0.003256683936342597
174 160 0.0014113174984231591
174 240 0.0017973011126741767
174 320 0.0033487111795693636
174 400 0.001167629612609744
175 0 0.0019964443054050207
175 80 0.0017296478617936373
175 160 0.0013288137270137668
175 240 0.0019506093813106418
175 320 0.001234473311342299
175 400 0.001712224679067731
176 0 0.001488542533479631
176 80 0.0020200717262923717
176 160 0.002416868694126606
176 240 0.001337564317509532
176 320 0.001071362174116075
176 400 0.0026595897506922483
177 0 0.0009900270961225033
177 80 0.003192963544279337
177 160 0.003190577495843172
177 240 0.002984083956107497
177 320 0.001982198329642415
177 400 0.0015938319265842438
178 0 0.002160331467166543
178 80 0.002273307414725423
178 160 0.0038206286262720823
178 240 0.0030718324705958366
178 320 0.001166610512882471
178 400 0.002765341429039836
179 0 0.0018474989337846637
179 80 0.0011597075499594212
179 160 0.001515258220024407
179 240 0.0018552417168393731
179 320 0.004717878997325897
179 400 0.0023281744215637445
180 0 0.0021203458309173584
180 80 0.0022959746420383453
180 160 0.0015539024025201797
180 240 0.003429415635764599
180 320 0.0012485685292631388
180 400 0.0028966423124074936
181 0 0.0022265238221734762
181 80 0.0012309529120102525
181 160 0.003980284556746483
181 240 0.001543037360534072
181 320 0.0019287276081740856
181 400 0.0018816522788256407
182 0 0.0018350181635469198
182 80 0.0028904052451252937
182 160 0.0021258790511637926
182 240 0.0011089404579252005
182 320 0.002544071990996599
182 400 0.0017002917593345046
183 0 0.002488108351826668
183 80 0.0021712600719183683
183 160 0.0005772081785835326
183 240 0.002385081024840474
183 320 0.003016227390617132
183 400 0.0022952789440751076
184 0 0.002641374943777919
184 80 0.001995180966332555
184 160 0.0018255625618621707
184 240 0.0020897197537124157
184 320 0.0020403661765158176
184 400 0.0018458409467712045
185 0 0.0012141234474256635
185 80 0.0029813447035849094
185 160 0.0026413695886731148
185 240 0.0024290333967655897
185 320 0.0023442008532583714
185 400 0.004616564605385065
186 0 0.0015611340058967471
186 80 0.0028306650929152966
186 160 0.0017127386527135968
186 240 0.003026149468496442
186 320 0.0028042409103363752
186 400 0.0017331551061943173
187 0 0.002832092810422182
187 80 0.0024467124603688717
187 160 0.002320357132703066
187 240 0.003915611654520035
187 320 0.0036580152809619904
187 400 0.002714478177949786
188 0 0.002913461532443762
188 80 0.0031099137850105762
188 160 0.00378399807959795
188 240 0.0025270215701311827
188 320 0.0019235063809901476
188 400 0.0013821388129144907
189 0 0.0015663966769352555
189 80 0.0016399405431002378
189 160 0.002089679939672351
189 240 0.0009672350715845823
189 320 0.0038045397959649563
189 400 0.001522983075119555
190 0 0.0020600203424692154
190 80 0.0021327759604901075
190 160 0.0026378233451396227
190 240 0.001499784179031849
190 320 0.0020406160037964582
190 400 0.0008786513935774565
191 0 0.001911652972921729
191 80 0.0008511729538440704
191 160 0.0018398340325802565
191 240 0.0031189718283712864
191 320 0.0023703505285084248
191 400 0.0018471109215170145
192 0 0.0025574767496436834
192 80 0.0039767674170434475
192 160 0.0018851540517061949
192 240 0.0016983882524073124
192 320 0.0021293964236974716
192 400 0.0011955434456467628
193 0 0.0021719010546803474
193 80 0.0015227454714477062
193 160 0.002380198799073696
193 240 0.002705594291910529
193 320 0.0024566310457885265
193 400 0.003646159078925848
194 0 0.0016844116616994143
194 80 0.0015438871923834085
194 160 0.0021260054782032967
194 240 0.0015631316928192973
194 320 0.0029117714148014784
194 400 0.0025191912427544594
195 0 0.0020293325651437044
195 80 0.0015994503628462553
195 160 0.0019048475660383701
195 240 0.002055379329249263
195 320 0.001085052383132279
195 400 0.002103711711242795
196 0 0.002218706998974085
196 80 0.00277626677416265
196 160 0.003074913052842021
196 240 0.002641052706167102
196 320 0.002612409181892872
196 400 0.001947761164046824
197 0 0.0016422721091657877
197 80 0.0021534832194447517
197 160 0.0011316498275846243
197 240 0.0020816251635551453
197 320 0.001636864966712892
197 400 0.002663874998688698
198 0 0.003515765769407153
198 80 0.001626396318897605
198 160 0.0030151379760354757
198 240 0.001507579698227346
198 320 0.002529383637011051
198 400 0.0019515283638611436
199 0 0.0019182206597179174
199 80 0.003169752424582839
199 160 0.0019282782450318336
199 240 0.0016039866022765636
199 320 0.0010106157278642058
199 400 0.0017719293246045709
200 0 0.0014451880706474185
200 80 0.00426623597741127
200 160 0.002188089769333601
200 240 0.002101027872413397
200 320 0.0014304622309282422
200 400 0.0017254712292924523
201 0 0.001839286065660417
201 80 0.002522524446249008
201 160 0.0020441277883946896
201 240 0.0017714836867526174
201 320 0.002414157148450613
201 400 0.0027676131576299667
202 0 0.0017404807731509209
202 80 0.0016790205845609307
202 160 0.002031161915510893
202 240 0.004201250150799751
202 320 0.0023704383056610823
202 400 0.002361354185268283
203 0 0.0010632595513015985
203 80 0.0034106255043298006
203 160 0.0027396061923354864
203 240 0.002590891206637025
203 320 0.0012287355493754148
203 400 0.001622786046937108
204 0 0.0035597600508481264
204 80 0.0028848531655967236
204 160 0.0018496105913072824
204 240 0.0018946733325719833
204 320 0.0033006384037435055
204 400 0.0017767108511179686
205 0 0.0021060812287032604
205 80 0.0031391363590955734
205 160 0.003032434033229947
205 240 0.002476049354299903
205 320 0.0024554370902478695
205 400 0.002337245037779212
206 0 0.0024937523994594812
206 80 0.0005502252606675029
206 160 0.0022392645478248596
206 240 0.0015462470473721623
206 320 0.002746257930994034
206 400 0.0023641742300242186
207 0 0.0022318388801068068
207 80 0.0024725603871047497
207 160 0.0027251671999692917
207 240 0.0017253200057893991
207 320 0.00195228960365057
207 400 0.0008420285303145647
208 0 0.0031944941729307175
208 80 0.0029679222498089075
208 160 0.002828541910275817
208 240 0.002851747674867511
208 320 0.002324969507753849
208 400 0.0022518709301948547
209 0 0.003208276117220521
209 80 0.0011888208100572228
209 160 0.0016001429175958037
209 240 0.0022570414002984762
209 320 0.0030121325980871916
209 400 0.0028886778745800257
210 0 0.001326158526353538
210 80 0.003098670858889818
210 160 0.0016336387488991022
210 240 0.00191796338185668
210 320 0.002841620473191142
210 400 0.0016568691935390234
211 0 0.0009734449558891356
211 80 0.001450295909307897
211 160 0.0012573390267789364
211 240 0.002395221032202244
211 320 0.0018154935678467155
211 400 0.00235107634216547
212 0 0.0022449090611189604
212 80 0.0036244464572519064
212 160 0.0006968398229219019
212 240 0.002389725064858794
212 320 0.0019080196507275105
212 400 0.002057313220575452
213 0 0.0018643384100869298
213 80 0.0014661909081041813
213 160 0.002957372460514307
213 240 0.0016566828126087785
213 320 0.0028372486121952534
213 400 0.002562152221798897
214 0 0.0008672262192703784
214 80 0.0008610904915258288
214 160 0.0015343527775257826
214 240 0.0013223756104707718
214 320 0.0019600102677941322
214 400 0.0017220276640728116
215 0 0.0023530935868620872
215 80 0.0013942328514531255
215 160 0.0017552508506923914
215 240 0.0010987931163981557
215 320 0.0022823847830295563
215 400 0.0028009372763335705
216 0 0.002214117906987667
216 80 0.0026109092868864536
216 160 0.0010549697326496243
216 240 0.0018120916793122888
216 320 0.0014826401602476835
216 400 0.0018536633579060435
217 0 0.002330443589016795
217 80 0.0023570579942315817
217 160 0.001221423619426787
217 240 0.0020618990529328585
217 320 0.0019719386473298073
217 400 0.0014394668396562338
218 0 0.0016999036306515336
218 80 0.0020119466353207827
218 160 0.002873823745176196
218 240 0.0009999842150136828
218 320 0.0019198944792151451
218 400 0.0010837926529347897
219 0 0.0012516537681221962
219 80 0.001010631793178618
219 160 0.0016090284334495664
219 240 0.0027334396727383137
219 320 0.0003721858956851065
219 400 0.0019526492105796933
220 0 0.0017732959240674973
220 80 0.002268648473545909
220 160 0.0027603935450315475
220 240 0.0020546175073832273
220 320 0.0017074807547032833
220 400 0.0014806088292971253
221 0 0.0024632837157696486
221 80 0.0014555014204233885
221 160 0.0007097996422089636
221 240 0.0019133543828502297
221 320 0.0038130381144583225
221 400 0.0016107993433251977
222 0 0.002496216678991914
222 80 0.0017435831250622869
222 160 0.0030326861888170242
222 240 0.0010532757733017206
222 320 0.002323897322639823
222 400 0.0011318473843857646
223 0 0.0015354040078818798
223 80 0.0006864284514449537
223 160 0.0012834115186706185
223 240 0.0019603269174695015
223 320 0.0011578795965760946
223 400 0.0016148003051057458
224 0 0.0017589932540431619
224 80 0.0016965327085927129
224 160 0.0015438164118677378
224 240 0.0023324857465922832
224 320 0.0008917447412386537
224 400 0.002937491051852703
225 0 0.0013207485899329185
225 80 0.0016457446618005633
225 160 0.0023668487556278706
225 240 0.00152487528976053
225 320 0.001565012731589377
225 400 0.002365901367738843
226 0 0.0016266971360892057
226 80 0.002217733534052968
226 160 0.0016302801668643951
226 240 0.002002280903980136
226 320 0.0019289999036118388
226 400 0.0016430674586445093
227 0 0.0011835049372166395
227 80 0.0031882436014711857
227 160 0.0021402679849416018
227 240 0.002871466102078557
227 320 0.0010042109061032534
227 400 0.0008762409561313689
228 0 0.0009345595608465374
228 80 0.0010955885518342257
228 160 0.0012945407070219517
228 240 0.0029640451539307833
228 320 0.002017558552324772
228 400 0.0026887308340519667
229 0 0.001470463233999908
229 80 0.0015836942475289106
229 160 0.002872973447665572
229 240 0.002068023895844817
229 320 0.0012398500693961978
229 400 0.0006691471789963543
230 0 0.0021508466452360153
230 80 0.0013260537525638938
230 160 0.0008564970339648426
230 240 0.001344245974905789
230 320 0.0014007285935804248
230 400 0.001158367027528584
231 0 0.0011707035591825843
231 80 0.002404045080766082
231 160 0.002657986246049404
231 240 0.0025847507640719414
231 320 0.0018299841322004795
231 400 0.0010521457297727466
232 0 0.002939265687018633
232 80 0.0011623220052570105
232 160 0.0007558782817795873
232 240 0.0015976986614987254
232 320 0.000356367469066754
232 400 0.001940445159561932
233 0 0.0017698092851787806
233 80 0.0015668270643800497
233 160 0.0008969298214651644
233 240 0.0010893548605963588
233 320 0.0032783157657831907
233 400 0.0015511421952396631
234 0 0.0010193700436502695
234 80 0.002615970792248845
234 160 0.0012823676224797964
234 240 0.0015903592575341463
234 320 0.0016342870658263564
234 400 0.0014256946742534637
235 0 0.0008339809719473124
235 80 0.0020122185815125704
235 160 0.00030812915065325797
235 240 0.0014182251179590821
235 320 0.0017141933785751462
235 400 0.0014653520192950964
236 0 0.0014186177868396044
236 80 0.0013897625030949712
236 160 0.0016218047821894288
236 240 0.002219640649855137
236 320 0.0015183757059276104
236 400 0.0019125269027426839
237 0 0.0034183268435299397
237 80 0.0018937492277473211
237 160 0.0034174236934632063
237 240 0.0009621352073736489
237 320 0.0008952474454417825
237 400 0.0021990989334881306
238 0 0.001584547688253224
238 80 0.0023184732999652624
238 160 0.001103798276744783
238 240 0.0019512464059516788
238 320 0.0013574865879490972
238 400 0.0018399384571239352
239 0 0.0021022981964051723
239 80 0.003727355971932411
239 160 0.002250237390398979
239 240 0.0009220270439982414
239 320 0.002668604254722595
239 400 0.0018479966092854738
240 0 0.0024754980113357306
240 80 0.0013025390217080712
240 160 0.0013389958767220378
240 240 0.0018686604453250766
240 320 0.0008500493713654578
240 400 0.0008369777351617813
241 0 0.0015356270596385002
241 80 0.0014061025576665998
241 160 0.0016003036871552467
241 240 0.0018483847379684448
241 320 0.0021439127158373594
241 400 0.0020668189972639084
242 0 0.0014592729276046157
242 80 0.0010498480405658484
242 160 0.0014785233652219176
242 240 0.0006148854736238718
242 320 0.0012915005208924413
242 400 0.0020544936414808035
243 0 0.002604956040158868
243 80 0.0013421684270724654
243 160 0.0021214562002569437
243 240 0.0014047117438167334
243 320 0.000829229480586946
243 400 0.0010620170505717397
244 0 0.001861379947513342
244 80 0.00219144974835217
244 160 0.002175231697037816
244 240 0.0015729786828160286
244 320 0.0017418988281860948
244 400 0.0011516764061525464
245 0 0.0012795869261026382
245 80 0.0015602371422573924
245 160 0.0006383286672644317
245 240 0.0024403766728937626
245 320 0.0012454056413844228
245 400 0.0008343613590113819
246 0 0.001131347962655127
246 80 0.0014635368715971708
246 160 0.0016225596191361547
246 240 0.002267819596454501
246 320 0.0021750731393694878
246 400 0.0026438755448907614
247 0 0.002008781535550952
247 80 0.0008105832966975868
247 160 0.0011022774269804358
247 240 0.002124680671840906
247 320 0.0016175942728295922
247 400 0.0014109916519373655
248 0 0.0018770747119560838
248 80 0.0009471799712628126
248 160 0.0010305886389687657
248 240 0.0015511185629293323
248 320 0.000973316899035126
248 400 0.0020051554311066866
249 0 0.0016417775768786669
249 80 0.0019433065317571163
249 160 0.00108430371619761
249 240 0.0012117584701627493
249 320 0.0015900916187092662
249 400 0.001850773929618299
250 0 0.0012350084725767374
250 80 0.0008455613278783858
250 160 0.001813958864659071
250 240 0.0019330629147589207
250 320 0.0015082912286743522
250 400 0.000831698882393539
251 0 0.0008698739111423492
251 80 0.001260528340935707
251 160 0.0015321337850764394
251 240 0.0025906735099852085
251 320 0.0010846189688891172
251 400 0.002330668969079852
252 0 0.0012970657553523779
252 80 0.002164771081879735
252 160 0.0012086163042113185
252 240 0.001947924611158669
252 320 0.0015024725580587983
252 400 0.0012668033596128225
253 0 0.0014191062655299902
253 80 0.0017551613273099065
253 160 0.0006798592512495816
253 240 0.001370033947750926
253 320 0.0014368857955560088
253 400 0.0018201470375061035
254 0 0.0013011182891204953
254 80 0.0010385449277237058
254 160 0.0020571122877299786
254 240 0.0020780139602720737
254 320 0.001772279036231339
254 400 0.0013013007119297981
255 0 0.002042855601757765
255 80 0.0009666169644333422
255 160 0.0009179059416055679
255 240 0.0009280265076085925
255 320 0.001284326775930822
255 400 0.001733749988488853
256 0 0.0013540028594434261
256 80 0.0012457011034712195
256 160 0.0016301274299621582
256 240 0.0017194849206134677
256 320 0.0017040596576407552
256 400 0.0017062682891264558
257 0 0.0017590931383892894
257 80 0.0007262892322614789
257 160 0.002682930091395974
257 240 0.003258473239839077
257 320 0.0019772585947066545
257 400 0.0013983008684590459
258 0 0.0005692006088793278
258 80 0.0012613036669790745
258 160 0.0010659756371751428
258 240 0.0014342698268592358
258 320 0.0011088064638897777
258 400 0.002678600139915943
259 0 0.000658471486531198
259 80 0.0013138607610017061
259 160 0.001897379057481885
259 240 0.0011522137792780995
259 320 0.0019014173885807395
259 400 0.00109224789775908
260 0 0.0010573999024927616
260 80 0.0020826817490160465
260 160 0.0008133082883432508
260 240 0.0018856612732633948
260 320 0.0014882499817758799
260 400 0.0011860107770189643
261 0 0.0017126071033999324
261 80 0.0016667349264025688
261 160 0.002077355980873108
261 240 0.0006389665650203824
261 320 0.0012003561714664102
261 400 0.0025681257247924805
262 0 0.0011640567099675536
262 80 0.0022788008209317923
262 160 0.0005618393188342452
262 240 0.002391400281339884
262 320 0.0019551566801965237
262 400 0.001732697943225503
263 0 0.0013536199694499373
263 80 0.001318179303780198
263 160 0.0016227449523285031
263 240 0.001911959028802812
263 320 0.0011054039932787418
263 400 0.0025281612761318684
264 0 0.0010885887313634157
264 80 0.0009566824301145971
264 160 0.0010022287024185061
264 240 0.0024785574059933424
264 320 0.0013044733786955476
264 400 0.0013571179006248713
265 0 0.0009175058803521097
265 80 0.0013010684633627534
265 160 0.0010050946148112416
265 240 0.0015261245425790548
265 320 0.0012932264944538474
265 400 0.001718080835416913
266 0 0.002213030820712447
266 80 0.001352695282548666
266 160 0.001211562193930149
266 240 0.0005622118478640914
266 320 0.0012987593654543161
266 400 0.0015493911923840642
267 0 0.0013528057606890798
267 80 0.0013141317758709192
267 160 0.0012483589816838503
267 240 0.001388227567076683
267 320 0.0016098461346700788
267 400 0.0028939908370375633
268 0 0.001163268694654107
268 80 0.0013718314003199339
268 160 0.0010902779176831245
268 240 0.0010815308196470141
268 320 0.0015454483218491077
268 400 0.001649820595048368
269 0 0.0011423088144510984
269 80 0.0014559386763721704
269 160 0.000852392113301903
269 240 0.001178609556518495
269 320 0.0019178183283656836
269 400 0.0017407218692824244
270 0 0.0018290046136826277
270 80 0.001512908493168652
270 160 0.0012659619096666574
270 240 0.0013660559197887778
270 320 0.0014313325518742204
270 400 0.0022306968457996845
271 0 0.0009241904481314123
271 80 0.0019160124938935041
271 160 0.001562695950269699
271 240 0.0012048761127516627
271 320 0.0013492124853655696
271 400 0.00048365670954808593
272 0 0.0015569687820971012
272 80 0.002045799046754837
272 160 0.0016447468660771847
272 240 0.0012125042267143726
272 320 0.00074240833055228
272 400 0.0010732035152614117
273 0 0.0016755886608734727
273 80 0.002668200060725212
273 160 0.001986970193684101
273 240 0.0016858041053637862
273 320 0.0007847017259337008
273 400 0.0010539968498051167
274 0 0.0010364247718825936
274 80 0.0015300665982067585
274 160 0.0013597880024462938
274 240 0.0020333954598754644
274 320 0.001218794146552682
274 400 0.0029907424468547106
275 0 0.0010929832933470607
275 80 0.0012837975518777966
275 160 0.000793150975368917
275 240 0.0012182575883343816
275 320 0.000581191445235163
275 400 0.0025867449585348368
276 0 0.001693229889497161
276 80 0.0016430169343948364
276 160 0.0015287235146388412
276 240 0.0009533448610454798
276 320 0.002280480694025755
276 400 0.0015602650819346309
277 0 0.0006781310075893998
277 80 0.0009784450521692634
277 160 0.0016387348296120763
277 240 0.0003894343099091202
277 320 0.0008436907082796097
277 400 0.0009364751749671996
278 0 0.0016380999004468322
278 80 0.002437759190797806
278 160 0.0013345327461138368
278 240 0.0017855267506092787
278 320 0.002037109574303031
278 400 0.0007082894444465637
279 0 0.0011408781865611672
279 80 0.0025313731748610735
279 160 0.0018341629765927792
279 240 0.0010698605328798294
279 320 0.0016580065712332726
279 400 0.001688120886683464
280 0 0.001714726211503148
280 80 0.0016120066866278648
280 160 0.0013565430417656898
280 240 0.000790689664427191
280 320 0.0016975743928924203
280 400 0.002300815423950553
281 0 0.0005877462099306285
281 80 0.0010965709807351232
281 160 0.001213233801536262
281 240 0.001436816994100809
281 320 0.001304267323575914
281 400 0.0016949904384091496
282 0 0.0019395733252167702
282 80 0.0015192189021036029
282 160 0.0016826526261866093
282 240 0.0007994599873200059
282 320 0.0007028086110949516
282 400 0.0015893649542704225
283 0 0.0009855347452685237
283 80 0.0005471137119457126
283 160 0.0010200723772868514
283 240 0.0014549479819834232
283 320 0.0009403091389685869
283 400 0.0015275710029527545
284 0 0.001355123589746654
284 80 0.0008297546301037073
284 160 0.0007417111773975194
284 240 0.0009402263094671071
284 320 0.0013726121978834271
284 400 0.002317169914022088
285 0 0.0010234193177893758
285 80 0.0016492221038788557
285 160 0.0016350122168660164
285 240 0.0006026577320881188
285 320 0.0020402176305651665
285 400 0.0015204396331682801
286 0 0.0012014098465442657
286 80 0.0004515160107985139
286 160 0.001080949790775776
286 240 0.0015838673571124673
286 320 0.001076155574992299
286 400 0.0008805126417428255
287 0 0.0007094686734490097
287 80 0.0008481855038553476
287 160 0.0016807036008685827
287 240 0.0015744853299111128
287 320 0.0008365600369870663
287 400 0.001608600839972496
288 0 0.001805477892048657
288 80 0.0010191417532041669
288 160 0.000893610471393913
288 240 0.00128640397451818
288 320 0.0015440807910636067
288 400 0.0014680953463539481
289 0 0.0015292357420548797
289 80 0.0016859103925526142
289 160 0.0011448754230514169
289 240 0.0013816114515066147
289 320 0.001150539261288941
289 400 0.0017526298761367798
290 0 0.0014497842639684677
290 80 0.0011595746036618948
290 160 0.000625191256403923
290 240 0.0011597867123782635
290 320 0.001835244707763195
290 400 0.00098151876591146
291 0 0.001336350105702877
291 80 0.0015332879265770316
291 160 0.0009894241811707616
291 240 0.0017078106757253408
291 320 0.0026708715595304966
291 400 0.0008865220006555319
292 0 0.0008923847344703972
292 80 0.0006094353157095611
292 160 0.0024806284345686436
292 240 0.001282330835238099
292 320 0.0022324419114738703
292 400 0.001125310780480504
293 0 0.0012609823606908321
293 80 0.0008881138055585325
293 160 0.0010718988487496972
293 240 0.0024004587903618813
293 320 0.0017505064606666565
293 400 0.001172669231891632
294 0 0.0009312444599345326
294 80 0.0010716547258198261
294 160 0.0014345787931233644
294 240 0.0013511282159015536
294 320 0.0016943401424214244
294 400 0.0010398029116913676
295 0 0.0012259837239980698
295 80 0.0007626580772921443
295 160 0.0013309480855241418
295 240 0.0012250905856490135
295 320 0.0013411734253168106
295 400 0.0014543283032253385
296 0 0.0014177775010466576
296 80 0.0009831637144088745
296 160 0.0009035048424266279
296 240 0.0010498225456103683
296 320 0.0006835149833932519
296 400 0.0019886894151568413
297 0 0.0011684009805321693
297 80 0.0020384793169796467
297 160 0.0010648119496181607
297 240 0.00102732062805444
297 320 0.0017111529596149921
297 400 0.000995276146568358
298 0 0.0009978261077776551
298 80 0.0008530084742233157
298 160 0.001323136268183589
298 240 0.0012480859877541661
298 320 0.0017290929099544883
298 400 0.0017284489003941417
299 0 0.0016503126826137304
299 80 0.0007079586503095925
299 160 0.001273015164770186
299 240 0.001062449999153614
299 320 0.0009718495421111584
299 400 0.0010266017634421587
300 0 0.001178053324110806
300 80 0.0015472520608454943
300 160 0.0014418833889067173
300 240 0.000978222698904574
300 320 0.0009311698959209025
300 400 0.0011255653807893395
