1 0.39207046842778415 0.8838333333333334
2 0.23091813834554858 0.9327
3 0.19389756292358898 0.9444166666666667
4 0.17097400707095417 0.9514333333333334
5 0.15444577058781184 0.9563166666666667
6 0.1417442669095134 0.9603333333333334
7 0.1319459814157313 0.9627
8 0.1236266341211318 0.9659333333333333
9 0.11642267593125036 0.9673333333333334
10 0.10968689900090191 0.9695833333333334
11 0.10374760154737973 0.9709333333333333
12 0.09903267938206826 0.97225
13 0.09436257403971417 0.9738833333333333
14 0.08985507822653124 0.9750333333333333
15 0.08592276080950365 0.9767333333333333
16 0.08232450834326525 0.9776833333333333
17 0.07902280531172305 0.9783666666666667
18 0.07600392477868843 0.9791
19 0.07295327619718972 0.9803166666666666
20 0.07061746581467485 0.98065
21 0.06781164746183449 0.9816
22 0.06565835757820464 0.9824666666666667
23 0.06336151781096769 0.9833666666666666
24 0.06097843335556196 0.9839
25 0.05896988220369892 0.9849166666666667
26 0.057094801586669394 0.98525
27 0.05536430772703721 0.9861333333333333
28 0.053664337214169855 0.9864
29 0.0519846790452311 0.9868
30 0.05013690922242492 0.98745
31 0.0487232849891506 0.98785
32 0.04705519851313026 0.9888
33 0.045707950495612396 0.98905
34 0.0443015591318864 0.9891
35 0.04314855682447171 0.9897833333333333
36 0.041660583699181644 0.9900666666666667
37 0.04042746071050416 0.9905666666666667
38 0.03947271059936425 0.9910666666666667
39 0.03829425394431805 0.991
40 0.037148659863173644 0.9914833333333334
41 0.03608195719195963 0.9919666666666667
42 0.03506357274623886 0.99245
43 0.03415655506961445 0.9926333333333334
44 0.03313134052455108 0.993
45 0.03229612381314672 0.99345
46 0.031529603309548106 0.99355
47 0.030550608513698077 0.9938166666666667
48 0.02978734093517669 0.9940833333333333
49 0.028872514839595888 0.9943166666666666
50 0.02813833982729391 0.99485
51 0.0274045648458384 0.9949666666666667
52 0.026679773806040284 0.9950666666666667
53 0.026083081177294826 0.9955833333333334
54 0.025417923999787456 0.9956166666666667
55 0.024685460012723832 0.9960333333333333
56 0.024104776064446297 0.9960833333333333
57 0.023573613258948457 0.9962166666666666
58 0.022925571962468215 0.9963
59 0.022442822967137673 0.9963666666666666
60 0.02187100491984916 0.9966833333333334
61 0.02129868704623092 0.9970333333333333
62 0.02086493395554867 0.997
63 0.020276883073937473 0.9971
64 0.019815791170917023 0.9974333333333333
65 0.019410976892841585 0.99755
66 0.01893100103160847 0.9977833333333334
67 0.018462908500904786 0.9977333333333334
68 0.018061169452949374 0.99805
69 0.01768085264763646 0.99805
70 0.0173071475465224 0.99825
71 0.01685079193012769 0.9982833333333333
72 0.016506328048414863 0.99835
73 0.016131024724785992 0.9984
74 0.015829454757956298 0.9984833333333333
75 0.01549398920326027 0.9986
76 0.01515174024541781 0.9987333333333334
77 0.014827869067004304 0.9987333333333334
78 0.014478732203778776 0.9987666666666667
79 0.014259142946126237 0.9989166666666667
80 0.013918748734566545 0.9990333333333333
81 0.013605979226056986 0.9989666666666667
82 0.013384563842915427 0.9990666666666667
83 0.013128164628429263 0.9992
84 0.012873245879257126 0.99915
85 0.012608009113519112 0.9991666666666666
86 0.012377287923688017 0.9992
87 0.012094703166366322 0.9993166666666666
88 0.011906730498113772 0.99925
89 0.011653574005857523 0.9993333333333333
90 0.011470906077516772 0.9993333333333333
91 0.011283788351473142 0.9993833333333333
92 0.01102195868242794 0.9994666666666666
93 0.01083336226783121 0.9994166666666666
94 0.010659688451230082 0.9994333333333333
95 0.010447850539736243 0.9995666666666667
96 0.010287103296291313 0.9995333333333334
97 0.010138085192895488 0.9996166666666667
98 0.009936563110153781 0.9995833333333334
99 0.009745876759544872 0.9995666666666667
100 0.009587365081970658 0.99965
101 0.009444075733868044 0.9997
102 0.009266184778439242 0.9996666666666667
103 0.009105862612013958 0.9996666666666667
104 0.008972003822153343 0.9997333333333334
105 0.00883595148192794 0.9997333333333334
106 0.008680918257185088 0.9997333333333334
107 0.00855938745027126 0.9997666666666667
108 0.008406233877491658 0.99975
109 0.008303157297640182 0.9998166666666667
110 0.008121713523322078 0.9998166666666667
111 0.00806438608511067 0.9997833333333334
112 0.007919434779710861 0.9998333333333334
113 0.007787026844219739 0.99985
114 0.007694624119382629 0.9998333333333334
115 0.007572046386004527 0.9998166666666667
116 0.007466615535128218 0.99985
117 0.00736590777002553 0.99985
118 0.007262989662951037 0.99985
119 0.007146326469074784 0.9999
120 0.007042917452984924 0.9998666666666667
121 0.006939452273204231 0.9999
122 0.00686232019702334 0.9999166666666667
123 0.006774368484679268 0.9998666666666667
124 0.006675982554909835 0.9998833333333333
125 0.006581052301773257 0.9998833333333333
126 0.0064944556012237345 0.9998833333333333
127 0.006414523842667085 0.9999
128 0.006332719343345064 0.9999166666666667
129 0.0062461264006027 0.9999166666666667
130 0.006165293806881856 0.9998833333333333
131 0.006091982791218152 0.9999333333333333
132 0.006023717976894095 0.9999166666666667
133 0.005945203520768661 0.9999333333333333
134 0.005881024281189505 0.9999333333333333
135 0.0057962556187905415 0.99995
136 0.005734857731014252 0.99995
137 0.005662165897419807 0.99995
138 0.0055941810053505145 0.9999333333333333
139 0.005523977938469555 0.99995
140 0.005476335494983584 0.99995
141 0.0053976629572763625 0.9999666666666667
142 0.005339700346892036 0.9999666666666667
143 0.005289040550069291 0.9999666666666667
144 0.005219734820928464 0.99995
145 0.005156571977088717 0.99995
146 0.0051110425828966 0.9999833333333333
147 0.005052473776088134 0.9999833333333333
148 0.004985581773436511 0.9999666666666667
149 0.004948023589266373 0.9999666666666667
150 0.00488919911356067 0.9999833333333333
151 0.004831941023882009 0.9999833333333333
152 0.004776938132314222 0.9999833333333333
153 0.004729436573211048 1.0
154 0.004684630035882447 1.0
155 0.004635211290058884 0.9999833333333333
156 0.0045818630489272505 0.9999833333333333
157 0.004543051464921995 1.0
158 0.004495693238398461 1.0
159 0.00445233047818209 1.0
160 0.004408684814461012 1.0
161 0.004361859791086061 1.0
162 0.004320258682500373 1.0
163 0.004282848750015717 1.0
164 0.004240542897201979 1.0
165 0.00420182741255557 1.0
166 0.004156712621355108 1.0
167 0.0041171631590624065 1.0
168 0.004078550592386551 1.0
169 0.0040436954457692105 1.0
170 0.00400804393358334 1.0
171 0.003967834091477239 1.0
172 0.003927081365630762 1.0
173 0.0038956503881745217 1.0
174 0.0038614374541266483 1.0
175 0.003827975206285604 1.0
176 0.003794312308570231 1.0
177 0.0037602733140304954 1.0
178 0.0037276895996282444 1.0
179 0.0036923179255504567 1.0
180 0.003662272039225011 1.0
181 0.0036308166623335958 1.0
182 0.0036038720781958575 1.0
183 0.0035694556262121716 1.0
184 0.003542545293249301 1.0
185 0.003510446914820187 1.0
186 0.003485382456250036 1.0
187 0.003457056545118279 1.0
188 0.0034242702278443602 1.0
189 0.0034025876728474283 1.0
190 0.0033768742383251203 1.0
191 0.0033448377801879826 1.0
192 0.0033207466945733262 1.0
193 0.0032887329303496666 1.0
194 0.0032693719996987327 1.0
195 0.0032406803133633376 1.0
196 0.003219304566975556 1.0
197 0.003190443259420624 1.0
198 0.0031665973472662133 1.0
199 0.0031453908067633476 1.0
200 0.0031133557212844826 1.0
201 0.0030954862046968946 1.0
202 0.003065450493914526 1.0
203 0.0030503430129982024 1.0
204 0.003024993225438659 1.0
205 0.0030051308558948003 1.0
206 0.002982714071945309 1.0
207 0.0029609758272342115 1.0
208 0.0029433416153020315 1.0
209 0.0029193523755944423 1.0
210 0.0028978585604893994 1.0
211 0.002876879734499479 1.0
212 0.0028570726992183135 1.0
213 0.002834369395442529 1.0
214 0.002818632302363949 1.0
215 0.0027983622504586876 1.0
216 0.002778652891604059 1.0
217 0.002759891854567346 1.0
218 0.0027367049075567775 1.0
219 0.0027217918810601444 1.0
220 0.002703246868911511 1.0
221 0.0026825283915161897 1.0
222 0.0026688289142021144 1.0
223 0.002650988040623992 1.0
224 0.002632882321381997 1.0
225 0.002607869376529699 1.0
226 0.002595389212694154 1.0
227 0.0025777135547975314 1.0
228 0.0025623067496106156 1.0
229 0.002548592205696515 1.0
230 0.002532102309216036 1.0
231 0.002512974083174898 1.0
232 0.002501000643525122 1.0
233 0.002480519111397297 1.0
234 0.00246883139683446 1.0
235 0.0024499190799486853 1.0
236 0.0024350903950495595 1.0
237 0.0024231732691397893 1.0
238 0.0024078309133615115 1.0
239 0.0023947200109399776 1.0
240 0.002376325990332525 1.0
241 0.002362448675831013 1.0
242 0.002348227973735488 1.0
243 0.002334172781710741 1.0
244 0.0023215667605012862 1.0
245 0.002307344950102111 1.0
246 0.0022931442220461 1.0
247 0.0022802463346553135 1.0
248 0.0022670016416148947 1.0
249 0.002251955665159486 1.0
250 0.0022374967169979695 1.0
251 0.0022279218877794774 1.0
252 0.0022145583605103847 1.0
253 0.002199774934798042 1.0
254 0.0021905822993150905 1.0
255 0.002177683220404798 1.0
256 0.002163639336490313 1.0
257 0.002154139901458252 1.0
258 0.0021405026903931995 1.0
259 0.0021276728889005367 1.0
260 0.002117843864965183 1.0
261 0.0021051565319972873 1.0
262 0.002089750063148881 1.0
263 0.0020802386926918 1.0
264 0.0020689220576763532 1.0
265 0.0020577318187969835 1.0
266 0.0020486001954299767 1.0
267 0.002037662078503833 1.0
268 0.0020256307837900832 1.0
269 0.0020138286189414433 1.0
270 0.0020051477897687874 1.0
271 0.0019931631624576516 1.0
272 0.00198308006146186 1.0
273 0.0019746697165254653 1.0
274 0.0019631633419729174 1.0
275 0.0019526297364558683 1.0
276 0.0019412682135291556 1.0
277 0.0019339397602996576 1.0
278 0.0019219943442876372 1.0
279 0.001915083268780444 1.0
280 0.001902551294417619 1.0
281 0.0018928657261791753 1.0
282 0.0018844442987027191 1.0
283 0.00187548933968222 1.0
284 0.001866357624721922 1.0
285 0.001856390558836509 1.0
286 0.001846011117674601 1.0
287 0.0018401390868924192 1.0
288 0.0018276533269301566 1.0
289 0.0018208902623347526 1.0
290 0.0018105195719313853 1.0
291 0.0018019555269359255 1.0
292 0.0017939978091146495 1.0
293 0.00178310563323646 1.0
294 0.0017776933562224989 1.0
295 0.0017661259782417163 1.0
296 0.0017583330644906235 1.0
297 0.0017502143318682457 1.0
298 0.001743413448737843 1.0
299 0.0017345704068529057 1.0
300 0.0017241074044981213 1.0
9999 0.0017046781722456217 1.0
