1 0 3.2719788551330566
1 80 0.5631999373435974
1 160 0.3887927830219269
1 240 0.2715834081172943
1 320 0.23945429921150208
1 400 0.3290380537509918
2 0 0.2803914248943329
2 80 0.24333277344703674
2 160 0.1211666539311409
2 240 0.27944886684417725
2 320 0.23070986568927765
2 400 0.24656754732131958
3 0 0.1430872678756714
3 80 0.21368947625160217
3 160 0.2102353274822235
3 240 0.21547582745552063
3 320 0.35253432393074036
3 400 0.13545580208301544
4 0 0.11596005409955978
4 80 0.1483016163110733
4 160 0.19941842555999756
4 240 0.2743857204914093
4 320 0.22088418900966644
4 400 0.1228412389755249
5 0 0.2544223368167877
5 80 0.10582030564546585
5 160 0.19020043313503265
5 240 0.15473437309265137
5 320 0.12380339205265045
5 400 0.2419366091489792
6 0 0.1251070201396942
6 80 0.21371686458587646
6 160 0.1509876549243927
6 240 0.11902225017547607
6 320 0.20008790493011475
6 400 0.25776970386505127
7 0 0.14158757030963898
7 80 0.14189307391643524
7 160 0.11322768032550812
7 240 0.1397162526845932
7 320 0.13367348909378052
7 400 0.07111865282058716
8 0 0.10078505426645279
8 80 0.15220363438129425
8 160 0.11507096141576767
8 240 0.15358561277389526
8 320 0.09295866638422012
8 400 0.07598727196455002
9 0 0.145798921585083
9 80 0.08320925384759903
9 160 0.1222923994064331
9 240 0.1264224499464035
9 320 0.11633754521608353
9 400 0.08258841186761856
10 0 0.10490120947360992
10 80 0.0803820937871933
10 160 0.16457222402095795
10 240 0.07833225280046463
10 320 0.12509304285049438
10 400 0.039939846843481064
11 0 0.0998251661658287
11 80 0.14205607771873474
11 160 0.0937303900718689
11 240 0.08734344691038132
11 320 0.12658999860286713
11 400 0.08444327116012573
12 0 0.12132106721401215
12 80 0.14669612050056458
12 160 0.07529586553573608
12 240 0.08780624717473984
12 320 0.08390281349420547
12 400 0.2691827714443207
13 0 0.11007189005613327
13 80 0.10457861423492432
13 160 0.07386256009340286
13 240 0.06320556998252869
13 320 0.11747878789901733
13 400 0.11364485323429108
14 0 0.07856785506010056
14 80 0.07947606593370438
14 160 0.10671742260456085
14 240 0.06268550455570221
14 320 0.07413876056671143
14 400 0.0640670657157898
15 0 0.07044470310211182
15 80 0.033785462379455566
15 160 0.09801821410655975
15 240 0.06101830303668976
15 320 0.14034098386764526
15 400 0.053640589118003845
16 0 0.04736414551734924
16 80 0.08312082290649414
16 160 0.065990149974823
16 240 0.08655638992786407
16 320 0.129539355635643
16 400 0.057239484041929245
17 0 0.03598809242248535
17 80 0.12403140962123871
17 160 0.18269474804401398
17 240 0.042202383279800415
17 320 0.044249918311834335
17 400 0.09858305007219315
18 0 0.0778270959854126
18 80 0.04002581536769867
18 160 0.0649058148264885
18 240 0.04347331076860428
18 320 0.13931404054164886
18 400 0.04487653449177742
19 0 0.05567311495542526
19 80 0.019286269322037697
19 160 0.0902903825044632
19 240 0.0905752032995224
19 320 0.10101242363452911
19 400 0.04724804684519768
20 0 0.06797518581151962
20 80 0.04733089730143547
20 160 0.048608239740133286
20 240 0.08428765833377838
20 320 0.07675433158874512
20 400 0.04510321468114853
21 0 0.057585325092077255
21 80 0.07094967365264893
21 160 0.07549632340669632
21 240 0.05330194905400276
21 320 0.03550638258457184
21 400 0.0752209946513176
22 0 0.05127584934234619
22 80 0.07844985276460648
22 160 0.08004330843687057
22 240 0.0369749590754509
22 320 0.03723209351301193
22 400 0.0714200809597969
23 0 0.023484215140342712
23 80 0.05438297986984253
23 160 0.0338779091835022
23 240 0.07096950709819794
23 320 0.048962436616420746
23 400 0.0501163974404335
24 0 0.07735054194927216
24 80 0.05559384450316429
24 160 0.10152850300073624
24 240 0.02953191287815571
24 320 0.04427872598171234
24 400 0.07727934420108795
25 0 0.06254477798938751
25 80 0.08645360916852951
25 160 0.031092097982764244
25 240 0.05957432836294174
25 320 0.07648123055696487
25 400 0.0766388475894928
26 0 0.08737069368362427
26 80 0.028257474303245544
26 160 0.05963532626628876
26 240 0.05545808747410774
26 320 0.07107724994421005
26 400 0.031248897314071655
27 0 0.05505818501114845
27 80 0.05559191107749939
27 160 0.03191516548395157
27 240 0.021830210462212563
27 320 0.057927586138248444
27 400 0.02830793522298336
28 0 0.05964246392250061
28 80 0.038544461131095886
28 160 0.03347073867917061
28 240 0.05056554451584816
28 320 0.04285226762294769
28 400 0.06313638389110565
29 0 0.045820146799087524
29 80 0.04467444494366646
29 160 0.1162746474146843
29 240 0.03035789169371128
29 320 0.03223666548728943
29 400 0.02395723946392536
30 0 0.019295457750558853
30 80 0.06344449520111084
30 160 0.028100335970520973
30 240 0.0256989486515522
30 320 0.051609139889478683
30 400 0.05717674270272255
31 0 0.07615436613559723
31 80 0.05046140030026436
31 160 0.10572218149900436
31 240 0.058105599135160446
31 320 0.05036424845457077
31 400 0.07982499152421951
32 0 0.06448642164468765
32 80 0.03514908626675606
32 160 0.02616378851234913
32 240 0.02450081706047058
32 320 0.02799602970480919
32 400 0.019975339993834496
33 0 0.03819258511066437
33 80 0.049059730023145676
33 160 0.05700201541185379
33 240 0.03237887844443321
33 320 0.04237658157944679
33 400 0.04256368800997734
34 0 0.03131365403532982
34 80 0.04413671791553497
34 160 0.03308739513158798
34 240 0.022773567587137222
34 320 0.05642687529325485
34 400 0.06362048536539078
35 0 0.015350542031228542
35 80 0.09290754050016403
35 160 0.044023770838975906
35 240 0.10938198864459991
35 320 0.0637827217578888
35 400 0.035297006368637085
36 0 0.035565752536058426
36 80 0.027900610119104385
36 160 0.010274183005094528
36 240 0.024041639640927315
36 320 0.07353024929761887
36 400 0.03634203225374222
37 0 0.022063467651605606
37 80 0.046662360429763794
37 160 0.022522160783410072
37 240 0.024890754371881485
37 320 0.014273117296397686
37 400 0.03417077660560608
38 0 0.036834437400102615
38 80 0.08417420834302902
38 160 0.03399587795138359
38 240 0.040812063962221146
38 320 0.042484622448682785
38 400 0.04992825537919998
39 0 0.026884714141488075
39 80 0.012015902437269688
39 160 0.03617117553949356
39 240 0.027937080711126328
39 320 0.038778409361839294
39 400 0.037877969443798065
40 0 0.028081662952899933
40 80 0.06630562245845795
40 160 0.0698009803891182
40 240 0.020200032740831375
40 320 0.03859109804034233
40 400 0.03564988821744919
41 0 0.023436201736330986
41 80 0.02714506722986698
41 160 0.028210267424583435
41 240 0.046255987137556076
41 320 0.0367523655295372
41 400 0.02695981226861477
42 0 0.024893512949347496
42 80 0.03301338851451874
42 160 0.0454220175743103
42 240 0.038831278681755066
42 320 0.05003627762198448
42 400 0.017361784353852272
43 0 0.012956053018569946
43 80 0.014185029082000256
43 160 0.026494136080145836
43 240 0.06739243119955063
43 320 0.029702672734856606
43 400 0.026989471167325974
44 0 0.009124301373958588
44 80 0.021049855276942253
44 160 0.054077163338661194
44 240 0.024496369063854218
44 320 0.030945157632231712
44 400 0.018746454268693924
45 0 0.02474842593073845
45 80 0.029357369989156723
45 160 0.018678216263651848
45 240 0.026296893134713173
45 320 0.049129191786050797
45 400 0.03130834549665451
46 0 0.018121661618351936
46 80 0.024400439113378525
46 160 0.017341384664177895
46 240 0.03128494694828987
46 320 0.024078430607914925
46 400 0.01747122034430504
47 0 0.0744922012090683
47 80 0.012236354872584343
47 160 0.0347866490483284
47 240 0.01595916412770748
47 320 0.05210708826780319
47 400 0.022709187120199203
48 0 0.0500887930393219
48 80 0.02524488791823387
48 160 0.06575756520032883
48 240 0.012038514949381351
48 320 0.021667126566171646
48 400 0.04799320921301842
49 0 0.02202540449798107
49 80 0.025109536945819855
49 160 0.021352645009756088
49 240 0.03281954303383827
49 320 0.012912161648273468
49 400 0.021291591227054596
50 0 0.015951454639434814
50 80 0.04453722760081291
50 160 0.03354230895638466
50 240 0.012585913762450218
50 320 0.04201388731598854
50 400 0.017101483419537544
51 0 0.009961827658116817
51 80 0.02030814066529274
51 160 0.028248384594917297
51 240 0.023369750007987022
51 320 0.025555476546287537
51 400 0.04700756072998047
52 0 0.02496812492609024
52 80 0.041082367300987244
52 160 0.022182704880833626
52 240 0.014190547168254852
52 320 0.05365646630525589
52 400 0.05407113581895828
53 0 0.023443693295121193
53 80 0.012793446891009808
53 160 0.013903140090405941
53 240 0.027703776955604553
53 320 0.012292701750993729
53 400 0.034476377069950104
54 0 0.04279648885130882
54 80 0.014636148698627949
54 160 0.02147730439901352
54 240 0.019420912489295006
54 320 0.016391362994909286
54 400 0.013082122430205345
55 0 0.01565076969563961
55 80 0.015821341425180435
55 160 0.01418160181492567
55 240 0.024764670059084892
55 320 0.023810653015971184
55 400 0.01034778542816639
56 0 0.01324153970927
56 80 0.01447560265660286
56 160 0.01177950669080019
56 240 0.04398922622203827
56 320 0.02063269168138504
56 400 0.038257379084825516
57 0 0.030636362731456757
57 80 0.02675759047269821
57 160 0.012603305280208588
57 240 0.015266260132193565
57 320 0.03184763342142105
57 400 0.009367621503770351
58 0 0.019158510491251945
58 80 0.026442136615514755
58 160 0.017436470836400986
58 240 0.017116155475378036
58 320 0.015221552923321724
58 400 0.029956061393022537
59 0 0.03228933364152908
59 80 0.01336040161550045
59 160 0.017109978944063187
59 240 0.019037211313843727
59 320 0.01504076924175024
59 400 0.04153228551149368
60 0 0.01992099918425083
60 80 0.017435375601053238
60 160 0.025233767926692963
60 240 0.026795879006385803
60 320 0.023278068751096725
60 400 0.016967937350273132
61 0 0.03602437674999237
61 80 0.012342303059995174
61 160 0.041508227586746216
61 240 0.03967472165822983
61 320 0.007243730593472719
61 400 0.016465695574879646
62 0 0.03303339332342148
62 80 0.013110094703733921
62 160 0.012141121551394463
62 240 0.019107399508357048
62 320 0.030201105400919914
62 400 0.01663537323474884
63 0 0.01605304889380932
63 80 0.028703300282359123
63 160 0.051795028150081635
63 240 0.01861431635916233
63 320 0.011250294744968414
63 400 0.025071335956454277
64 0 0.02203891985118389
64 80 0.020013272762298584
64 160 0.014451482333242893
64 240 0.009683863259851933
64 320 0.01058366522192955
64 400 0.018753821030259132
65 0 0.029359491541981697
65 80 0.018749656155705452
65 160 0.030424444004893303
65 240 0.026024233549833298
65 320 0.014406509697437286
65 400 0.019641494378447533
66 0 0.026755250990390778
66 80 0.010456899181008339
66 160 0.0390218049287796
66 240 0.007369615603238344
66 320 0.011291985400021076
66 400 0.025901757180690765
67 0 0.014696607366204262
67 80 0.019444148987531662
67 160 0.017869701609015465
67 240 0.022897962480783463
67 320 0.017405129969120026
67 400 0.012327969074249268
68 0 0.01236927043646574
68 80 0.02946111373603344
68 160 0.024166876450181007
68 240 0.023440606892108917
68 320 0.015187798999249935
68 400 0.010276000946760178
69 0 0.008638698607683182
69 80 0.007528976537287235
69 160 0.010132825933396816
69 240 0.030019931495189667
69 320 0.02738664485514164
69 400 0.01014788169413805
70 0 0.013154875487089157
70 80 0.034525446593761444
70 160 0.008222839795053005
70 240 0.010365145280957222
70 320 0.01706971414387226
70 400 0.019162531942129135
71 0 0.025191450491547585
71 80 0.0242284145206213
71 160 0.009463370777666569
71 240 0.011664352379739285
71 320 0.02666512504220009
71 400 0.0074140471406280994
72 0 0.01234020758420229
72 80 0.016563039273023605
72 160 0.012708248570561409
72 240 0.006561383605003357
72 320 0.0187512394040823
72 400 0.02019471488893032
73 0 0.013269471935927868
73 80 0.01396381575614214
73 160 0.01725269854068756
73 240 0.011903353035449982
73 320 0.004611491225659847
73 400 0.014369615353643894
74 0 0.0118478462100029
74 80 0.037800565361976624
74 160 0.015386990271508694
74 240 0.02015332691371441
74 320 0.013217919506132603
74 400 0.021558040753006935
75 0 0.023280447348952293
75 80 0.017222488299012184
75 160 0.010615787468850613
75 240 0.020154006779193878
75 320 0.019815130159258842
75 400 0.011081153526902199
76 0 0.007648132741451263
76 80 0.02412547543644905
76 160 0.007344245444983244
76 240 0.023960839956998825
76 320 0.004149267915636301
76 400 0.005128439050167799
77 0 0.013826563954353333
77 80 0.019165964797139168
77 160 0.01173449493944645
77 240 0.021333463490009308
77 320 0.02581208571791649
77 400 0.008084425702691078
78 0 0.022549612447619438
78 80 0.017038170248270035
78 160 0.01156542357057333
78 240 0.014392425306141376
78 320 0.03279036656022072
78 400 0.01219276711344719
79 0 0.011771336197853088
79 80 0.021553216502070427
79 160 0.007069744635373354
79 240 0.0035223751328885555
79 320 0.011585219763219357
79 400 0.016756638884544373
80 0 0.01862102933228016
80 80 0.006134547293186188
80 160 0.012455420568585396
80 240 0.013555031269788742
80 320 0.008021614514291286
80 400 0.01505789440125227
81 0 0.008085654117166996
81 80 0.016989707946777344
81 160 0.008886946365237236
81 240 0.015662726014852524
81 320 0.008729834109544754
81 400 0.017451874911785126
82 0 0.013906258158385754
82 80 0.020975176244974136
82 160 0.011028075590729713
82 240 0.0129659129306674
82 320 0.02997942641377449
82 400 0.01115461066365242
83 0 0.01358538493514061
83 80 0.008400855585932732
83 160 0.015782613307237625
83 240 0.010666453279554844
83 320 0.01269443053752184
83 400 0.010007974691689014
84 0 0.00805987324565649
84 80 0.014208342880010605
84 160 0.006231651175767183
84 240 0.01053638942539692
84 320 0.02181803435087204
84 400 0.012979608960449696
85 0 0.0095223905518651
85 80 0.007180373650044203
85 160 0.009311394765973091
85 240 0.020299779251217842
85 320 0.012070071883499622
85 400 0.008359335362911224
86 0 0.009569200687110424
86 80 0.010050796903669834
86 160 0.017583400011062622
86 240 0.007604180835187435
86 320 0.009151463396847248
86 400 0.009458420798182487
87 0 0.005588320549577475
87 80 0.0173985343426466
87 160 0.006214525084942579
87 240 0.009974446147680283
87 320 0.004856235347688198
87 400 0.008190038613975048
88 0 0.017284324392676353
88 80 0.01081222016364336
88 160 0.006061225663870573
88 240 0.012192695401608944
88 320 0.015027991496026516
88 400 0.0068380930460989475
89 0 0.014335934072732925
89 80 0.021863482892513275
89 160 0.011609738692641258
89 240 0.011249594390392303
89 320 0.005089441780000925
89 400 0.004739987198263407
90 0 0.015089886263012886
90 80 0.017387958243489265
90 160 0.013400229625403881
90 240 0.012804388999938965
90 320 0.02009394019842148
90 400 0.013964945450425148
91 0 0.007481090258806944
91 80 0.0054651652462780476
91 160 0.010663793422281742
91 240 0.0171870905905962
91 320 0.01035101618617773
91 400 0.01306351087987423
92 0 0.00900870282202959
92 80 0.011562248691916466
92 160 0.006160869263112545
92 240 0.010744859464466572
92 320 0.012085147202014923
92 400 0.01762411743402481
93 0 0.0038839420303702354
93 80 0.013001480139791965
93 160 0.00839900504797697
93 240 0.007031707093119621
93 320 0.0034146218094974756
93 400 0.007302502635866404
94 0 0.013447945937514305
94 80 0.012709514237940311
94 160 0.006521169561892748
94 240 0.002740563126280904
94 320 0.011578027158975601
94 400 0.007991122081875801
95 0 0.006696771364659071
95 80 0.012120367959141731
95 160 0.004671738017350435
95 240 0.013109845109283924
95 320 0.012492237612605095
95 400 0.010849951766431332
96 0 0.005783739499747753
96 80 0.0035485916305333376
96 160 0.01005843561142683
96 240 0.009786565788090229
96 320 0.0107800904661417
96 400 0.014098342508077621
97 0 0.008550737984478474
97 80 0.006788839120417833
97 160 0.010689069516956806
97 240 0.008677632547914982
97 320 0.010206004604697227
97 400 0.010629161261022091
98 0 0.004648589063435793
98 80 0.008796916343271732
98 160 0.012360419146716595
98 240 0.01390188466757536
98 320 0.008549513295292854
98 400 0.005270682740956545
99 0 0.011314833536744118
99 80 0.005607523024082184
99 160 0.004856257699429989
99 240 0.014086226932704449
99 320 0.01606892980635166
99 400 0.008293616585433483
100 0 0.00785834901034832
100 80 0.011972271837294102
100 160 0.003805501852184534
100 240 0.005833712872117758
100 320 0.009001540951430798
100 400 0.007188605144619942
101 0 0.008094556629657745
101 80 0.01482122577726841
101 160 0.009839135222136974
101 240 0.006944871507585049
101 320 0.006276470609009266
101 400 0.005322961136698723
102 0 0.011657057330012321
102 80 0.005970508325845003
102 160 0.0050330921076238155
102 240 0.01164266187697649
102 320 0.011739366687834263
102 400 0.01828945428133011
103 0 0.004454970359802246
103 80 0.010146760381758213
103 160 0.009644570760428905
103 240 0.010323968715965748
103 320 0.009843491017818451
103 400 0.006575016304850578
104 0 0.014069498516619205
104 80 0.004129431676119566
104 160 0.007126132491976023
104 240 0.009045513346791267
104 320 0.004417018033564091
104 400 0.00906015932559967
105 0 0.008858705870807171
105 80 0.008107265457510948
105 160 0.007508288603276014
105 240 0.016754020005464554
105 320 0.011620641686022282
105 400 0.009492659009993076
106 0 0.011245375499129295
106 80 0.015152431093156338
106 160 0.005176202394068241
106 240 0.008588703349232674
106 320 0.008233916014432907
106 400 0.010662246495485306
107 0 0.007324748206883669
107 80 0.008221081458032131
107 160 0.014252950437366962
107 240 0.010666927322745323
107 320 0.005910675972700119
107 400 0.007226202636957169
108 0 0.009739149361848831
108 80 0.006960070692002773
108 160 0.009546814486384392
108 240 0.0047337934374809265
108 320 0.005122185684740543
108 400 0.010895218700170517
109 0 0.01102373469620943
109 80 0.005587623920291662
109 160 0.017130933701992035
109 240 0.010384419932961464
109 320 0.007001528050750494
109 400 0.007744913920760155
110 0 0.00899195484817028
110 80 0.00571911595761776
110 160 0.008016075007617474
110 240 0.0032952851615846157
110 320 0.004937540274113417
110 400 0.00513787567615509
111 0 0.006917943712323904
111 80 0.006912554614245892
111 160 0.005534817464649677
111 240 0.005932176019996405
111 320 0.006853737402707338
111 400 0.007145205978304148
112 0 0.005419727880507708
112 80 0.014636166393756866
112 160 0.005642417352646589
112 240 0.0075637418776750565
112 320 0.009419052861630917
112 400 0.005457943305373192
113 0 0.004420640412718058
113 80 0.006898355670273304
113 160 0.00496718380600214
113 240 0.006260172929614782
113 320 0.01595933921635151
113 400 0.006451436318457127
114 0 0.004191289655864239
114 80 0.008725281804800034
114 160 0.005790628958493471
114 240 0.005123118404299021
114 320 0.005521436687558889
114 400 0.00930087175220251
115 0 0.004627801477909088
115 80 0.0036824464332312346
115 160 0.006658524740487337
115 240 0.006041909102350473
115 320 0.0053370133973658085
115 400 0.00605805916711688
116 0 0.009528246708214283
116 80 0.007983009330928326
116 160 0.013343584723770618
116 240 0.0033511759247630835
116 320 0.006315663456916809
116 400 0.00992866512387991
117 0 0.009993703104555607
117 80 0.005453797988593578
117 160 0.00997324101626873
117 240 0.012132247909903526
117 320 0.007768642157316208
117 400 0.009768830612301826
118 0 0.001713077537715435
118 80 0.00556187005713582
118 160 0.005711799021810293
118 240 0.007830420508980751
118 320 0.008860801346600056
118 400 0.005181399639695883
119 0 0.008058366365730762
119 80 0.0074048759415745735
119 160 0.011253907345235348
119 240 0.013653500005602837
119 320 0.00365692051127553
119 400 0.0079494034871459
120 0 0.0058498866856098175
120 80 0.006474792957305908
120 160 0.01803012378513813
120 240 0.009953951463103294
120 320 0.006461708340793848
120 400 0.022786157205700874
121 0 0.004022367298603058
121 80 0.008448985405266285
121 160 0.005843754392117262
121 240 0.008352283388376236
121 320 0.00509221525862813
121 400 0.007825777865946293
122 0 0.004352137446403503
122 80 0.0072921449318528175
122 160 0.006864261347800493
122 240 0.008114192634820938
122 320 0.006594275590032339
122 400 0.004527052398771048
123 0 0.01144435629248619
123 80 0.004127856343984604
123 160 0.0081753795966506
123 240 0.00460915919393301
123 320 0.005142158828675747
123 400 0.0037885094061493874
124 0 0.004288746044039726
124 80 0.014147688634693623
124 160 0.010310137644410133
124 240 0.007362687960267067
124 320 0.006999670062214136
124 400 0.006303213536739349
125 0 0.00491892546415329
125 80 0.008833003230392933
125 160 0.006334482226520777
125 240 0.0025459364987909794
125 320 0.012728615663945675
125 400 0.0028816391713917255
126 0 0.006247967015951872
126 80 0.01199271623045206
126 160 0.005379913374781609
126 240 0.0047615887597203255
126 320 0.004507937468588352
126 400 0.006846623960882425
127 0 0.0030187524389475584
127 80 0.0059875259175896645
127 160 0.005120888352394104
127 240 0.004138757474720478
127 320 0.008230109699070454
127 400 0.004956523422151804
128 0 0.002475273096933961
128 80 0.006049521267414093
128 160 0.004991322755813599
128 240 0.00929524190723896
128 320 0.006571511272341013
128 400 0.0043284837156534195
129 0 0.00514424592256546
129 80 0.009461681358516216
129 160 0.005841673351824284
129 240 0.007135163992643356
129 320 0.004682652652263641
129 400 0.0071395328268408775
130 0 0.010203209705650806
130 80 0.006823205854743719
130 160 0.006740770302712917
130 240 0.008085939101874828
130 320 0.010812786407768726
130 400 0.00683478731662035
131 0 0.0065449438989162445
131 80 0.005635318346321583
131 160 0.0037145374808460474
131 240 0.005913353059440851
131 320 0.005543852690607309
131 400 0.009786127135157585
132 0 0.00424404488876462
132 80 0.007586796302348375
132 160 0.002881963737308979
132 240 0.006066345144063234
132 320 0.008159099146723747
132 400 0.004561613313853741
133 0 0.0035055745393037796
133 80 0.011673293076455593
133 160 0.004792013205587864
133 240 0.0031612669117748737
133 320 0.005345217417925596
133 400 0.004989908076822758
134 0 0.00676532369107008
134 80 0.011383933946490288
134 160 0.004371396731585264
134 240 0.005446828436106443
134 320 0.0064297146163880825
134 400 0.00728607177734375
135 0 0.0046279230155050755
135 80 0.004662254825234413
135 160 0.0025327461771667004
135 240 0.004452414810657501
135 320 0.007728911004960537
135 400 0.007524469867348671
136 0 0.007109436206519604
136 80 0.003984205424785614
136 160 0.004396763630211353
136 240 0.0050816768780350685
136 320 0.003957787062972784
136 400 0.005197370424866676
137 0 0.01328995544463396
137 80 0.004871908575296402
137 160 0.009871277958154678
137 240 0.004384600091725588
137 320 0.00455118715763092
137 400 0.003492573741823435
138 0 0.007386127486824989
138 80 0.006888807285577059
138 160 0.006521858274936676
138 240 0.00823178794234991
138 320 0.003509062109515071
138 400 0.00612653000280261
139 0 0.004601870197802782
139 80 0.007051809690892696
139 160 0.001729691051878035
139 240 0.004001672845333815
139 320 0.003909617196768522
139 400 0.00456601195037365
140 0 0.004825524985790253
140 80 0.003226876026019454
140 160 0.0034713514614850283
140 240 0.0038836372550576925
140 320 0.0079646660014987
140 400 0.006543460767716169
141 0 0.005469109397381544
141 80 0.003224046668037772
141 160 0.006140031851828098
141 240 0.0020576559472829103
141 320 0.0037300775293260813
141 400 0.004359409213066101
142 0 0.006999082863330841
142 80 0.00288950651884079
142 160 0.008524436503648758
142 240 0.007765056565403938
142 320 0.006163253914564848
142 400 0.008956010453402996
143 0 0.005751449149101973
143 80 0.002763232449069619
143 160 0.006654493510723114
143 240 0.005534125026315451
143 320 0.0034874994307756424
143 400 0.0035901053342968225
144 0 0.003696250496432185
144 80 0.008275780826807022
144 160 0.004642517305910587
144 240 0.006262215320020914
144 320 0.005440132692456245
144 400 0.007322981953620911
145 0 0.007605621591210365
145 80 0.00437740795314312
145 160 0.003296001348644495
145 240 0.004517412278801203
145 320 0.004750700201839209
145 400 0.00641212984919548
146 0 0.005057343747466803
146 80 0.006797126028686762
146 160 0.0036569610238075256
146 240 0.008504796773195267
146 320 0.006723755970597267
146 400 0.004301801323890686
147 0 0.005300991702824831
147 80 0.0028228566516190767
147 160 0.011264566332101822
147 240 0.004308356903493404
147 320 0.0035109592135995626
147 400 0.006495070643723011
148 0 0.0071744718588888645
148 80 0.003097130451351404
148 160 0.01141935121268034
148 240 0.0073044258169829845
148 320 0.0031479629687964916
148 400 0.005358923692256212
149 0 0.0042587206698954105
149 80 0.003467041300609708
149 160 0.004783603362739086
149 240 0.003365998389199376
149 320 0.0044554295018315315
149 400 0.004160973243415356
150 0 0.004433499649167061
150 80 0.006198384799063206
150 160 0.003467819420620799
150 240 0.0063891177996993065
150 320 0.003594690468162298
150 400 0.0045481473207473755
151 0 0.004035769496113062
151 80 0.003941684495657682
151 160 0.004041074309498072
151 240 0.0015730306040495634
151 320 0.005951673723757267
151 400 0.002785226795822382
152 0 0.005017722956836224
152 80 0.006345377769321203
152 160 0.0020815315656363964
152 240 0.005127531476318836
152 320 0.0038344247732311487
152 400 0.009074563160538673
153 0 0.004662415944039822
153 80 0.005291659384965897
153 160 0.003950744867324829
153 240 0.002433490240946412
153 320 0.002531684236600995
153 400 0.002939291764050722
154 0 0.008054670877754688
154 80 0.005944781471043825
154 160 0.003803680185228586
154 240 0.007262141443789005
154 320 0.00322582945227623
154 400 0.004912992473691702
155 0 0.0015570438699796796
155 80 0.0040802545845508575
155 160 0.0024297258350998163
155 240 0.0033759630750864744
155 320 0.0030943823512643576
155 400 0.004580291453748941
156 0 0.005176692735403776
156 80 0.0049829743802547455
156 160 0.005890686996281147
156 240 0.004780782386660576
156 320 0.0023028410505503416
156 400 0.005821231286972761
157 0 0.00437345402315259
157 80 0.0018435512902215123
157 160 0.005244700238108635
157 240 0.002889468567445874
157 320 0.009085667319595814
157 400 0.0029999720863997936
158 0 0.003994694445282221
158 80 0.0039107115007936954
158 160 0.0036043934524059296
158 240 0.0050377692095935345
158 320 0.006396390497684479
158 400 0.0056841205805540085
159 0 0.004581020679324865
159 80 0.004244625568389893
159 160 0.003556671552360058
159 240 0.00470321998000145
159 320 0.003709825687110424
159 400 0.004197895992547274
160 0 0.005813620053231716
160 80 0.004650094546377659
160 160 0.002898312406614423
160 240 0.0033187700901180506
160 320 0.0023593436926603317
160 400 0.006139026023447514
161 0 0.002265626098960638
161 80 0.004822694230824709
161 160 0.002639906946569681
161 240 0.008188215084373951
161 320 0.003956428728997707
161 400 0.00634304853156209
162 0 0.003794644493609667
162 80 0.002864814829081297
162 160 0.006268064025789499
162 240 0.0024232512805610895
162 320 0.005241303239017725
162 400 0.0038531478494405746
163 0 0.0033647012896835804
163 80 0.002557365456596017
163 160 0.0036091762594878674
163 240 0.004940532613545656
163 320 0.008615897968411446
163 400 0.002817438915371895
164 0 0.003177481237798929
164 80 0.003950321581214666
164 160 0.005474028643220663
164 240 0.0033197456505149603
164 320 0.007097363471984863
164 400 0.007165040820837021
165 0 0.004345784895122051
165 80 0.002092131646350026
165 160 0.006284517701715231
165 240 0.004757301416248083
165 320 0.0016624670242890716
165 400 0.003564509330317378
166 0 0.006428095046430826
166 80 0.005162810906767845
166 160 0.0044906553812325
166 240 0.002809021854773164
166 320 0.0029163004364818335
166 400 0.0050623128190636635
167 0 0.002481660572811961
167 80 0.002844915958121419
167 160 0.0024323819670826197
167 240 0.004314516671001911
167 320 0.006202162243425846
167 400 0.00409725122153759
168 0 0.005721702706068754
168 80 0.004475886467844248
168 160 0.0034675472415983677
168 240 0.002920736325904727
168 320 0.004402118735015392
168 400 0.003458464052528143
169 0 0.0036972458474338055
169 80 0.00339142675511539
169 160 0.003002167446538806
169 240 0.0039422158151865005
169 320 0.007731487043201923
169 400 0.0038464569952338934
170 0 0.003671561134979129
170 80 0.004209588747471571
170 160 0.003993335645645857
170 240 0.0031326410826295614
170 320 0.004345289431512356
170 400 0.005145452916622162
171 0 0.004630502313375473
171 80 0.002611057134345174
171 160 0.0059302737936377525
171 240 0.0038117847871035337
171 320 0.003978024702519178
171 400 0.002171847503632307
172 0 0.004141282755881548
172 80 0.003287628060206771
172 160 0.004181246738880873
172 240 0.003497976576909423
172 320 0.0030375816859304905
172 400 0.005611340515315533
173 0 0.004340623039752245
173 80 0.005409482400864363
173 160 0.005201430059969425
173 240 0.005628013983368874
173 320 0.004719741642475128
173 400 0.002272938843816519
174 0 0.004547222517430782
174 80 0.0036522583104670048
174 160 0.008081666193902493
174 240 0.006591921206563711
174 320 0.0052968901582062244
174 400 0.0050284648314118385
175 0 0.0016398672014474869
175 80 0.0025716908276081085
175 160 0.0030639846809208393
175 240 0.002543418435379863
175 320 0.005548516288399696
175 400 0.006456802599132061
176 0 0.0056593636982142925
176 80 0.0024754067417234182
176 160 0.006558519788086414
176 240 0.005671895109117031
176 320 0.0024973778054118156
176 400 0.004167793784290552
177 0 0.0020924576092511415
177 80 0.0034846847411245108
177 160 0.0032713208347558975
177 240 0.0034475973807275295
177 320 0.0031982804648578167
177 400 0.003070478793233633
178 0 0.0030553361866623163
178 80 0.0027509310748428106
178 160 0.003176584839820862
178 240 0.004288807511329651
178 320 0.006195823661983013
178 400 0.006580387707799673
179 0 0.002054320415481925
179 80 0.004774010740220547
179 160 0.0035609316546469927
179 240 0.002262247959151864
179 320 0.00631840992718935
179 400 0.00442496920004487
180 0 0.0034998494666069746
180 80 0.0044385408982634544
180 160 0.004397696349769831
180 240 0.00225227908231318
180 320 0.0021508221980184317
180 400 0.0070045748725533485
181 0 0.0033988142386078835
181 80 0.003258723532781005
181 160 0.0038414616137742996
181 240 0.005945466458797455
181 320 0.0038815755397081375
181 400 0.001814317423850298
182 0 0.0025447227526456118
182 80 0.005905854050070047
182 160 0.003991636913269758
182 240 0.0016151843592524529
182 320 0.005992121994495392
182 400 0.004352274350821972
183 0 0.0030823994893580675
183 80 0.002338681137189269
183 160 0.004376898054033518
183 240 0.0017188484780490398
183 320 0.00401843199506402
183 400 0.003574117785319686
184 0 0.003190296236425638
184 80 0.00444205105304718
184 160 0.0018065808108076453
184 240 0.0017591143259778619
184 320 0.00243053724989295
184 400 0.0027173589915037155
185 0 0.0019890612456947565
185 80 0.004288326483219862
185 160 0.004063929431140423
185 240 0.0036588965449482203
185 320 0.003468874841928482
185 400 0.005694049876183271
186 0 0.005473187658935785
186 80 0.002849058946594596
186 160 0.0032956984359771013
186 240 0.0026680808514356613
186 320 0.0025883682537823915
186 400 0.0018524249317124486
187 0 0.00309042283333838
187 80 0.005283077713102102
187 160 0.004695200826972723
187 240 0.004311772063374519
187 320 0.0028064765501767397
187 400 0.004891722928732634
188 0 0.0026362284552305937
188 80 0.004653114825487137
188 160 0.001106474082916975
188 240 0.004574434366077185
188 320 0.004000225570052862
188 400 0.004332093987613916
189 0 0.004073034506291151
189 80 0.0020463368855416775
189 160 0.0031098707113415003
189 240 0.002706284634768963
189 320 0.002085811458528042
189 400 0.0037430552765727043
190 0 0.003046280238777399
190 80 0.0026936675421893597
190 160 0.003315373556688428
190 240 0.0038281362503767014
190 320 0.002774308668449521
190 400 0.004879586398601532
191 0 0.0033755581825971603
191 80 0.001715138670988381
191 160 0.0019440570613369346
191 240 0.006611298304051161
191 320 0.003957818262279034
191 400 0.003104250179603696
192 0 0.002528900746256113
192 80 0.0015110932290554047
192 160 0.004322424530982971
192 240 0.004701650235801935
192 320 0.003978332970291376
192 400 0.0018344795098528266
193 0 0.001736549660563469
193 80 0.005416694097220898
193 160 0.003384220879524946
193 240 0.003284199396148324
193 320 0.0038600678090006113
193 400 0.002508576260879636
194 0 0.0035328646190464497
194 80 0.001718781073577702
194 160 0.0034657076466828585
194 240 0.0027064220048487186
194 320 0.0016834547277539968
194 400 0.0021872054785490036
195 0 0.0018038745038211346
195 80 0.0007245661690831184
195 160 0.004581390414386988
195 240 0.0014680458698421717
195 320 0.003922466654330492
195 400 0.00256927078589797
196 0 0.0020883309189230204
196 80 0.0020804768428206444
196 160 0.002434572670608759
196 240 0.002260024892166257
196 320 0.002136260038241744
196 400 0.003198138205334544
197 0 0.0022426792420446873
197 80 0.003025258658453822
197 160 0.0043432204984128475
197 240 0.0016473899595439434
197 320 0.0035425063688308
197 400 0.002020349958911538
198 0 0.0026636759284883738
198 80 0.0021211078856140375
198 160 0.004486131481826305
198 240 0.004042573738843203
198 320 0.002217789413407445
198 400 0.007954994216561317
199 0 0.0020515143405646086
199 80 0.00385559001006186
199 160 0.0029987317975610495
199 240 0.005900986958295107
199 320 0.002872937824577093
199 400 0.002162338001653552
200 0 0.0032950525637716055
200 80 0.00472099706530571
200 160 0.0043628280982375145
200 240 0.0027675435412675142
200 320 0.003513059811666608
200 400 0.002927070716395974
201 0 0.0030515401158481836
201 80 0.005171904806047678
201 160 0.005777869373559952
201 240 0.003421129658818245
201 320 0.002502415794879198
201 400 0.0030048100743442774
202 0 0.00357265817001462
202 80 0.003074121428653598
202 160 0.0027074087411165237
202 240 0.0035003735683858395
202 320 0.00272419024258852
202 400 0.0021265633404254913
203 0 0.0014342482900246978
203 80 0.0031682527624070644
203 160 0.0036528108175843954
203 240 0.0037151107098907232
203 320 0.0014088356401771307
203 400 0.0016538446070626378
204 0 0.005214768461883068
204 80 0.0035689976066350937
204 160 0.0028105289675295353
204 240 0.0022054908331483603
204 320 0.0033773037139326334
204 400 0.0030425149016082287
205 0 0.002573221456259489
205 80 0.002020430751144886
205 160 0.001712666591629386
205 240 0.004732043016701937
205 320 0.0019504346419125795
205 400 0.0019813391845673323
206 0 0.001073867199011147
206 80 0.0026194960810244083
206 160 0.003911858424544334
206 240 0.0034381807781755924
206 320 0.0018657046603038907
206 400 0.0022206087596714497
207 0 0.002837643027305603
207 80 0.0012648318661376834
207 160 0.002308434108272195
207 240 0.002156577305868268
207 320 0.0018856582464650273
207 400 0.004868400748819113
208 0 0.0025519065093249083
208 80 0.002359736477956176
208 160 0.0055057331919670105
208 240 0.0014485383871942759
208 320 0.0025485828518867493
208 400 0.0017272332916036248
209 0 0.004021494183689356
209 80 0.0014158569974824786
209 160 0.003173588775098324
209 240 0.002176383975893259
209 320 0.002698878524824977
209 400 0.004011681769043207
210 0 0.002945949789136648
210 80 0.0018469534115865827
210 160 0.0039632925763726234
210 240 0.002142581855878234
210 320 0.002021750435233116
210 400 0.004161491524428129
211 0 0.002913034986704588
211 80 0.0020658746361732483
211 160 0.0027834437787532806
211 240 0.0025268595200031996
211 320 0.003124360227957368
211 400 0.0031224219128489494
212 0 0.006379997357726097
212 80 0.0032978628296405077
212 160 0.0023215641267597675
212 240 0.0033144669141620398
212 320 0.0024229835253208876
212 400 0.0021435804665088654
213 0 0.002191368490457535
213 80 0.00426756264641881
213 160 0.003420009510591626
213 240 0.0019836893770843744
213 320 0.0020179159473627806
213 400 0.002167314291000366
214 0 0.0035828095860779285
214 80 0.0032486726995557547
214 160 0.00265048211440444
214 240 0.00405228603631258
214 320 0.004516532178968191
214 400 0.00249533005990088
215 0 0.0020330017432570457
215 80 0.002936470787972212
215 160 0.002105416962876916
215 240 0.002600638894364238
215 320 0.0029518590308725834
215 400 0.0027291716542094946
216 0 0.0014527910389006138
216 80 0.002879058476537466
216 160 0.0038033416494727135
216 240 0.0019292272627353668
216 320 0.0023912559263408184
216 400 0.0016940832138061523
217 0 0.002009715186432004
217 80 0.004113269038498402
217 160 0.002551323501393199
217 240 0.002225091215223074
217 320 0.0029497267678380013
217 400 0.0020775592420250177
218 0 0.002581492066383362
218 80 0.001349023194052279
218 160 0.003199356608092785
218 240 0.004319296684116125
218 320 0.004013373516499996
218 400 0.0017217850545421243
219 0 0.0021159311290830374
219 80 0.00495184538885951
219 160 0.003220493672415614
219 240 0.0029699215665459633
219 320 0.005391680169850588
219 400 0.0017533234786242247
220 0 0.0023790462873876095
220 80 0.0031999992206692696
220 160 0.0021928336936980486
220 240 0.0018826681189239025
220 320 0.004564800765365362
220 400 0.0015705281402915716
221 0 0.00319582293741405
221 80 0.0023141521960496902
221 160 0.002396182157099247
221 240 0.003642207942903042
221 320 0.0023984797298908234
221 400 0.001782929990440607
222 0 0.00243302620947361
222 80 0.0032813800498843193
222 160 0.004055238328874111
222 240 0.0016789030050858855
222 320 0.0030923301819711924
222 400 0.003109920537099242
223 0 0.0025988048873841763
223 80 0.0024025924503803253
223 160 0.004028428811579943
223 240 0.002980658086016774
223 320 0.0015598316676914692
223 400 0.0011026288848370314
224 0 0.0013369029620662332
224 80 0.0013341587036848068
224 160 0.0030673625878989697
224 240 0.003666115691885352
224 320 0.002808785066008568
224 400 0.0014171288348734379
225 0 0.003796545322984457
225 80 0.0026843962259590626
225 160 0.0019052702700719237
225 240 0.0017789346165955067
225 320 0.002254974562674761
225 400 0.0011207195930182934
226 0 0.0036997650749981403
226 80 0.0029383201617747545
226 160 0.002231417689472437
226 240 0.0022776760160923004
226 320 0.003538522170856595
226 400 0.002753553446382284
227 0 0.0034022508189082146
227 80 0.001777553465217352
227 160 0.0027485673781484365
227 240 0.002973719500005245
227 320 0.003478395286947489
227 400 0.00171101582236588
228 0 0.0009076197748072445
228 80 0.0019467623205855489
228 160 0.0029140030965209007
228 240 0.0017793088918551803
228 320 0.0037402333691716194
228 400 0.0020988949108868837
229 0 0.0035910375881940126
229 80 0.0027753333561122417
229 160 0.0017686677165329456
229 240 0.0014342579524964094
229 320 0.004570949822664261
229 400 0.003309363964945078
230 0 0.0024688872508704662
230 80 0.0015484908362850547
230 160 0.0025744654703885317
230 240 0.0018237929325550795
230 320 0.002554873703047633
230 400 0.0012468995992094278
231 0 0.0017112242057919502
231 80 0.003296001348644495
231 160 0.0023197121918201447
231 240 0.0015156082808971405
231 320 0.002326388144865632
231 400 0.0035081980749964714
232 0 0.002592529635876417
232 80 0.0015268631977960467
232 160 0.0030875871889293194
232 240 0.0017265606438741088
232 320 0.0013440953334793448
232 400 0.0017411955632269382
233 0 0.0027959400322288275
233 80 0.002499606925994158
233 160 0.003856621915474534
233 240 0.00222588493488729
233 320 0.0029196669347584248
233 400 0.0028952104039490223
234 0 0.0018832809291779995
234 80 0.0034967202227562666
234 160 0.0033383863046765327
234 240 0.004269023425877094
234 320 0.003388588549569249
234 400 0.0032692241948097944
235 0 0.001693572150543332
235 80 0.0011588807683438063
235 160 0.0036977005656808615
235 240 0.0035110427998006344
235 320 0.003098130226135254
235 400 0.0014641867019236088
236 0 0.0016893476713448763
236 80 0.0021328928414732218
236 160 0.0017252466641366482
236 240 0.0017827695701271296
236 320 0.003896972630172968
236 400 0.001998521853238344
237 0 0.0027604838833212852
237 80 0.003499078331515193
237 160 0.0019012968987226486
237 240 0.0030842823907732964
237 320 0.0023597590625286102
237 400 0.0016719290288165212
238 0 0.002664621453732252
238 80 0.002498759888112545
238 160 0.004031724762171507
238 240 0.0024937777779996395
238 320 0.003111267928034067
238 400 0.00185678550042212
239 0 0.002417694078758359
239 80 0.003087706631049514
239 160 0.0025530417915433645
239 240 0.0022008148953318596
239 320 0.002989342901855707
239 400 0.0017821750370785594
240 0 0.002772356616333127
240 80 0.002549627795815468
240 160 0.002861984306946397
240 240 0.0028422363102436066
240 320 0.0019495958695188165
240 400 0.002758326940238476
241 0 0.0016807778738439083
241 80 0.002200125018134713
241 160 0.0006070142262615263
241 240 0.0028195634949952364
241 320 0.0029552271589636803
241 400 0.0015317987417802215
242 0 0.001720571075566113
242 80 0.001328469137661159
242 160 0.0015515803825110197
242 240 0.0025343410670757294
242 320 0.0011916321236640215
242 400 0.0021303172688931227
243 0 0.0023190127685666084
243 80 0.002543017501011491
243 160 0.0008563536102883518
243 240 0.003795507363975048
243 320 0.001811616006307304
243 400 0.002208723919466138
244 0 0.0013690170599147677
244 80 0.00275794486515224
244 160 0.003281464334577322
244 240 0.003354232059791684
244 320 0.0016407514922320843
244 400 0.002745043719187379
245 0 0.0017136583337560296
245 80 0.0018524799961596727
245 160 0.0012553578708320856
245 240 0.0010708614718168974
245 320 0.0025811127852648497
245 400 0.0025282844435423613
246 0 0.0024909707717597485
246 80 0.002222130075097084
246 160 0.0016050138510763645
246 240 0.0010844197822734714
246 320 0.001012803753837943
246 400 0.0017464400734752417
247 0 0.001413934282027185
247 80 0.0018698585918173194
247 160 0.0028297128155827522
247 240 0.0035345645155757666
247 320 0.0027062103617936373
247 400 0.0038850668352097273
248 0 0.0017538296524435282
248 80 0.0022564982064068317
248 160 0.003385663963854313
248 240 0.0022376261185854673
248 320 0.002526448341086507
248 400 0.0018633835716173053
249 0 0.0023375204764306545
249 80 0.003102756105363369
249 160 0.0019387606298550963
249 240 0.002512900624424219
249 320 0.002158154733479023
249 400 0.0023015474434942007
250 0 0.002346744993701577
250 80 0.003716961946338415
250 160 0.0026858693454414606
250 240 0.0011878544464707375
250 320 0.002943779109045863
250 400 0.001977763371542096
251 0 0.002195910783484578
251 80 0.003191758645698428
251 160 0.00229354458861053
251 240 0.001955560641363263
251 320 0.0019974287133663893
251 400 0.0013823455665260553
252 0 0.002874510595574975
252 80 0.0017283144406974316
252 160 0.0007479078485630453
252 240 0.0016764147439971566
252 320 0.002754433313384652
252 400 0.0014343827497214079
253 0 0.0014980098931118846
253 80 0.002888535149395466
253 160 0.002900333609431982
253 240 0.003204183652997017
253 320 0.0020345409866422415
253 400 0.0022841973695904016
254 0 0.0013425328070297837
254 80 0.003113450249657035
254 160 0.001716596889309585
254 240 0.0015418543480336666
254 320 0.001511652721092105
254 400 0.0017903174739331007
255 0 0.001796140568330884
255 80 0.0033891811035573483
255 160 0.002549421042203903
255 240 0.0019103288650512695
255 320 0.003136049024760723
255 400 0.0012168219545856118
256 0 0.0025248173624277115
256 80 0.002327834954485297
256 160 0.0009636324248276651
256 240 0.0016387042123824358
256 320 0.002544293412938714
256 400 0.0016803145408630371
257 0 0.0020465569104999304
257 80 0.002320494968444109
257 160 0.0024293132591992617
257 240 0.0014310992555692792
257 320 0.0013253027573227882
257 400 0.0018077236600220203
258 0 0.0028245989233255386
258 80 0.002244233386591077
258 160 0.0018771197646856308
258 240 0.001669893623329699
258 320 0.0031778342090547085
258 400 0.0034297844395041466
259 0 0.002424218924716115
259 80 0.0022331299260258675
259 160 0.001236266572959721
259 240 0.002453192137181759
259 320 0.0036128219217061996
259 400 0.0030977660790085793
260 0 0.0013584370026364923
260 80 0.0013163546100258827
260 160 0.0011972361244261265
260 240 0.002347041619941592
260 320 0.0021252750884741545
260 400 0.002684040227904916
261 0 0.002453952096402645
261 80 0.001147239119745791
261 160 0.0007528939167968929
261 240 0.0017482596449553967
261 320 0.0016077974578365684
261 400 0.0014243349432945251
262 0 0.0026471936143934727
262 80 0.0026853037998080254
262 160 0.0022302239667624235
262 240 0.0022380738519132137
262 320 0.0018523131730034947
262 400 0.0028826419729739428
263 0 0.0016025195363909006
263 80 0.002086917171254754
263 160 0.0017778112087398767
263 240 0.00314403441734612
263 320 0.0015700884396210313
263 400 0.001016937312670052
264 0 0.0025915049482136965
264 80 0.0014484456041827798
264 160 0.0019905001390725374
264 240 0.002500103786587715
264 320 0.002149827079847455
264 400 0.004282655660063028
265 0 0.0018688642885535955
265 80 0.0017610859358683228
265 160 0.0038508097641170025
265 240 0.002023969776928425
265 320 0.0026675062254071236
265 400 0.0027543276082724333
266 0 0.0031532365828752518
266 80 0.0013126147678121924
266 160 0.00224956008605659
266 240 0.0014600951690226793
266 320 0.0029437104240059853
266 400 0.0036588122602552176
267 0 0.002398049458861351
267 80 0.0019809354562312365
267 160 0.002440782729536295
267 240 0.0020717447623610497
267 320 0.001375787891447544
267 400 0.002774554304778576
268 0 0.0033748538699001074
268 80 0.0020856165792793036
268 160 0.0021421401761472225
268 240 0.0027338701765984297
268 320 0.0016365088522434235
268 400 0.0015334059717133641
269 0 0.002332520205527544
269 80 0.0016265840968117118
269 160 0.00401600357145071
269 240 0.0014866183046251535
269 320 0.0026338829193264246
269 400 0.0013810613891109824
270 0 0.0023398599587380886
270 80 0.001686511212028563
270 160 0.0018061682349070907
270 240 0.00301977782510221
270 320 0.002209263388067484
270 400 0.0026826406829059124
271 0 0.002139575546607375
271 80 0.0029094903729856014
271 160 0.0019692780915647745
271 240 0.002322711516171694
271 320 0.0009408521582372487
271 400 0.0011896269861608744
272 0 0.0008560580899938941
272 80 0.0027481704019010067
272 160 0.0019455241272225976
272 240 0.00272759678773582
272 320 0.0029251286759972572
272 400 0.0006192593136802316
273 0 0.002051114570349455
273 80 0.002029154449701309
273 160 0.002311877440661192
273 240 0.002458905801177025
273 320 0.0027020142879337072
273 400 0.002092901850119233
274 0 0.001735445810481906
274 80 0.0017372143920511007
274 160 0.0012283767573535442
274 240 0.0018312932224944234
274 320 0.0023427889682352543
274 400 0.0017415931215509772
275 0 0.001338584697805345
275 80 0.0006521063041873276
275 160 0.0018503355095162988
275 240 0.0025142482481896877
275 320 0.0009609287953935564
275 400 0.000597325386479497
276 0 0.00248564756475389
276 80 0.0019465237855911255
276 160 0.0013592286268249154
276 240 0.002097819000482559
276 320 0.001676957937888801
276 400 0.0021239665802568197
277 0 0.0013927678810432553
277 80 0.001581456745043397
277 160 0.0025635797064751387
277 240 0.0017837727209553123
277 320 0.0013867673696950078
277 400 0.002270397963002324
278 0 0.0016228925669565797
278 80 0.0018803648417815566
278 160 0.0010733227245509624
278 240 0.00262433011084795
278 320 0.001778909470885992
278 400 0.0018660305067896843
279 0 0.0018625053344294429
279 80 0.002062906976789236
279 160 0.001842793426476419
279 240 0.0014162922743707895
279 320 0.0012267252895981073
279 400 0.0025648532900959253
280 0 0.001858422881923616
280 80 0.0018841688288375735
280 160 0.002335277386009693
280 240 0.0009496663114987314
280 320 0.00282255164347589
280 400 0.0028929798863828182
281 0 0.0016605256823822856
281 80 0.002224090276286006
281 160 0.0007504873210564256
281 240 0.0016830282984301448
281 320 0.002719481708481908
281 400 0.0009964340133592486
282 0 0.0014113262295722961
282 80 0.002056645229458809
282 160 0.002415440510958433
282 240 0.0016401968896389008
282 320 0.0016360669396817684
282 400 0.002001113025471568
283 0 0.0016491241985931993
283 80 0.001085547381080687
283 160 0.002112934598699212
283 240 0.001808282919228077
283 320 0.000758509908337146
283 400 0.0017280110623687506
284 0 0.0012795141665264964
284 80 0.0005932089406996965
284 160 0.0021211979910731316
284 240 0.0013476766180247068
284 320 0.0019957765471190214
284 400 0.002008879091590643
285 0 0.0014188706409186125
285 80 0.0017207539640367031
285 160 0.00286709307692945
285 240 0.001413950463756919
285 320 0.0023706157226115465
285 400 0.0014845948899164796
286 0 0.0016804124461486936
286 80 0.0014373005833476782
286 160 0.0016863723285496235
286 240 0.0015803012065589428
286 320 0.0017376955365762115
286 400 0.0010816733120009303
287 0 0.003027435624971986
287 80 0.0018387488089501858
287 160 0.0018040766008198261
287 240 0.0012675717007368803
287 320 0.0012530948733910918
287 400 0.0009758726810105145
288 0 0.001657332293689251
288 80 0.0022755868267267942
288 160 0.001503831590525806
288 240 0.0012182608479633927
288 320 0.0021349256858229637
288 400 0.00227798568084836
289 0 0.002191963605582714
289 80 0.0028876657597720623
289 160 0.0022428068332374096
289 240 0.001312300912104547
289 320 0.000977473915554583
289 400 0.0022827184293419123
290 0 0.001695340615697205
290 80 0.0014073351630941033
290 160 0.0023835233878344297
290 240 0.0015055148396641016
290 320 0.0014054806670174003
290 400 0.0024525390472263098
291 0 0.0021884464658796787
291 80 0.0019974508322775364
291 160 0.0017101948615163565
291 240 0.0023602040018886328
291 320 0.00139770342502743
291 400 0.002651936374604702
292 0 0.002110372530296445
292 80 0.0030655923765152693
292 160 0.0018521734746173024
292 240 0.0023445209953933954
292 320 0.0021088607609272003
292 400 0.0016918558394536376
293 0 0.00239669275470078
293 80 0.0010940340580418706
293 160 0.0014146609464660287
293 240 0.0017484964337199926
293 320 0.001219043042510748
293 400 0.0014371995348483324
294 0 0.0018938708817586303
294 80 0.001621867879293859
294 160 0.002278146566823125
294 240 0.0016139100771397352
294 320 0.002371020382270217
294 400 0.0009197494364343584
295 0 0.002567469608038664
295 80 0.0031130819115787745
295 160 0.002050727605819702
295 240 0.0012741060927510262
295 320 0.0016984593821689487
295 400 0.0018421877175569534
296 0 0.0013549234718084335
296 80 0.000986458151601255
296 160 0.0020659223664551973
296 240 0.0019981209188699722
296 320 0.002050569048151374
296 400 0.0023998962715268135
297 0 0.0010078470222651958
297 80 0.0014898846857249737
297 160 0.0014984700828790665
297 240 0.000997189898043871
297 320 0.0008846345008350909
297 400 0.0015148629900068045
298 0 0.0017265649512410164
298 80 0.002145422389730811
298 160 0.002193566644564271
298 240 0.0025433583650738
298 320 0.0018282620003446937
298 400 0.0020134171936661005
299 0 0.002207129495218396
299 80 0.0024418337270617485
299 160 0.002388786058872938
299 240 0.002514805179089308
299 320 0.0019962256774306297
299 400 0.0011249546660110354
300 0 0.0014748246176168323
300 80 0.002905729226768017
300 160 0.0019490377744659781
300 240 0.0016569989966228604
300 320 0.0012779682874679565
300 400 0.0020261334720999002
