1 0.38300928969118897 0.88635
2 0.22848988492796415 0.9341
3 0.19286659688774202 0.9451166666666667
4 0.1704941367639153 0.9513833333333334
5 0.1553975491683239 0.9556166666666667
6 0.14213646019795048 0.9593333333333334
7 0.13250967485309917 0.9628
8 0.12447737498101649 0.96525
9 0.11708507314324379 0.9671833333333333
10 0.11077810253606422 0.9685
11 0.1049919654009566 0.97075
12 0.10009949178154916 0.9722833333333334
13 0.09553340309337258 0.9741
14 0.09114507169945281 0.9749833333333333
15 0.08717804901730786 0.9760166666666666
16 0.08345121583307603 0.9772
17 0.08020400170927872 0.9776833333333333
18 0.07714763609791743 0.9794166666666667
19 0.07416981520619728 0.9800833333333333
20 0.07128142357380914 0.9812166666666666
21 0.06868724539073737 0.9816833333333334
22 0.06651004373645986 0.9822333333333333
23 0.06372834752792361 0.9832166666666666
24 0.06168792424783079 0.9836666666666667
25 0.05978163045797267 0.9845
26 0.05784157082946824 0.9850666666666666
27 0.05559673907954111 0.9856333333333334
28 0.05392554000830218 0.9858333333333333
29 0.05247700924494628 0.9865666666666667
30 0.05054947864740833 0.9876833333333334
31 0.04883934888663068 0.9875833333333334
32 0.047479697920159616 0.9879833333333333
33 0.04581770996080596 0.9888166666666667
34 0.04466055986533033 0.9890666666666666
35 0.04327279132312295 0.9895
36 0.041958059466231476 0.9901
37 0.04082923789999124 0.9904333333333334
38 0.03926602919955355 0.9909833333333333
39 0.038377175824458536 0.9911333333333333
40 0.03730583389692787 0.9913
41 0.036207110279483964 0.9919
42 0.03503477407881478 0.9925666666666667
43 0.034172006499475 0.99255
44 0.033143390565792887 0.9931166666666666
45 0.032138783111374004 0.99355
46 0.031294650065579584 0.9938833333333333
47 0.030474431830635074 0.994
48 0.029681096705339992 0.9945333333333334
49 0.028798929858468235 0.9945166666666667
50 0.028045787489903506 0.9950833333333333
51 0.027262609011169944 0.9952666666666666
52 0.026652011232001824 0.9952
53 0.025882281878315753 0.9955333333333334
54 0.025184185120032856 0.9958166666666667
55 0.02450994050590945 0.9959666666666667
56 0.023942833752440874 0.9961
57 0.02326979955036773 0.9964333333333333
58 0.022822388698027204 0.9965
59 0.022198288787855333 0.9968
60 0.021674201065209755 0.99685
61 0.021056070649770022 0.9971333333333333
62 0.02062081009236925 0.9972
63 0.020107050962956636 0.99745
64 0.019660219658356803 0.9976
65 0.01918664165853914 0.9974833333333334
66 0.01874263606060034 0.9978
67 0.018334005276229717 0.9977833333333334
68 0.017801620267720808 0.9981833333333333
69 0.017443212441234257 0.9979833333333333
70 0.017002473148439865 0.9981666666666666
71 0.016667990948754683 0.9982666666666666
72 0.016291575218393986 0.99855
73 0.015853957190656902 0.9986
74 0.015549659486740891 0.99855
75 0.015206484192573248 0.9986166666666667
76 0.014884532644236679 0.99875
77 0.014531298729180018 0.9988
78 0.014244667257366976 0.9988666666666667
79 0.01397232434648806 0.9989
80 0.013664184712064164 0.9989166666666667
81 0.013370645473272338 0.9990166666666667
82 0.013137461296888366 0.99895
83 0.012853689432175937 0.9990666666666667
84 0.012585524992862427 0.9991833333333333
85 0.012347526398541005 0.9992333333333333
86 0.012132643704622317 0.9992666666666666
87 0.011848214586307085 0.9992333333333333
88 0.011647988101844786 0.99925
89 0.01140387446087386 0.99935
90 0.011187447868942865 0.9993666666666666
91 0.01096288645034358 0.99935
92 0.010736647615038446 0.9994333333333333
93 0.010587775685103622 0.9994666666666666
94 0.010385458573583823 0.9995
95 0.010207750133054057 0.9995166666666667
96 0.010009703839491648 0.9995166666666667
97 0.009828651707166675 0.9996333333333334
98 0.009634637406645918 0.9996
99 0.009487864271457643 0.9995833333333334
100 0.009329284361100941 0.9997
101 0.00917850454637745 0.9996833333333334
102 0.009021175197704928 0.9997
103 0.008872473951993086 0.9997333333333334
104 0.008731910350994626 0.9998
105 0.008586962598372005 0.9998
106 0.008440955235724096 0.9998166666666667
107 0.008301763584328962 0.99985
108 0.008158745330029618 0.99985
109 0.008048599275118952 0.9998166666666667
110 0.007934914339881843 0.9999166666666667
111 0.007801357765437793 0.9998666666666667
112 0.007689207755049059 0.9998833333333333
113 0.0075654122593210955 0.9999166666666667
114 0.0074463221304086865 0.9998833333333333
115 0.007343606663314796 0.9999333333333333
116 0.007236896283320908 0.9999166666666667
117 0.007120579866859228 0.9999166666666667
118 0.0070383750705985725 0.9999
119 0.006925978179304187 0.9999166666666667
120 0.006832391367420983 0.99995
121 0.006748356676197795 0.9999666666666667
122 0.00664838202677961 0.99995
123 0.006562323122571256 0.9999666666666667
124 0.006480079896595162 0.9999666666666667
125 0.006368340200075367 0.9999833333333333
126 0.006309500351838116 0.9999666666666667
127 0.006220457932925714 0.9999666666666667
128 0.006142691172448906 0.9999666666666667
129 0.006057661092991053 0.9999666666666667
130 0.005974170095078758 0.9999666666666667
131 0.005915290700631149 0.9999833333333333
132 0.005828441101322963 0.9999833333333333
133 0.00575975569060394 0.9999666666666667
134 0.005683952200808314 0.9999833333333333
135 0.005634683750764425 0.9999833333333333
136 0.005538505532576252 1.0
137 0.005493292091801556 0.9999833333333333
138 0.00543193175156575 1.0
139 0.005361129102587048 0.9999833333333333
140 0.005304465984562233 1.0
141 0.005239367659297039 1.0
142 0.005188492791745057 0.9999833333333333
143 0.005121318415166743 1.0
144 0.005067681707044655 0.9999833333333333
145 0.00500020956787378 1.0
146 0.004954201962872307 1.0
147 0.004889170271850853 1.0
148 0.004847002504611893 1.0
149 0.004790031198245376 1.0
150 0.004741236828376791 1.0
151 0.004686939312385391 1.0
152 0.004636781504387652 1.0
153 0.0045981725321899945 1.0
154 0.004537353977692058 1.0
155 0.004502238932627636 1.0
156 0.004451456170445725 1.0
157 0.004403438915047787 1.0
158 0.004371828381478517 1.0
159 0.004327098133418757 1.0
160 0.004279144435449799 1.0
161 0.004234720892243103 1.0
162 0.004191461020210849 1.0
163 0.004153654399786645 1.0
164 0.00411276111733228 1.0
165 0.004072557003654317 1.0
166 0.004042637834041469 1.0
167 0.003997562669350633 1.0
168 0.003967788460642608 1.0
169 0.003928972751464146 1.0
170 0.0038913820969757 1.0
171 0.0038549760912558926 1.0
172 0.0038277515811400847 1.0
173 0.003792639867564453 1.0
174 0.003742127289706623 1.0
175 0.0037217887700783576 1.0
176 0.003685987912300132 1.0
177 0.003659015487276836 1.0
178 0.0036270740659915405 1.0
179 0.0035927841551045875 1.0
180 0.003560410642714452 1.0
181 0.003533272179655794 1.0
182 0.003497523300201773 1.0
183 0.0034745669916772574 1.0
184 0.003445673961071238 1.0
185 0.003415122381977435 1.0
186 0.0033847368398020024 1.0
187 0.0033641872299052696 1.0
188 0.003336770166240847 1.0
189 0.003305852071502244 1.0
190 0.0032814411212628617 1.0
191 0.0032503422921715077 1.0
192 0.0032268626597285 1.0
193 0.0032049176261585545 1.0
194 0.0031743745703293855 1.0
195 0.0031505141851317477 1.0
196 0.0031298384785767336 1.0
197 0.003107264986448387 1.0
198 0.00308151667573249 1.0
199 0.003056720131263534 1.0
200 0.0030363662496530838 1.0
201 0.003010020382689443 1.0
202 0.0029896009354236554 1.0
203 0.002968136469266618 1.0
204 0.002947018288551514 1.0
205 0.0029241817411102813 1.0
206 0.002902754075474727 1.0
207 0.0028812069395459743 1.0
208 0.0028630268654780094 1.0
209 0.002841684125564389 1.0
210 0.0028184040076981013 1.0
211 0.002802846835740506 1.0
212 0.002782454191551192 1.0
213 0.002759363004209986 1.0
214 0.0027456944707834694 1.0
215 0.002725791856661431 1.0
216 0.0027039280250124426 1.0
217 0.0026872332299948294 1.0
218 0.0026698441010465953 1.0
219 0.0026502648593365414 1.0
220 0.0026304204384786393 1.0
221 0.0026165119240503273 1.0
222 0.0025967523645011904 1.0
223 0.0025801485829325373 1.0
224 0.0025659866760353815 1.0
225 0.002544030845875163 1.0
226 0.0025324438882769265 1.0
227 0.002512009037452053 1.0
228 0.0024994341856383008 1.0
229 0.002481877669267086 1.0
230 0.002464162873978943 1.0
231 0.002451373259353239 1.0
232 0.002433508094688103 1.0
233 0.0024199392461627008 1.0
234 0.0024054789309278686 1.0
235 0.0023896061494000265 1.0
236 0.002374083736662203 1.0
237 0.0023598796756280813 1.0
238 0.0023461599975873005 1.0
239 0.002332819859682918 1.0
240 0.0023182950615297073 1.0
241 0.0023053415912215407 1.0
242 0.0022902063014400777 1.0
243 0.002273854589264002 1.0
244 0.00226350510103215 1.0
245 0.00225103557120258 1.0
246 0.00223632138406139 1.0
247 0.00222375869045038 1.0
248 0.002209512533735174 1.0
249 0.002198287418662215 1.0
250 0.0021853542491755903 1.0
251 0.0021735401896721147 1.0
252 0.0021573068093268203 1.0
253 0.0021471521471625073 1.0
254 0.0021335972264023826 1.0
255 0.0021226909734544035 1.0
256 0.0021102714950768852 1.0
257 0.0021000276951403268 1.0
258 0.0020874399199847507 1.0
259 0.0020757630301851916 1.0
260 0.0020648008999926077 1.0
261 0.0020536499334745475 1.0
262 0.0020430428761569882 1.0
263 0.002031297928322035 1.0
264 0.0020201374514913087 1.0
265 0.0020097455286335495 1.0
266 0.0019954824532225314 1.0
267 0.0019865997166914947 1.0
268 0.0019776088833215154 1.0
269 0.0019669935683971013 1.0
270 0.001956925596304631 1.0
271 0.0019450785352914 1.0
272 0.001937577123210124 1.0
273 0.001923776742667635 1.0
274 0.0019130269444035267 1.0
275 0.0019076073617696253 1.0
276 0.0018965058985090794 1.0
277 0.0018851861375312545 1.0
278 0.001877403040272571 1.0
279 0.0018677204730175832 1.0
280 0.0018584033064638526 1.0
281 0.0018489468086417566 1.0
282 0.0018369089179078558 1.0
283 0.0018289550906915996 1.0
284 0.0018201349115720008 1.0
285 0.0018110458404252698 1.0
286 0.0018031885650114162 1.0
287 0.0017942982160601454 1.0
288 0.0017855122300318635 1.0
289 0.001776167260756446 1.0
290 0.0017671537929838067 1.0
