1 0 2.935805082321167
1 80 0.46608877182006836
1 160 0.38488897681236267
1 240 0.2959083318710327
1 320 0.3654174208641052
1 400 0.3006955683231354
2 0 0.23795011639595032
2 80 0.2337975949048996
2 160 0.20257748663425446
2 240 0.22199130058288574
2 320 0.24512718617916107
2 400 0.261630117893219
3 0 0.13388478755950928
3 80 0.15689492225646973
3 160 0.1349993646144867
3 240 0.20145629346370697
3 320 0.16540543735027313
3 400 0.12207674980163574
4 0 0.2086169272661209
4 80 0.2124936580657959
4 160 0.19928258657455444
4 240 0.15431798994541168
4 320 0.2436075359582901
4 400 0.20771950483322144
5 0 0.13050109148025513
5 80 0.1125844195485115
5 160 0.10600870102643967
5 240 0.19474168121814728
5 320 0.10812965780496597
5 400 0.14218831062316895
6 0 0.13324816524982452
6 80 0.16823646426200867
6 160 0.18891273438930511
6 240 0.11055675894021988
6 320 0.09893401712179184
6 400 0.08431214839220047
7 0 0.2345038503408432
7 80 0.11052487045526505
7 160 0.1581002175807953
7 240 0.19520020484924316
7 320 0.0998937115073204
7 400 0.10260236263275146
8 0 0.03973041847348213
8 80 0.11982395499944687
8 160 0.13247613608837128
8 240 0.09425488859415054
8 320 0.12691698968410492
8 400 0.15174873173236847
9 0 0.09581445157527924
9 80 0.11749904602766037
9 160 0.0751286968588829
9 240 0.14185094833374023
9 320 0.14460872113704681
9 400 0.07841309159994125
10 0 0.06537991762161255
10 80 0.09021513164043427
10 160 0.18584784865379333
10 240 0.11863656342029572
10 320 0.13292917609214783
10 400 0.09704703092575073
11 0 0.16134817898273468
11 80 0.11060823500156403
11 160 0.098721444606781
11 240 0.14639969170093536
11 320 0.06856220960617065
11 400 0.12787847220897675
12 0 0.1297578066587448
12 80 0.122621551156044
12 160 0.10747993737459183
12 240 0.08576750755310059
12 320 0.20888593792915344
12 400 0.07555879652500153
13 0 0.15803000330924988
13 80 0.07261385023593903
13 160 0.08872318267822266
13 240 0.10071832686662674
13 320 0.0974559411406517
13 400 0.07421272993087769
14 0 0.16463035345077515
14 80 0.09188157320022583
14 160 0.17331404983997345
14 240 0.051229435950517654
14 320 0.07709792256355286
14 400 0.06567419320344925
15 0 0.0530967079102993
15 80 0.2365921288728714
15 160 0.06768935918807983
15 240 0.05474873632192612
15 320 0.0753423199057579
15 400 0.02839350700378418
16 0 0.05209337919950485
16 80 0.14823518693447113
16 160 0.0766734704375267
16 240 0.08726007491350174
16 320 0.08046341687440872
16 400 0.10531062632799149
17 0 0.06699509173631668
17 80 0.028079450130462646
17 160 0.041838932782411575
17 240 0.10700348764657974
17 320 0.11925876140594482
17 400 0.06131672114133835
18 0 0.05192836374044418
18 80 0.04007739946246147
18 160 0.07485625892877579
18 240 0.09107248485088348
18 320 0.04233614727854729
18 400 0.12120582163333893
19 0 0.1696372628211975
19 80 0.05287598818540573
19 160 0.10937221348285675
19 240 0.09328155219554901
19 320 0.12057045847177505
19 400 0.045214928686618805
20 0 0.04134340211749077
20 80 0.04402180016040802
20 160 0.02961231768131256
20 240 0.033319029957056046
20 320 0.026210924610495567
20 400 0.08145726472139359
21 0 0.05000606179237366
21 80 0.04502987861633301
21 160 0.08695489168167114
21 240 0.02566979080438614
21 320 0.04297250136733055
21 400 0.07101938128471375
22 0 0.06796363741159439
22 80 0.048014555126428604
22 160 0.07661676406860352
22 240 0.05711505562067032
22 320 0.11154789477586746
22 400 0.06050846725702286
23 0 0.02464837022125721
23 80 0.045104265213012695
23 160 0.0350448377430439
23 240 0.03527050092816353
23 320 0.06441338360309601
23 400 0.07764465361833572
24 0 0.04756665974855423
24 80 0.033804044127464294
24 160 0.05505455657839775
24 240 0.07928372174501419
24 320 0.026213113218545914
24 400 0.05668645724654198
25 0 0.057780999690294266
25 80 0.11296951025724411
25 160 0.033607400953769684
25 240 0.08474477380514145
25 320 0.1247231587767601
25 400 0.057345665991306305
26 0 0.086717389523983
26 80 0.0922788456082344
26 160 0.06210364028811455
26 240 0.05643501877784729
26 320 0.029277948662638664
26 400 0.054974012076854706
27 0 0.07095187157392502
27 80 0.06222371757030487
27 160 0.04077427089214325
27 240 0.05640553683042526
27 320 0.05844013765454292
27 400 0.03937810659408569
28 0 0.039798662066459656
28 80 0.062274545431137085
28 160 0.028400855138897896
28 240 0.07773523777723312
28 320 0.06399998068809509
28 400 0.0316038504242897
29 0 0.047123733907938004
29 80 0.040130987763404846
29 160 0.046052031219005585
29 240 0.048453133553266525
29 320 0.062417417764663696
29 400 0.03704744577407837
30 0 0.025378460064530373
30 80 0.07185438275337219
30 160 0.028950288891792297
30 240 0.03856642544269562
30 320 0.07119255512952805
30 400 0.05682406947016716
31 0 0.07724602520465851
31 80 0.04319523274898529
31 160 0.030702725052833557
31 240 0.03219827637076378
31 320 0.044242992997169495
31 400 0.031042583286762238
32 0 0.04439696669578552
32 80 0.054450493305921555
32 160 0.10152044147253036
32 240 0.09545370191335678
32 320 0.024537311866879463
32 400 0.027861207723617554
33 0 0.03856668621301651
33 80 0.02601287141442299
33 160 0.04800790548324585
33 240 0.042181238532066345
33 320 0.04621915519237518
33 400 0.0645356997847557
34 0 0.04468577355146408
34 80 0.032094262540340424
34 160 0.021709419786930084
34 240 0.04947821423411369
34 320 0.02765815146267414
34 400 0.05630260705947876
35 0 0.024660399183630943
35 80 0.037611957639455795
35 160 0.06733023375272751
35 240 0.029889415949583054
35 320 0.05678774043917656
35 400 0.04671864956617355
36 0 0.06571700423955917
36 80 0.04458596929907799
36 160 0.06330136209726334
36 240 0.04749714955687523
36 320 0.032787661999464035
36 400 0.03416988626122475
37 0 0.03350035473704338
37 80 0.026482172310352325
37 160 0.021050438284873962
37 240 0.04096328839659691
37 320 0.06101542338728905
37 400 0.041401270776987076
38 0 0.025499660521745682
38 80 0.0243909303098917
38 160 0.05088089406490326
38 240 0.04580792039632797
38 320 0.021006327122449875
38 400 0.027361027896404266
39 0 0.02326156385242939
39 80 0.02183949574828148
39 160 0.06757231801748276
39 240 0.061131153255701065
39 320 0.026072781533002853
39 400 0.020127279683947563
40 0 0.04970943182706833
40 80 0.08499204367399216
40 160 0.03985508531332016
40 240 0.04004805535078049
40 320 0.02883101813495159
40 400 0.025382021442055702
41 0 0.044544562697410583
41 80 0.034486010670661926
41 160 0.029279446229338646
41 240 0.02714673988521099
41 320 0.04375666752457619
41 400 0.01744898036122322
42 0 0.025089245289564133
42 80 0.022464439272880554
42 160 0.0848805233836174
42 240 0.055600620806217194
42 320 0.027176937088370323
42 400 0.036507416516542435
43 0 0.026791425421833992
43 80 0.0399998277425766
43 160 0.037727128714323044
43 240 0.02380260080099106
43 320 0.053824782371520996
43 400 0.06723149865865707
44 0 0.015556711703538895
44 80 0.02355179376900196
44 160 0.036971963942050934
44 240 0.057015661150217056
44 320 0.03743792325258255
44 400 0.024759382009506226
45 0 0.01310591772198677
45 80 0.012798058800399303
45 160 0.022697048261761665
45 240 0.0471760630607605
45 320 0.05660261958837509
45 400 0.016055859625339508
46 0 0.028835054486989975
46 80 0.05336298793554306
46 160 0.019689250737428665
46 240 0.037056274712085724
46 320 0.019086308777332306
46 400 0.02654888853430748
47 0 0.009515704587101936
47 80 0.03943881019949913
47 160 0.038078710436820984
47 240 0.03192221373319626
47 320 0.02239670790731907
47 400 0.01661052368581295
48 0 0.03918635472655296
48 80 0.03432793915271759
48 160 0.03272571042180061
48 240 0.045350052416324615
48 320 0.0422128327190876
48 400 0.044846151024103165
49 0 0.02844560146331787
49 80 0.03301146253943443
49 160 0.00952974520623684
49 240 0.012843557633459568
49 320 0.023874253034591675
49 400 0.027230629697442055
50 0 0.030086534097790718
50 80 0.014669499360024929
50 160 0.03523563593626022
50 240 0.023521581664681435
50 320 0.019412722438573837
50 400 0.028103020042181015
51 0 0.008152694441378117
51 80 0.024164244532585144
51 160 0.02768056094646454
51 240 0.016561036929488182
51 320 0.013203953392803669
51 400 0.016748668625950813
52 0 0.031926050782203674
52 80 0.033065058290958405
52 160 0.026554197072982788
52 240 0.014141782186925411
52 320 0.015466307289898396
52 400 0.07514301687479019
53 0 0.015735173597931862
53 80 0.019179020076990128
53 160 0.0339873768389225
53 240 0.02527819760143757
53 320 0.023301877081394196
53 400 0.04381502792239189
54 0 0.011518094688653946
54 80 0.02189992554485798
54 160 0.039894793182611465
54 240 0.018078569322824478
54 320 0.020986409857869148
54 400 0.027556126937270164
55 0 0.039720889180898666
55 80 0.023915357887744904
55 160 0.020768288522958755
55 240 0.019262485206127167
55 320 0.03830311819911003
55 400 0.013584956526756287
56 0 0.027070021256804466
56 80 0.019787805154919624
56 160 0.07191159576177597
56 240 0.011593440547585487
56 320 0.023925656452775
56 400 0.03978594392538071
57 0 0.025497697293758392
57 80 0.026203550398349762
57 160 0.02674081362783909
57 240 0.04711168631911278
57 320 0.01610642299056053
57 400 0.0202927365899086
58 0 0.03266339376568794
58 80 0.009618783369660378
58 160 0.01903435029089451
58 240 0.008732900954782963
58 320 0.018018804490566254
58 400 0.01819729432463646
59 0 0.02882007136940956
59 80 0.02627149224281311
59 160 0.04870785400271416
59 240 0.021695561707019806
59 320 0.019731177017092705
59 400 0.04312936216592789
60 0 0.017138849943876266
60 80 0.042742107063531876
60 160 0.05719585344195366
60 240 0.022275220602750778
60 320 0.029595186933875084
60 400 0.016971824690699577
61 0 0.01774681732058525
61 80 0.005625068675726652
61 160 0.03333153948187828
61 240 0.018194003030657768
61 320 0.011152734979987144
61 400 0.017394939437508583
62 0 0.023898925632238388
62 80 0.015439068898558617
62 160 0.00998616125434637
62 240 0.025238297879695892
62 320 0.01619802974164486
62 400 0.0237266905605793
63 0 0.020822107791900635
63 80 0.010767461732029915
63 160 0.011373399756848812
63 240 0.008384129963815212
63 320 0.027632297948002815
63 400 0.015261341817677021
64 0 0.028576642274856567
64 80 0.009869198314845562
64 160 0.021683581173419952
64 240 0.010280764661729336
64 320 0.012414365075528622
64 400 0.03898093104362488
65 0 0.013828168623149395
65 80 0.015727560967206955
65 160 0.007123001851141453
65 240 0.01309216022491455
65 320 0.029553644359111786
65 400 0.00784931518137455
66 0 0.015236892737448215
66 80 0.021308472380042076
66 160 0.016972387209534645
66 240 0.015765931457281113
66 320 0.023378586396574974
66 400 0.013622750528156757
67 0 0.020375512540340424
67 80 0.014199811965227127
67 160 0.009259793907403946
67 240 0.031175950542092323
67 320 0.01756323128938675
67 400 0.03477534279227257
68 0 0.016536474227905273
68 80 0.02083416096866131
68 160 0.007829491049051285
68 240 0.020793147385120392
68 320 0.018278343603014946
68 400 0.018247338011860847
69 0 0.012408114969730377
69 80 0.03368145599961281
69 160 0.008685142733156681
69 240 0.015095233917236328
69 320 0.013324200175702572
69 400 0.012740349397063255
70 0 0.018734032288193703
70 80 0.0129243778064847
70 160 0.028652874752879143
70 240 0.011456910520792007
70 320 0.00845686998218298
70 400 0.011147603392601013
71 0 0.014395863749086857
71 80 0.016571111977100372
71 160 0.016711074858903885
71 240 0.005817340221256018
71 320 0.008370766416192055
71 400 0.010531973093748093
72 0 0.007037461269646883
72 80 0.012812471017241478
72 160 0.02519066073000431
72 240 0.011478136293590069
72 320 0.024445636197924614
72 400 0.012045118026435375
73 0 0.010295255109667778
73 80 0.011189023964107037
73 160 0.0225454643368721
73 240 0.015307659283280373
73 320 0.013919934630393982
73 400 0.0112885981798172
74 0 0.018684767186641693
74 80 0.010654222220182419
74 160 0.017761530354619026
74 240 0.011177392676472664
74 320 0.008731425739824772
74 400 0.005953486543148756
75 0 0.01723191887140274
75 80 0.014136186800897121
75 160 0.010014446452260017
75 240 0.011958148330450058
75 320 0.010740243829786777
75 400 0.015836969017982483
76 0 0.005677058827131987
76 80 0.010316858999431133
76 160 0.012320607900619507
76 240 0.020659014582633972
76 320 0.01808691769838333
76 400 0.012436846271157265
77 0 0.008190684951841831
77 80 0.013079528696835041
77 160 0.011017119511961937
77 240 0.05642891675233841
77 320 0.012817143462598324
77 400 0.02319355495274067
78 0 0.012980603612959385
78 80 0.008167462423443794
78 160 0.028790222480893135
78 240 0.03116847760975361
78 320 0.010640072636306286
78 400 0.021363625302910805
79 0 0.010442097671329975
79 80 0.01160359289497137
79 160 0.0077095613814890385
79 240 0.019089994952082634
79 320 0.016798298805952072
79 400 0.01023049931973219
80 0 0.004335604142397642
80 80 0.014675145037472248
80 160 0.005794561468064785
80 240 0.014734706841409206
80 320 0.008726189844310284
80 400 0.011388774961233139
81 0 0.006378700491040945
81 80 0.021403856575489044
81 160 0.028872260823845863
81 240 0.011474265716969967
81 320 0.008283295668661594
81 400 0.020095882937312126
82 0 0.008546623401343822
82 80 0.011377769522368908
82 160 0.01640685833990574
82 240 0.004019382409751415
82 320 0.012966505251824856
82 400 0.007462298963218927
83 0 0.020867222920060158
83 80 0.012860637158155441
83 160 0.005789263639599085
83 240 0.012846102938055992
83 320 0.019928956404328346
83 400 0.016314389184117317
84 0 0.01150172483175993
84 80 0.013797965832054615
84 160 0.015758806839585304
84 240 0.012048867531120777
84 320 0.0178664643317461
84 400 0.01676281914114952
85 0 0.01972590573132038
85 80 0.015203445218503475
85 160 0.010870039463043213
85 240 0.013468887656927109
85 320 0.012389246374368668
85 400 0.010039384476840496
86 0 0.017436709254980087
86 80 0.00950284581631422
86 160 0.006494174245744944
86 240 0.006740872748196125
86 320 0.014286649413406849
86 400 0.010909502394497395
87 0 0.007272646296769381
87 80 0.010172500275075436
87 160 0.025475872680544853
87 240 0.0137399360537529
87 320 0.008655395358800888
87 400 0.0202378798276186
88 0 0.014154245145618916
88 80 0.012051026336848736
88 160 0.008533724583685398
88 240 0.00593437347561121
88 320 0.016075830906629562
88 400 0.02295622043311596
89 0 0.012049965560436249
89 80 0.007122460287064314
89 160 0.014781787060201168
89 240 0.009920037351548672
89 320 0.007557807490229607
89 400 0.007028019521385431
90 0 0.014443491585552692
90 80 0.0106735834851861
90 160 0.008452273905277252
90 240 0.010510388761758804
90 320 0.007704480551183224
90 400 0.004514510743319988
91 0 0.008519122377038002
91 80 0.02392526902258396
91 160 0.009309505112469196
91 240 0.01367123331874609
91 320 0.014793994836509228
91 400 0.012136573903262615
92 0 0.011059152893722057
92 80 0.013121900148689747
92 160 0.005377636756747961
92 240 0.006198760587722063
92 320 0.006360035855323076
92 400 0.007420315407216549
93 0 0.012495744973421097
93 80 0.006745615974068642
93 160 0.01748421974480152
93 240 0.009006324224174023
93 320 0.005655680783092976
93 400 0.008779507130384445
94 0 0.010858193971216679
94 80 0.021755916997790337
94 160 0.0050733936950564384
94 240 0.005597278010100126
94 320 0.007804658263921738
94 400 0.012327632866799831
95 0 0.0072424644604325294
95 80 0.015325061045587063
95 160 0.018496712669730186
95 240 0.0049112578853964806
95 320 0.005473962053656578
95 400 0.008791825734078884
96 0 0.011886014603078365
96 80 0.005554525181651115
96 160 0.007505376823246479
96 240 0.007832882925868034
96 320 0.01143174059689045
96 400 0.01105559803545475
97 0 0.011428514495491982
97 80 0.006152336951345205
97 160 0.006953223142772913
97 240 0.010302964597940445
97 320 0.008147728629410267
97 400 0.0026252889074385166
98 0 0.015942102298140526
98 80 0.011099577881395817
98 160 0.006785709876567125
98 240 0.011404965072870255
98 320 0.012599675916135311
98 400 0.00926500465720892
99 0 0.003977362997829914
99 80 0.0037453295662999153
99 160 0.006798520218580961
99 240 0.003223227569833398
99 320 0.007978975772857666
99 400 0.007757813669741154
100 0 0.007022019941359758
100 80 0.005521360319107771
100 160 0.005914312321692705
100 240 0.005521414335817099
100 320 0.008929740637540817
100 400 0.005266974214464426
101 0 0.00451159942895174
101 80 0.009085608646273613
101 160 0.012542389333248138
101 240 0.0034420317970216274
101 320 0.012496428564190865
101 400 0.007979290559887886
102 0 0.011296283453702927
102 80 0.010367960669100285
102 160 0.013918837532401085
102 240 0.018331505358219147
102 320 0.010633294470608234
102 400 0.009843568317592144
103 0 0.010750787332654
103 80 0.01231747679412365
103 160 0.009566978551447392
103 240 0.005499588325619698
103 320 0.011824756860733032
103 400 0.011672291904687881
104 0 0.007953670807182789
104 80 0.007587966974824667
104 160 0.004217164590954781
104 240 0.009573319926857948
104 320 0.006946471985429525
104 400 0.008804882876574993
105 0 0.007234165444970131
105 80 0.01001290138810873
105 160 0.008015417493879795
105 240 0.008547361940145493
105 320 0.012101931497454643
105 400 0.013177899643778801
106 0 0.010385269299149513
106 80 0.011205486953258514
106 160 0.009582205675542355
106 240 0.005566924344748259
106 320 0.010068584233522415
106 400 0.007753943558782339
107 0 0.003046485362574458
107 80 0.008016855455935001
107 160 0.0076387422159314156
107 240 0.007977918721735477
107 320 0.005030726548284292
107 400 0.006926126778125763
108 0 0.005211117211729288
108 80 0.008758456446230412
108 160 0.0044816629961133
108 240 0.006428451742976904
108 320 0.008080056868493557
108 400 0.010235082358121872
109 0 0.007086415775120258
109 80 0.01209259033203125
109 160 0.01115960069000721
109 240 0.010736873373389244
109 320 0.011030408553779125
109 400 0.011784774251282215
110 0 0.008487248793244362
110 80 0.005238716024905443
110 160 0.006588886026293039
110 240 0.010097566992044449
110 320 0.009722558781504631
110 400 0.007272717077285051
111 0 0.0125729413703084
111 80 0.01041334867477417
111 160 0.009039681404829025
111 240 0.006456893868744373
111 320 0.004665050655603409
111 400 0.005898534320294857
112 0 0.006298560183495283
112 80 0.005282877013087273
112 160 0.007994781248271465
112 240 0.012196128256618977
112 320 0.00787642877548933
112 400 0.007117088884115219
113 0 0.007966424338519573
113 80 0.00622942578047514
113 160 0.009634580463171005
113 240 0.0036235591396689415
113 320 0.005699243396520615
113 400 0.003962798975408077
114 0 0.009136981330811977
114 80 0.006452235858887434
114 160 0.006279378663748503
114 240 0.009771062061190605
114 320 0.013299829326570034
114 400 0.004163951613008976
115 0 0.006304933223873377
115 80 0.009883640334010124
115 160 0.008289393037557602
115 240 0.006748355459421873
115 320 0.007344923447817564
115 400 0.00832314696162939
116 0 0.009251773357391357
116 80 0.003306172089651227
116 160 0.003228726563975215
116 240 0.005134695675224066
116 320 0.006631084717810154
116 400 0.004120413679629564
117 0 0.010427067056298256
117 80 0.0046469722874462605
117 160 0.00613168440759182
117 240 0.011717448942363262
117 320 0.005065248813480139
117 400 0.005587873514741659
118 0 0.006423373706638813
118 80 0.00933782011270523
118 160 0.007430917117744684
118 240 0.0032537730876356363
118 320 0.007636483758687973
118 400 0.00566107826307416
119 0 0.010654710233211517
119 80 0.007519816514104605
119 160 0.004788817372173071
119 240 0.005122125614434481
119 320 0.007905627600848675
119 400 0.00533898314461112
120 0 0.005397194065153599
120 80 0.006531833205372095
120 160 0.015025471337139606
120 240 0.004358186852186918
120 320 0.0030067756306380033
120 400 0.0017770958365872502
121 0 0.00835763942450285
121 80 0.004827657714486122
121 160 0.004536793101578951
121 240 0.005651859566569328
121 320 0.00887533649802208
121 400 0.003920585382729769
122 0 0.005668358411639929
122 80 0.012928237207233906
122 160 0.009052665904164314
122 240 0.005767485126852989
122 320 0.004692788235843182
122 400 0.0041670422069728374
123 0 0.006385708227753639
123 80 0.004009827971458435
123 160 0.005542879458516836
123 240 0.009760632179677486
123 320 0.007189835887402296
123 400 0.00558394193649292
124 0 0.002833522390574217
124 80 0.006360476370900869
124 160 0.009053060784935951
124 240 0.006392628885805607
124 320 0.008635581471025944
124 400 0.008931828662753105
125 0 0.004285731352865696
125 80 0.006318251136690378
125 160 0.009489047341048717
125 240 0.004103613086044788
125 320 0.005250397603958845
125 400 0.007555863354355097
126 0 0.0045951493084430695
126 80 0.007261792663484812
126 160 0.01179444883018732
126 240 0.008937484584748745
126 320 0.013238214887678623
126 400 0.004827956203371286
127 0 0.00444437051191926
127 80 0.00635566795244813
127 160 0.0035920804366469383
127 240 0.009304339066147804
127 320 0.00547774089500308
127 400 0.008096144534647465
128 0 0.006761492229998112
128 80 0.006211395375430584
128 160 0.004878875333815813
128 240 0.005047692451626062
128 320 0.007423697970807552
128 400 0.006117299664765596
129 0 0.00507901469245553
129 80 0.008884836919605732
129 160 0.003159430343657732
129 240 0.004430144093930721
129 320 0.007427840493619442
129 400 0.00794739369302988
130 0 0.006665708962827921
130 80 0.007667522877454758
130 160 0.003727564588189125
130 240 0.006776581984013319
130 320 0.008782834745943546
130 400 0.005586754065006971
131 0 0.006922617554664612
131 80 0.007568537723273039
131 160 0.003671367885544896
131 240 0.0075544752180576324
131 320 0.005184118170291185
131 400 0.006201287265866995
132 0 0.005433853715658188
132 80 0.005236291326582432
132 160 0.00496023241430521
132 240 0.011524257250130177
132 320 0.004110865294933319
132 400 0.007257039658725262
133 0 0.005843158345669508
133 80 0.0026429384015500546
133 160 0.002978690667077899
133 240 0.003967949189245701
133 320 0.008895541541278362
133 400 0.006042141932994127
134 0 0.0035836491733789444
134 80 0.006833940744400024
134 160 0.004061310086399317
134 240 0.005795410834252834
134 320 0.005047857761383057
134 400 0.008409189060330391
135 0 0.007358309347182512
135 80 0.005283540580421686
135 160 0.008797390386462212
135 240 0.008920078165829182
135 320 0.009400309063494205
135 400 0.002549530705437064
136 0 0.009513087570667267
136 80 0.0037208599969744682
136 160 0.008392601273953915
136 240 0.00527365505695343
136 320 0.0069218785502016544
136 400 0.007802607491612434
137 0 0.0029778783209621906
137 80 0.00864426326006651
137 160 0.007466192822903395
137 240 0.005783405154943466
137 320 0.008207899518311024
137 400 0.0043783895671367645
138 0 0.005308822728693485
138 80 0.004582023713737726
138 160 0.007521586026996374
138 240 0.007443363778293133
138 320 0.006290646269917488
138 400 0.005958630237728357
139 0 0.005412930157035589
139 80 0.0057643111795187
139 160 0.006056694779545069
139 240 0.004032129421830177
139 320 0.009288070723414421
139 400 0.005510662216693163
140 0 0.0055381315760314465
140 80 0.004758650436997414
140 160 0.004173788242042065
140 240 0.004434695467352867
140 320 0.006154368165880442
140 400 0.008348374627530575
141 0 0.006280345376580954
141 80 0.0019262463320046663
141 160 0.004590943455696106
141 240 0.007978249341249466
141 320 0.005721896421164274
141 400 0.00547183770686388
142 0 0.0080359922721982
142 80 0.006535590160638094
142 160 0.0055639189667999744
142 240 0.0029437020421028137
142 320 0.003975633531808853
142 400 0.004864951595664024
143 0 0.004224403761327267
143 80 0.010366012342274189
143 160 0.006925847847014666
143 240 0.004692144226282835
143 320 0.004243125207722187
143 400 0.004348836373537779
144 0 0.003934499341994524
144 80 0.006011872086673975
144 160 0.0035261702723801136
144 240 0.002271345816552639
144 320 0.0028355682734400034
144 400 0.007060632575303316
145 0 0.0036440007388591766
145 80 0.003717488842085004
145 160 0.008279550820589066
145 240 0.0034451561514288187
145 320 0.0024268957786262035
145 400 0.005195250269025564
146 0 0.004078535363078117
146 80 0.006139993667602539
146 160 0.002635784214362502
146 240 0.00297379563562572
146 320 0.0022721916902810335
146 400 0.005033469758927822
147 0 0.004891518969088793
147 80 0.0038974869530647993
147 160 0.006835700944066048
147 240 0.004094099160283804
147 320 0.009917263872921467
147 400 0.0054880050010979176
148 0 0.0068490877747535706
148 80 0.004474178422242403
148 160 0.00294297281652689
148 240 0.005207153502851725
148 320 0.0037464923225343227
148 400 0.008000715635716915
149 0 0.005007257219403982
149 80 0.005082159768790007
149 160 0.009467914700508118
149 240 0.0022753875236958265
149 320 0.004266289994120598
149 400 0.003729800460860133
150 0 0.0037831999361515045
150 80 0.005849178414791822
150 160 0.005380394868552685
150 240 0.0038252591621130705
150 320 0.007251111324876547
150 400 0.0030358857475221157
151 0 0.007750071585178375
151 80 0.005073660518974066
151 160 0.0026393586304038763
151 240 0.006693545263260603
151 320 0.001868420746177435
151 400 0.00577955786138773
152 0 0.003373788669705391
152 80 0.004971067886799574
152 160 0.0033079248387366533
152 240 0.0023105405271053314
152 320 0.002683812752366066
152 400 0.005563907790929079
153 0 0.0025327939074486494
153 80 0.011221736669540405
153 160 0.006143306382000446
153 240 0.007298553828150034
153 320 0.0034719486720860004
153 400 0.0058592441491782665
154 0 0.004511308390647173
154 80 0.0032290713861584663
154 160 0.006024062167853117
154 240 0.0036619885358959436
154 320 0.004837896674871445
154 400 0.007250324822962284
155 0 0.0030900391284376383
155 80 0.004122901242226362
155 160 0.005222930107265711
155 240 0.0033732298761606216
155 320 0.0030513929668813944
155 400 0.005965502467006445
156 0 0.003850245848298073
156 80 0.003290730295702815
156 160 0.004829050041735172
156 240 0.0027945165056735277
156 320 0.006944863125681877
156 400 0.00394843053072691
157 0 0.004039887338876724
157 80 0.004940256476402283
157 160 0.0045298258773982525
157 240 0.007333199493587017
157 320 0.0029858506750315428
157 400 0.00500395055860281
158 0 0.0018116551218554378
158 80 0.0030081646982580423
158 160 0.0036818855442106724
158 240 0.006620293017476797
158 320 0.003524632891640067
158 400 0.0023981048725545406
159 0 0.004723906051367521
159 80 0.0019777726847678423
159 160 0.002013946883380413
159 240 0.004398690536618233
159 320 0.002525294665247202
159 400 0.003287884406745434
160 0 0.002702404512092471
160 80 0.00322008621878922
160 160 0.006145538296550512
160 240 0.003044100711122155
160 320 0.008756316266953945
160 400 0.004154260735958815
161 0 0.006885085720568895
161 80 0.005222589708864689
161 160 0.006086243316531181
161 240 0.005510804243385792
161 320 0.003753789234906435
161 400 0.002822773065418005
162 0 0.005021166987717152
162 80 0.004729161038994789
162 160 0.004163598641753197
162 240 0.003960398957133293
162 320 0.0046356744132936
162 400 0.004581943619996309
163 0 0.005420814733952284
163 80 0.0023807957768440247
163 160 0.0029522140976041555
163 240 0.0031041274778544903
163 320 0.005788198672235012
163 400 0.005131909623742104
164 0 0.004290352575480938
164 80 0.005555043928325176
164 160 0.0030625732615590096
164 240 0.0032480452209711075
164 320 0.005047209095209837
164 400 0.0033510637003928423
165 0 0.0029402258805930614
165 80 0.0017217842396348715
165 160 0.005581877660006285
165 240 0.0033058254048228264
165 320 0.006148869171738625
165 400 0.005361565854400396
166 0 0.002486906247213483
166 80 0.004933981224894524
166 160 0.005997112020850182
166 240 0.0035401906352490187
166 320 0.0028660092502832413
166 400 0.0035634725354611874
167 0 0.002573346719145775
167 80 0.005299177952110767
167 160 0.0030665183439850807
167 240 0.0038124232087284327
167 320 0.004635440185666084
167 400 0.0027125217020511627
168 0 0.004441369790583849
168 80 0.005230579990893602
168 160 0.0035869325511157513
168 240 0.004236663691699505
168 320 0.004627205431461334
168 400 0.0028173632454127073
169 0 0.0039008709136396646
169 80 0.003838642966002226
169 160 0.002745259553194046
169 240 0.0035411391872912645
169 320 0.0024950499646365643
169 400 0.0038354897405952215
170 0 0.003181612119078636
170 80 0.002670236863195896
170 160 0.002873116172850132
170 240 0.005042810458689928
170 320 0.0026033215690404177
170 400 0.0032408484257757664
171 0 0.002018960192799568
171 80 0.00395082077011466
171 160 0.001769497524946928
171 240 0.002758537419140339
171 320 0.003564391750842333
171 400 0.0039471788331866264
172 0 0.0035930525045841932
172 80 0.0023627898190170527
172 160 0.007338343653827906
172 240 0.003997850231826305
172 320 0.0031006555072963238
172 400 0.0022950677666813135
173 0 0.003097725100815296
173 80 0.002872857265174389
173 160 0.005311197135597467
173 240 0.0034908917732536793
173 320 0.00555954547598958
173 400 0.0022255696821957827
174 0 0.003344269236549735
174 80 0.0029842283111065626
174 160 0.005338471382856369
174 240 0.004615590907633305
174 320 0.0026172115467488766
174 400 0.003669633064419031
175 0 0.004851746838539839
175 80 0.0017320717452093959
175 160 0.0033850427716970444
175 240 0.0055866846814751625
175 320 0.004321396350860596
175 400 0.0019264820730313659
176 0 0.0016695400699973106
176 80 0.005890197586268187
176 160 0.0038446588441729546
176 240 0.005297328345477581
176 320 0.0018135113641619682
176 400 0.003066674806177616
177 0 0.003179337829351425
177 80 0.0041973162442445755
177 160 0.002276981482282281
177 240 0.0029822061769664288
177 320 0.0044484673999249935
177 400 0.005774184595793486
178 0 0.00578124588355422
178 80 0.003831293433904648
178 160 0.0034925569780170918
178 240 0.0018447969341650605
178 320 0.0012476214906200767
178 400 0.0035462137311697006
179 0 0.004141994286328554
179 80 0.004138423595577478
179 160 0.004615797661244869
179 240 0.003135924693197012
179 320 0.0024081997107714415
179 400 0.0032515425700694323
180 0 0.004003334324806929
180 80 0.00287404446862638
180 160 0.003928969614207745
180 240 0.0030256062746047974
180 320 0.005682013463228941
180 400 0.004098078235983849
181 0 0.004404147155582905
181 80 0.004297800362110138
181 160 0.004093320574611425
181 240 0.004202694166451693
181 320 0.004636405035853386
181 400 0.004187386017292738
182 0 0.002974182367324829
182 80 0.005590362474322319
182 160 0.0026542572304606438
182 240 0.004047679249197245
182 320 0.006051816511899233
182 400 0.004064815118908882
183 0 0.004395205527544022
183 80 0.004428009036928415
183 160 0.0017909808084368706
183 240 0.004699036478996277
183 320 0.004845743998885155
183 400 0.002115188166499138
184 0 0.0028457450680434704
184 80 0.003697511972859502
184 160 0.004198554903268814
184 240 0.00365229113958776
184 320 0.004407656844705343
184 400 0.003222297877073288
185 0 0.004905682522803545
185 80 0.0025320511776953936
185 160 0.004309873096644878
185 240 0.0022101025097072124
185 320 0.0036317643243819475
185 400 0.002758894581347704
186 0 0.002932824194431305
186 80 0.00348390219733119
186 160 0.0032629910856485367
186 240 0.004365077242255211
186 320 0.0034858756698668003
186 400 0.0032793194986879826
187 0 0.004817452747374773
187 80 0.002840483095496893
187 160 0.005232180003076792
187 240 0.0023964536376297474
187 320 0.002402634359896183
187 400 0.004244762472808361
188 0 0.0038972576148808002
188 80 0.004789984319359064
188 160 0.0029803074430674314
188 240 0.003102651098743081
188 320 0.0028938802424818277
188 400 0.004031649325042963
189 0 0.004412498790770769
189 80 0.0014980301493778825
189 160 0.0028690488543361425
189 240 0.002469938015565276
189 320 0.0021034744568169117
189 400 0.003878890536725521
190 0 0.0019051780691370368
190 80 0.003136678133159876
190 160 0.00255248649045825
190 240 0.001711009070277214
190 320 0.003931134939193726
190 400 0.005273210350424051
191 0 0.0017680830787867308
191 80 0.005731372162699699
191 160 0.0022416175343096256
191 240 0.00448913499712944
191 320 0.003075207117944956
191 400 0.004113993141800165
192 0 0.0019677067175507545
192 80 0.003151343436911702
192 160 0.0038958494551479816
192 240 0.002233981853350997
192 320 0.0020881094969809055
192 400 0.0026298172306269407
193 0 0.004776257090270519
193 80 0.0037545310333371162
193 160 0.006145419552922249
193 240 0.004209254402667284
193 320 0.003956051077693701
193 400 0.002610966097563505
194 0 0.0021250564604997635
194 80 0.004696853458881378
194 160 0.005627485923469067
194 240 0.003286318853497505
194 320 0.0022224884014576674
194 400 0.003403240581974387
195 0 0.0033221528865396976
195 80 0.001276460592634976
195 160 0.004442268051207066
195 240 0.002881297841668129
195 320 0.0021159464959055185
195 400 0.0024336320348083973
196 0 0.0008495489018969238
196 80 0.0026980715338140726
196 160 0.002496706321835518
196 240 0.0020214966498315334
196 320 0.003229472553357482
196 400 0.0027775659691542387
197 0 0.004129917360842228
197 80 0.003781548235565424
197 160 0.001572800800204277
197 240 0.0025606227573007345
197 320 0.0036419762764126062
197 400 0.002139377174898982
198 0 0.0017307921079918742
198 80 0.003865138627588749
198 160 0.002410442102700472
198 240 0.003855380928143859
198 320 0.004244320094585419
198 400 0.003466580528765917
199 0 0.0034553881268948317
199 80 0.005011632572859526
199 160 0.0017335803713649511
199 240 0.002752067521214485
199 320 0.0034881122410297394
199 400 0.0028812726959586143
200 0 0.0023259571753442287
200 80 0.0024083564057946205
200 160 0.00271977623924613
200 240 0.0051877121441066265
200 320 0.0029496951028704643
200 400 0.0050247060135006905
201 0 0.002152564935386181
201 80 0.002536070765927434
201 160 0.0028263877611607313
201 240 0.0017300545005127788
201 320 0.0035277672577649355
201 400 0.004534411244094372
202 0 0.0044139064848423
202 80 0.0021773201879113913
202 160 0.002287298673763871
202 240 0.004211678635329008
202 320 0.0028813020326197147
202 400 0.0026490206364542246
203 0 0.0020733855199068785
203 80 0.004338608123362064
203 160 0.006444137543439865
203 240 0.003476762445643544
203 320 0.003991033416241407
203 400 0.0037594009190797806
204 0 0.0020872224122285843
204 80 0.0022237643133848906
204 160 0.0016718667466193438
204 240 0.002298645442351699
204 320 0.0031867113430052996
204 400 0.0034163708332926035
205 0 0.0028297274839133024
205 80 0.002944123698398471
205 160 0.0021576087456196547
205 240 0.0014844596153125167
205 320 0.0021522485185414553
205 400 0.0027440711855888367
206 0 0.0011585826287046075
206 80 0.0026347481179982424
206 160 0.0024327044375240803
206 240 0.001391234458424151
206 320 0.0028794649988412857
206 400 0.004323299508541822
207 0 0.0018535576527938247
207 80 0.0032239146530628204
207 160 0.0030911192297935486
207 240 0.0020337479654699564
207 320 0.003171858610585332
207 400 0.002826482057571411
208 0 0.0019272895297035575
208 80 0.0038350033573806286
208 160 0.001954643987119198
208 240 0.001984782749786973
208 320 0.004346613306552172
208 400 0.00390291097573936
209 0 0.0012293487088754773
209 80 0.0020911963656544685
209 160 0.002344416221603751
209 240 0.0024079885333776474
209 320 0.0038702767342329025
209 400 0.003377873683348298
210 0 0.002651127055287361
210 80 0.004717444535344839
210 160 0.0025516331661492586
210 240 0.004064921755343676
210 320 0.0029434470925480127
210 400 0.0015392526984214783
211 0 0.0034664953127503395
211 80 0.004502176307141781
211 160 0.0021682570222765207
211 240 0.005271566566079855
211 320 0.004146752879023552
211 400 0.003653946565464139
212 0 0.001778964651748538
212 80 0.0025199060328304768
212 160 0.002159027848392725
212 240 0.0025456855073571205
212 320 0.0031848500948399305
212 400 0.0024817869998514652
213 0 0.001964642433449626
213 80 0.002333735814318061
213 160 0.003596080932766199
213 240 0.002305727219209075
213 320 0.0020894906483590603
213 400 0.002702971687540412
214 0 0.0025335876271128654
214 80 0.004377869889140129
214 160 0.002191134262830019
214 240 0.0030046284664422274
214 320 0.0021323300898075104
214 400 0.0019665604922920465
215 0 0.0030366498976945877
215 80 0.0034851322416216135
215 160 0.002039181301370263
215 240 0.002549415919929743
215 320 0.002438415540382266
215 400 0.0025619175285100937
216 0 0.0013126059202477336
216 80 0.002121960511431098
216 160 0.0024818589445203543
216 240 0.004289804957807064
216 320 0.0021957431454211473
216 400 0.0015967353247106075
217 0 0.0018935274565592408
217 80 0.001956457970663905
217 160 0.00398726761341095
217 240 0.003742374014109373
217 320 0.001223623170517385
217 400 0.002232829574495554
218 0 0.002935919212177396
218 80 0.004134082235395908
218 160 0.00390953104943037
218 240 0.0022159069776535034
218 320 0.0020839262288063765
218 400 0.00291291787289083
219 0 0.003973713144659996
219 80 0.0021684637758880854
219 160 0.0025416624266654253
219 240 0.0047016446478664875
219 320 0.0010617421939969063
219 400 0.0026735509745776653
220 0 0.00266038766130805
220 80 0.004521639086306095
220 160 0.0020416455809026957
220 240 0.002710854634642601
220 320 0.004190889652818441
220 400 0.0024289339780807495
221 0 0.0035528417211025953
221 80 0.0028462863992899656
221 160 0.001733176177367568
221 240 0.002014067955315113
221 320 0.0039868829771876335
221 400 0.0019690217450261116
222 0 0.0025523160584270954
222 80 0.002443705452606082
222 160 0.004042347893118858
222 240 0.003037865273654461
222 320 0.0029670922085642815
222 400 0.0010462641948834062
223 0 0.0006290650344453752
223 80 0.0017396326875314116
223 160 0.0017454323824495077
223 240 0.002814263803884387
223 320 0.003438154933974147
223 400 0.0024664022494107485
224 0 0.0022308388724923134
224 80 0.0012054459657520056
224 160 0.003576158545911312
224 240 0.0010680148843675852
224 320 0.003227065782994032
224 400 0.0022052719723433256
225 0 0.0018051131628453732
225 80 0.005123781505972147
225 160 0.0039108009077608585
225 240 0.002191114705055952
225 320 0.0025723055005073547
225 400 0.002416220959275961
226 0 0.001528324792161584
226 80 0.0025888001546263695
226 160 0.0035383126232773066
226 240 0.002558959648013115
226 320 0.002020759042352438
226 400 0.0018963738111779094
227 0 0.0026665402110666037
227 80 0.00284910062327981
227 160 0.002906887559220195
227 240 0.003861830336973071
227 320 0.0027667717076838017
227 400 0.003255758434534073
228 0 0.0021255845203995705
228 80 0.001674031955190003
228 160 0.0015040553407743573
228 240 0.002542777918279171
228 320 0.0022690799087285995
228 400 0.0018607802921906114
229 0 0.002625467488542199
229 80 0.003347699996083975
229 160 0.002867667470127344
229 240 0.0029761106707155704
229 320 0.004741454031318426
229 400 0.002544553019106388
230 0 0.0030292170122265816
230 80 0.0026173244696110487
230 160 0.00196629436686635
230 240 0.0032769415993243456
230 320 0.0021235907915979624
230 400 0.004330010153353214
231 0 0.004098380450159311
231 80 0.004917981568723917
231 160 0.003514958778396249
231 240 0.0042626806534826756
231 320 0.0026343856006860733
231 400 0.0023443582467734814
232 0 0.0019201093818992376
232 80 0.003224983811378479
232 160 0.002232501981779933
232 240 0.003915802575647831
232 320 0.002267615869641304
232 400 0.0028617701027542353
233 0 0.0007070026476867497
233 80 0.002129955915734172
233 160 0.002068652305752039
233 240 0.004304381087422371
233 320 0.0031037006992846727
233 400 0.002994700102135539
234 0 0.00255565601401031
234 80 0.0022755186073482037
234 160 0.0025992835871875286
234 240 0.0028263803105801344
234 320 0.00257503823377192
234 400 0.0015844745794311166
235 0 0.001784263295121491
235 80 0.0013801160966977477
235 160 0.003020694013684988
235 240 0.0035982488188892603
235 320 0.0023366527166217566
235 400 0.0019135032780468464
236 0 0.0017792731523513794
236 80 0.003576930146664381
236 160 0.0017209453508257866
236 240 0.0021139471791684628
236 320 0.002550047356635332
236 400 0.0016596365021541715
237 0 0.002096375683322549
237 80 0.0021111322566866875
237 160 0.003039249451830983
237 240 0.0034663749393075705
237 320 0.0025700258556753397
237 400 0.002208935096859932
238 0 0.0020760486368089914
238 80 0.00317766354419291
238 160 0.0038608363829553127
238 240 0.001960302935913205
238 320 0.0031868102960288525
238 400 0.00373224844224751
239 0 0.002557296073064208
239 80 0.0024174987338483334
239 160 0.0019787808414548635
239 240 0.0024204629007726908
239 320 0.002032466931268573
239 400 0.004130986053496599
240 0 0.0013161343522369862
240 80 0.0020088155288249254
240 160 0.0032766684889793396
240 240 0.0022991145960986614
240 320 0.0033476173412054777
240 400 0.0041084010154008865
241 0 0.0017424377147108316
241 80 0.003736532758921385
241 160 0.0030570474918931723
241 240 0.0018092598766088486
241 320 0.0038856524042785168
241 400 0.003076069988310337
242 0 0.002815328538417816
242 80 0.0019980547949671745
242 160 0.0030354014597833157
242 240 0.0024506738409399986
242 320 0.0017740693874657154
242 400 0.0017719753086566925
243 0 0.001288500614464283
243 80 0.002099323784932494
243 160 0.0020131354685872793
243 240 0.002758128335699439
243 320 0.0011370034189894795
243 400 0.0014890292659401894
244 0 0.0010717781260609627
244 80 0.0019190338207408786
244 160 0.003093591658398509
244 240 0.0024904159363359213
244 320 0.0026867978740483522
244 400 0.0014800566714257002
245 0 0.002370242727920413
245 80 0.0030371835455298424
245 160 0.004271837417036295
245 240 0.002731896471232176
245 320 0.0035712560638785362
245 400 0.002433181507512927
246 0 0.002488428493961692
246 80 0.002488835947588086
246 160 0.0016614681808277965
246 240 0.001837449730373919
246 320 0.002042323350906372
246 400 0.0016607203288003802
247 0 0.001420624670572579
247 80 0.002129900734871626
247 160 0.0017286391230300069
247 240 0.002370573114603758
247 320 0.003025269601494074
247 400 0.0022979769855737686
248 0 0.0025376088451594114
248 80 0.002792098093777895
248 160 0.0018696143524721265
248 240 0.0014534702058881521
248 320 0.0024609677493572235
248 400 0.0005560315912589431
249 0 0.0018421199638396502
249 80 0.0020669123623520136
249 160 0.0030684347730129957
249 240 0.0014659932348877192
249 320 0.0029855500906705856
249 400 0.0018148283706977963
250 0 0.002922501415014267
250 80 0.0019980843644589186
250 160 0.002015886129811406
250 240 0.0023704268969595432
250 320 0.0018129530362784863
250 400 0.0025257845409214497
251 0 0.0010367438662797213
251 80 0.003617809619754553
251 160 0.0025025776121765375
251 240 0.0030184376519173384
251 320 0.00206179590895772
251 400 0.0025149022694677114
252 0 0.0011266317451372743
252 80 0.0023130616173148155
252 160 0.0007548462017439306
252 240 0.0035838689655065536
252 320 0.001480136183090508
252 400 0.002484762342646718
253 0 0.002394265728071332
253 80 0.002788279438391328
253 160 0.0022954747546464205
253 240 0.0015770081663504243
253 320 0.002598678693175316
253 400 0.0018997256411239505
254 0 0.00163935380987823
254 80 0.0011203753529116511
254 160 0.0013606270076707006
254 240 0.0015125012723729014
254 320 0.002239776309579611
254 400 0.0006051607197150588
255 0 0.0032258168794214725
255 80 0.0011067087762057781
255 160 0.001422389643266797
255 240 0.002013813005760312
255 320 0.0018613592255860567
255 400 0.002465628320351243
256 0 0.0013422266347333789
256 80 0.0018256340408697724
256 160 0.002882882719859481
256 240 0.002391596557572484
256 320 0.0015215113526210189
256 400 0.0019262933637946844
257 0 0.003155931131914258
257 80 0.0019544530659914017
257 160 0.0011483251582831144
257 240 0.002410341752693057
257 320 0.0015582930063828826
257 400 0.00261734239757061
258 0 0.0030108343344181776
258 80 0.0027941663283854723
258 160 0.0019276911625638604
258 240 0.002095174742862582
258 320 0.0018030519131571054
258 400 0.00176186952739954
259 0 0.004870816133916378
259 80 0.0016097669722512364
259 160 0.0017881843959912658
259 240 0.001760105136781931
259 320 0.0026620852295309305
259 400 0.0013415477005764842
260 0 0.002386233536526561
260 80 0.002178526483476162
260 160 0.0020221290178596973
260 240 0.0013192507904022932
260 320 0.003085600445047021
260 400 0.0020081193652004004
261 0 0.0018479609861969948
261 80 0.002895998302847147
261 160 0.0020406011026352644
261 240 0.0014121807180345058
261 320 0.002723400015383959
261 400 0.0023563122376799583
262 0 0.003058906178921461
262 80 0.0023508951999247074
262 160 0.002648772671818733
262 240 0.002325288485735655
262 320 0.004039126913994551
262 400 0.001832496142014861
263 0 0.002826279727742076
263 80 0.0025737015530467033
263 160 0.0033069532364606857
263 240 0.0033048002514988184
263 320 0.0026897876523435116
263 400 0.002762456424534321
264 0 0.001108627300709486
264 80 0.0014070243341848254
264 160 0.0033636786974966526
264 240 0.0026239671278744936
264 320 0.001781961997039616
264 400 0.0015056704869493842
265 0 0.0026569499168545008
265 80 0.0017098109237849712
265 160 0.0006415744428522885
265 240 0.0019971325527876616
265 320 0.0015310365706682205
265 400 0.001099765533581376
266 0 0.0037882449105381966
266 80 0.0028894327115267515
266 160 0.001937608583830297
266 240 0.0019661257974803448
266 320 0.0008668492664583027
266 400 0.0019765521865338087
267 0 0.0031077712774276733
267 80 0.0032951305620372295
267 160 0.0009163535432890058
267 240 0.002407301915809512
267 320 0.0019494417356327176
267 400 0.0021492145024240017
268 0 0.0032534333877265453
268 80 0.0013927493710070848
268 160 0.00150982232298702
268 240 0.0036160466261208057
268 320 0.0023094124626368284
268 400 0.001968604512512684
269 0 0.0014889012090861797
269 80 0.0013916237512603402
269 160 0.0012024453608319163
269 240 0.0014126403257250786
269 320 0.0016239328542724252
269 400 0.0031418141443282366
270 0 0.001201542909257114
270 80 0.0015480255242437124
270 160 0.0006891287630423903
270 240 0.0028071810957044363
270 320 0.0017099172109737992
270 400 0.0024502011947333813
271 0 0.0011971694184467196
271 80 0.0017921671969816089
271 160 0.0018694560276344419
271 240 0.001260238466784358
271 320 0.0017058381345123053
271 400 0.0025951145216822624
272 0 0.001056424342095852
272 80 0.0013273359509184957
272 160 0.0028665424324572086
272 240 0.0014037747168913484
272 320 0.0013772811507806182
272 400 0.0014559642877429724
273 0 0.0019537012558430433
273 80 0.0020703112240880728
273 160 0.0010354039259254932
273 240 0.0008477922528982162
273 320 0.0019771824590861797
273 400 0.0028096053283661604
274 0 0.0014268758241087198
274 80 0.002139271702617407
274 160 0.0014977523824200034
274 240 0.0024091522209346294
274 320 0.0026615853421390057
274 400 0.0027126919012516737
275 0 0.003069589613005519
275 80 0.0014731342671439052
275 160 0.0025211547035723925
275 240 0.0030496539548039436
275 320 0.0016615421045571566
275 400 0.0027833625208586454
276 0 0.002016909886151552
276 80 0.0018918969435617328
276 160 0.0004757176502607763
276 240 0.001924676587805152
276 320 0.0015322469407692552
276 400 0.0025383911561220884
277 0 0.0013329010689631104
277 80 0.001881633186712861
277 160 0.0030516127590090036
277 240 0.002172934589907527
277 320 0.0017809908604249358
277 400 0.0013604818377643824
278 0 0.00254204124212265
278 80 0.0020205634646117687
278 160 0.002089648274704814
278 240 0.0019680652767419815
278 320 0.002253069542348385
278 400 0.002001437358558178
279 0 0.0015431605279445648
279 80 0.001286804093979299
279 160 0.00163778115529567
279 240 0.002265209797769785
279 320 0.0015109052183106542
279 400 0.0017867726273834705
280 0 0.0012226388789713383
280 80 0.0009652081062085927
280 160 0.0011017520446330309
280 240 0.0015091660898178816
280 320 0.0012326758587732911
280 400 0.0018009785562753677
281 0 0.001199736725538969
281 80 0.002389532281085849
281 160 0.001881851116195321
281 240 0.003263666294515133
281 320 0.0019009988754987717
281 400 0.0014746921369805932
282 0 0.0013045560335740447
282 80 0.0022865820210427046
282 160 0.0013737842673435807
282 240 0.0027338049840182066
282 320 0.0017444893019273877
282 400 0.0017191700171679258
283 0 0.0019500231137499213
283 80 0.002370209200307727
283 160 0.0028428775258362293
283 240 0.0009963163174688816
283 320 0.0011105519952252507
283 400 0.0023750769905745983
284 0 0.0018383790738880634
284 80 0.0011724344221875072
284 160 0.0011446186108514667
284 240 0.0019725849851965904
284 320 0.0008308818214572966
284 400 0.0016866689547896385
285 0 0.0018888755002990365
285 80 0.0012400067644193769
285 160 0.0014366970863193274
285 240 0.0011150477221235633
285 320 0.002794296946376562
285 400 0.0005934946821071208
286 0 0.001360568217933178
286 80 0.0015151510015130043
286 160 0.002438137074932456
286 240 0.001659503555856645
286 320 0.001380054629407823
286 400 0.0026638249401003122
287 0 0.0013316372642293572
287 80 0.0008327739778906107
287 160 0.001768455607816577
287 240 0.00246423133648932
287 320 0.0015733978943899274
287 400 0.001533024595119059
288 0 0.001915845088660717
288 80 0.0019372511887922883
288 160 0.0013297282857820392
288 240 0.0027885762974619865
288 320 0.0019166298443451524
288 400 0.0014261335600167513
289 0 0.0015287657734006643
289 80 0.0012406823225319386
289 160 0.0017582288710400462
289 240 0.0016886494122445583
289 320 0.002658700570464134
289 400 0.002450505504384637
290 0 0.0013437269954010844
290 80 0.002101820195093751
290 160 0.001547866384498775
290 240 0.0021842746064066887
290 320 0.0019070467678830028
290 400 0.0018560851458460093
291 0 0.0012175414012745023
