1 0.4911312882357569 0.8856333333333334
2 0.20437419333501156 0.9394666666666667
3 0.17031678413626736 0.9504
4 0.1496902438702741 0.9567833333333333
5 0.13510058833750835 0.96145
6 0.12465982053722781 0.96355
7 0.11579706320074448 0.9661666666666666
8 0.10875353203621754 0.9681166666666666
9 0.10221650425606826 0.9702833333333334
10 0.09729446789650902 0.9717666666666667
11 0.09203481726221312 0.9736833333333333
12 0.08752193017554943 0.9748333333333333
13 0.0836156908510082 0.9758
14 0.08046754761370642 0.9772333333333333
15 0.07730793512102638 0.9780833333333333
16 0.07449074058152085 0.9784666666666667
17 0.0713030119229958 0.97985
18 0.06916533141676932 0.9802
19 0.06649455976988207 0.98145
20 0.06406358185448627 0.9819166666666667
21 0.06200804384842293 0.98295
22 0.059525531561755295 0.9839333333333333
23 0.05785295581703247 0.9844
24 0.05574530782873061 0.9848833333333333
25 0.05398328743898856 0.9854
26 0.05245267033084496 0.98635
27 0.0507771538288545 0.9864333333333334
28 0.049117442671217516 0.9869833333333333
29 0.047654538228710706 0.98715
30 0.04613368251899094 0.98815
31 0.04475560956902659 0.9887
32 0.043425873849294715 0.9888833333333333
33 0.042085034836298114 0.98945
34 0.0409418974490737 0.9900666666666667
35 0.03956942677275458 0.9904166666666666
36 0.038514101383353726 0.9906833333333334
37 0.0374229192547103 0.9909666666666667
38 0.036399809318954056 0.9917833333333334
39 0.03518804392294843 0.9921166666666666
40 0.03432707938113447 0.9921833333333333
41 0.03315832347138477 0.9930333333333333
42 0.032378687179768516 0.9930333333333333
43 0.03148987266951914 0.9931833333333333
44 0.03067619731820532 0.9936166666666667
45 0.029946631244592258 0.9935666666666667
46 0.028911302618777703 0.9941
47 0.028206405518794938 0.9943166666666666
48 0.027329952310103534 0.99475
49 0.026718400548825832 0.9949166666666667
50 0.02607173174182807 0.9950166666666667
51 0.02527098209936736 0.99555
52 0.024489987852063768 0.9956333333333334
53 0.024092442423565938 0.9958333333333333
54 0.023380637414125938 0.9960166666666667
55 0.022728788377498702 0.9962166666666666
56 0.02221483606070693 0.9962666666666666
57 0.021448568198710743 0.99685
58 0.021129568636631853 0.99655
59 0.02054331200554776 0.9967
60 0.020138513909450283 0.9971666666666666
61 0.019458318346622847 0.99715
62 0.019122770536683008 0.9971
63 0.018604456947973448 0.9974166666666666
64 0.018203845452159834 0.99755
65 0.01768109289659207 0.9978666666666667
66 0.017274842122946974 0.998
67 0.01697758427644367 0.9978833333333333
68 0.016509499380500045 0.9980666666666667
69 0.016207873359568782 0.9983333333333333
70 0.015784068852226173 0.9981833333333333
71 0.015452813827244045 0.9983666666666666
72 0.01507686779075769 0.99855
73 0.014727579419320421 0.9986166666666667
74 0.014394498374591122 0.9986833333333334
75 0.01413502706947532 0.9988166666666667
76 0.013706354702860593 0.9989833333333333
77 0.013510518561381458 0.9989666666666667
78 0.01319669789400325 0.9991
79 0.012937359864325093 0.9991166666666667
80 0.012683205770701964 0.9991666666666666
81 0.012415023757391043 0.99915
82 0.0121338518330458 0.9992166666666666
83 0.011868735404013953 0.9994
84 0.011666054806378143 0.9994
85 0.011436324154060564 0.9995
86 0.01121107911838016 0.9994666666666666
87 0.011008961635804585 0.9994166666666666
88 0.010820271996116 0.9994666666666666
89 0.010602718576101828 0.9995833333333334
90 0.010362336942270747 0.99955
91 0.010207995170179302 0.9995833333333334
92 0.009977091332154868 0.9996833333333334
93 0.009838723255369042 0.9996
94 0.009646332624163836 0.9996666666666667
95 0.009436777807764217 0.9997
96 0.009301018062681118 0.9997166666666667
97 0.009163273446786123 0.9997333333333334
98 0.008983617760181459 0.9998333333333334
99 0.008841525908482115 0.9998333333333334
100 0.008702485195633127 0.9998
101 0.008525304633305907 0.9998666666666667
102 0.008419453204154714 0.9998
103 0.008265545124561388 0.99985
104 0.008116495608141634 0.9998166666666667
105 0.008002552504677064 0.9998333333333334
106 0.007859091405004168 0.9998666666666667
107 0.007721038438679615 0.9999
108 0.0076139141623772725 0.9998833333333333
109 0.0075102429069987715 0.9998833333333333
110 0.007381733163132835 0.9998833333333333
111 0.007309684221610936 0.9999166666666667
112 0.007175413528030345 0.9999666666666667
113 0.007059563395144271 0.99995
114 0.006972300728955773 0.99995
115 0.006864623767065643 0.9999166666666667
116 0.006758737052902023 0.99995
117 0.006670321286497101 0.9999333333333333
118 0.00657202408158544 0.99995
119 0.006492566145799641 0.9999333333333333
120 0.0063941010501362815 0.99995
121 0.006310923753290384 0.99995
122 0.006220942369100255 0.9999666666666667
123 0.006153070520776421 0.9999333333333333
124 0.006042994077512021 0.9999666666666667
125 0.005984820521819884 0.9999666666666667
126 0.005875008974794243 0.9999666666666667
127 0.0058357546064776306 0.9999666666666667
128 0.005743977009827124 0.99995
129 0.005668786017776235 0.9999666666666667
130 0.005592860241255749 0.9999666666666667
131 0.005529938861409993 0.9999666666666667
132 0.005463200087136805 0.9999666666666667
133 0.0053921869659581895 0.9999666666666667
134 0.005323293265019819 0.9999666666666667
135 0.005258532139712941 0.9999666666666667
136 0.005187470765748639 0.9999666666666667
137 0.00513919556527329 0.9999666666666667
138 0.005078899035694947 0.9999666666666667
139 0.005017045689478659 0.9999666666666667
140 0.004966612376430547 0.9999666666666667
141 0.004919501842617162 0.9999666666666667
142 0.004851466774054841 0.9999666666666667
143 0.004803813042254177 0.9999666666666667
144 0.00474139789033975 0.9999666666666667
145 0.0046989497175610965 0.9999666666666667
146 0.004632104870189092 0.9999666666666667
147 0.004586958844559208 0.9999833333333333
148 0.004536462901557273 1.0
149 0.004483459919600734 0.9999666666666667
150 0.004440967695785563 0.9999833333333333
151 0.004397300506399861 0.9999833333333333
152 0.00435592509075892 0.9999666666666667
153 0.0043191522432328355 0.9999833333333333
154 0.004265375095786951 1.0
155 0.0042231618454044405 0.9999666666666667
156 0.004180530631996151 1.0
157 0.004138585405304099 0.9999833333333333
158 0.004088188600249842 0.9999833333333333
159 0.004044788382969288 0.9999833333333333
160 0.004005398676007875 1.0
161 0.003972403017053408 0.9999833333333333
162 0.003943558251395869 0.9999666666666667
163 0.0038886720264729646 1.0
164 0.0038678303531218153 1.0
165 0.003816485840346672 1.0
166 0.0037854673433502808 1.0
167 0.003750355231256953 1.0
168 0.00371674155004259 0.9999833333333333
169 0.0036769364950562846 1.0
170 0.003642257901830976 1.0
171 0.003616764805148612 1.0
172 0.003582414246098732 1.0
173 0.003552917527334729 1.0
174 0.003517881207821418 1.0
175 0.003483845966372655 1.0
176 0.003461177869481958 1.0
177 0.0034251326852952685 1.0
178 0.003391185531646871 1.0
179 0.0033615307190141747 1.0
180 0.0033432688672782613 1.0
181 0.003309651466358556 1.0
182 0.0032807324671927196 1.0
183 0.0032512697544860355 1.0
184 0.003231445592500444 1.0
185 0.003195976466511382 1.0
186 0.0031722508904425853 1.0
187 0.0031485058094706457 1.0
188 0.0031258009785194514 1.0
189 0.003101205634477455 1.0
190 0.0030803593966031648 1.0
191 0.0030524442777849796 1.0
192 0.0030263419907692987 1.0
193 0.0029990913230739137 1.0
194 0.0029799777144161083 1.0
195 0.0029533428500152265 1.0
196 0.0029341872362767473 1.0
197 0.002911912177308107 1.0
198 0.002894778079268878 1.0
199 0.0028647327428755124 1.0
200 0.0028442005319808767 1.0
201 0.002826562570556919 1.0
202 0.00280642264690409 1.0
203 0.0027828753965823396 1.0
204 0.0027644838177180017 1.0
205 0.002743930864604071 1.0
206 0.0027265786061754452 1.0
207 0.0026995922438303893 1.0
208 0.0026792566087702587 1.0
209 0.002661508433560509 1.0
210 0.0026490227277102723 1.0
211 0.0026279144310035 1.0
212 0.0026106356037730997 1.0
213 0.002588632972915965 1.0
214 0.002573163609510895 1.0
215 0.002553919779331878 1.0
216 0.002536384439937818 1.0
217 0.0025187102984190225 1.0
218 0.002504053130459938 1.0
219 0.0024868698234904183 1.0
220 0.0024717719647720624 1.0
221 0.0024533675105965287 1.0
222 0.0024341191173836924 1.0
223 0.002424960109173878 1.0
224 0.0024043597475335654 1.0
225 0.0023920335924810868 1.0
226 0.0023748035567985382 1.0
227 0.0023595428004039767 1.0
228 0.002346122960449814 1.0
229 0.0023294984441705304 1.0
230 0.00231411070317161 1.0
231 0.0022979087329957127 1.0
232 0.002281518287903099 1.0
233 0.0022667378320225646 1.0
234 0.002255411269622289 1.0
235 0.002241796929513845 1.0
236 0.002227235485294234 1.0
237 0.002218338154154077 1.0
238 0.002201370687148512 1.0
239 0.002188812252501451 1.0
240 0.0021714218737019387 1.0
241 0.002161907798264112 1.0
242 0.002151598655077607 1.0
243 0.0021320029790736616 1.0
244 0.0021237257117433335 1.0
245 0.002109865764533775 1.0
246 0.0020986858074978263 1.0
247 0.0020829622303870426 1.0
248 0.0020721398778249826 1.0
249 0.002059257913828651 1.0
250 0.0020489110963851976 1.0
251 0.002037411886339348 1.0
252 0.0020261502959755566 1.0
253 0.002012758338856183 1.0
254 0.00200619359080221 1.0
255 0.0019870226507011585 1.0
256 0.0019811884409982336 1.0
257 0.0019717762148184484 1.0
258 0.0019596756988469123 1.0
259 0.001948888113137398 1.0
260 0.001936889941002856 1.0
261 0.0019272521319019713 1.0
262 0.0019181946154509081 1.0
263 0.001905237484886162 1.0
264 0.0018960364143188393 1.0
265 0.0018844164859281101 1.0
266 0.001873819372936416 1.0
267 0.0018646392491219173 1.0
268 0.0018544765390348492 1.0
269 0.001844133039303958 1.0
270 0.0018344650311625875 1.0
271 0.0018219481516969023 1.0
272 0.0018162624630605432 1.0
273 0.0018070364003700179 1.0
274 0.0017963887430228064 1.0
275 0.001791527670652254 1.0
276 0.0017786607924930211 1.0
277 0.0017716381665337077 1.0
278 0.0017608298794991935 1.0
279 0.0017514475293632255 1.0
280 0.0017424303509452855 1.0
281 0.0017368502706152273 1.0
282 0.0017246742557703472 1.0
283 0.0017169741319188639 1.0
284 0.001709181631082244 1.0
285 0.001700176933367274 1.0
286 0.001691305156321084 1.0
287 0.001684229689223795 1.0
288 0.0016740664663135822 1.0
289 0.0016671223997839415 1.0
290 0.0016581976383146066 1.0
291 0.0016524293033012957 1.0
292 0.0016441354070723588 1.0
293 0.0016331732543537825 1.0
294 0.0016284689955316039 1.0
295 0.0016201375152737991 1.0
296 0.0016130521830949765 1.0
297 0.001605838628002762 1.0
298 0.0015971523438786854 1.0
299 0.0015899668784508272 1.0
300 0.0015821198629749529 1.0
9999 0.0015542785404250026 1.0
