1 0 3.5671024322509766
1 80 0.4499949514865875
1 160 0.4116971790790558
1 240 0.319428414106369
1 320 0.19824056327342987
1 400 0.14971452951431274
2 0 0.2127329707145691
2 80 0.18648284673690796
2 160 0.2536782920360565
2 240 0.30061668157577515
2 320 0.09047942608594894
2 400 0.12302715331315994
3 0 0.35811200737953186
3 80 0.21414537727832794
3 160 0.18148957192897797
3 240 0.14291547238826752
3 320 0.15100529789924622
3 400 0.17540760338306427
4 0 0.15954913198947906
4 80 0.16513597965240479
4 160 0.13658636808395386
4 240 0.1074414998292923
4 320 0.1442253440618515
4 400 0.11297638714313507
5 0 0.13307203352451324
5 80 0.11876671016216278
5 160 0.14820630848407745
5 240 0.14585520327091217
5 320 0.10445809364318848
5 400 0.09436135739088058
6 0 0.1405826061964035
6 80 0.059908997267484665
6 160 0.1672063171863556
6 240 0.1802096962928772
6 320 0.18578574061393738
6 400 0.11253170669078827
7 0 0.11252683401107788
7 80 0.1014665812253952
7 160 0.18276482820510864
7 240 0.1279083639383316
7 320 0.13765259087085724
7 400 0.08269435167312622
8 0 0.055575113743543625
8 80 0.21427962183952332
8 160 0.18446943163871765
8 240 0.13065031170845032
8 320 0.08500862121582031
8 400 0.1668059080839157
9 0 0.03642803058028221
9 80 0.06929728388786316
9 160 0.07973963022232056
9 240 0.12158894538879395
9 320 0.131058931350708
9 400 0.17366403341293335
10 0 0.11224071681499481
10 80 0.08995062857866287
10 160 0.0957016721367836
10 240 0.1763484925031662
10 320 0.06119847297668457
10 400 0.07099217921495438
11 0 0.0760129988193512
11 80 0.1158558651804924
11 160 0.06296860426664352
11 240 0.0566406175494194
11 320 0.07420416921377182
11 400 0.09535673260688782
12 0 0.0517362542450428
12 80 0.09286883473396301
12 160 0.11392189562320709
12 240 0.13566961884498596
12 320 0.058874938637018204
12 400 0.07425552606582642
13 0 0.09658732265233994
13 80 0.04148390144109726
13 160 0.06420166790485382
13 240 0.1252427101135254
13 320 0.09191163629293442
13 400 0.060369040817022324
14 0 0.104963019490242
14 80 0.05659285560250282
14 160 0.05323931202292442
14 240 0.024556510150432587
14 320 0.04593662917613983
14 400 0.04727888107299805
15 0 0.06927196681499481
15 80 0.07687705755233765
15 160 0.05414074659347534
15 240 0.11221510171890259
15 320 0.08225119113922119
15 400 0.0718095451593399
16 0 0.055990107357501984
16 80 0.05444353073835373
16 160 0.0635240226984024
16 240 0.09957186877727509
16 320 0.04194653034210205
16 400 0.11549615114927292
17 0 0.042473696172237396
17 80 0.0930865928530693
17 160 0.04353301227092743
17 240 0.04522889852523804
17 320 0.06850134581327438
17 400 0.03925975412130356
18 0 0.08627094328403473
18 80 0.054871462285518646
18 160 0.0861302837729454
18 240 0.053078792989254
18 320 0.04695594310760498
18 400 0.06163070350885391
19 0 0.04527292400598526
19 80 0.043286580592393875
19 160 0.08853237330913544
19 240 0.04995132237672806
19 320 0.07866808027029037
19 400 0.056482501327991486
20 0 0.048095740377902985
20 80 0.1875154972076416
20 160 0.06683266907930374
20 240 0.05295218527317047
20 320 0.06423605233430862
20 400 0.11069419234991074
21 0 0.06388912349939346
21 80 0.08867617696523666
21 160 0.04690726846456528
21 240 0.047784581780433655
21 320 0.06233203411102295
21 400 0.03993299975991249
22 0 0.031115632504224777
22 80 0.014270929619669914
22 160 0.07943306863307953
22 240 0.02048172615468502
22 320 0.04512611776590347
22 400 0.05993648245930672
23 0 0.04033951833844185
23 80 0.07517477124929428
23 160 0.07885339856147766
23 240 0.0769849345088005
23 320 0.028205595910549164
23 400 0.0676320269703865
24 0 0.0694228783249855
24 80 0.04135538637638092
24 160 0.053468022495508194
24 240 0.072552889585495
24 320 0.04400563985109329
24 400 0.04977990314364433
25 0 0.06420763581991196
25 80 0.04478045552968979
25 160 0.048771243542432785
25 240 0.03154602274298668
25 320 0.03497844189405441
25 400 0.11701608449220657
26 0 0.05193927511572838
26 80 0.06957361102104187
26 160 0.056070175021886826
26 240 0.06612902879714966
26 320 0.06572090834379196
26 400 0.03376641124486923
27 0 0.03721655532717705
27 80 0.061934687197208405
27 160 0.04862091317772865
27 240 0.07992430031299591
27 320 0.03798164054751396
27 400 0.0359250046312809
28 0 0.03208484500646591
28 80 0.05349857360124588
28 160 0.05147020146250725
28 240 0.07073323428630829
28 320 0.016889212653040886
28 400 0.04950714483857155
29 0 0.03467142954468727
29 80 0.06208726763725281
29 160 0.028643811121582985
29 240 0.056323692202568054
29 320 0.023754283785820007
29 400 0.0836198702454567
30 0 0.059815745800733566
30 80 0.09590841084718704
30 160 0.04005981981754303
30 240 0.05701323598623276
30 320 0.02953166700899601
30 400 0.06532402336597443
31 0 0.06282057613134384
31 80 0.08099721372127533
31 160 0.0438280925154686
31 240 0.024622729048132896
31 320 0.03776347637176514
31 400 0.08301923424005508
32 0 0.055185467004776
32 80 0.02753574401140213
32 160 0.06001624837517738
32 240 0.037251442670822144
32 320 0.0623910166323185
32 400 0.010870253667235374
33 0 0.014611824415624142
33 80 0.040321704000234604
33 160 0.032546162605285645
33 240 0.028202129527926445
33 320 0.029374314472079277
33 400 0.023107223212718964
34 0 0.04616228863596916
34 80 0.037599965929985046
34 160 0.06214011833071709
34 240 0.03926309570670128
34 320 0.03145976364612579
34 400 0.05815642327070236
35 0 0.03632466495037079
35 80 0.11712287366390228
35 160 0.0264706090092659
35 240 0.03878265246748924
35 320 0.04566047340631485
35 400 0.016481788828969002
36 0 0.025747530162334442
36 80 0.0818946436047554
36 160 0.02217034064233303
36 240 0.0376853309571743
36 320 0.059224918484687805
36 400 0.0753859281539917
37 0 0.025218326598405838
37 80 0.022014528512954712
37 160 0.018313931301236153
37 240 0.024730300530791283
37 320 0.08214365690946579
37 400 0.028887227177619934
38 0 0.022918667644262314
38 80 0.0633336678147316
38 160 0.08367841690778732
38 240 0.08941883593797684
38 320 0.024019962176680565
38 400 0.05164243280887604
39 0 0.029124032706022263
39 80 0.015618175268173218
39 160 0.04277043789625168
39 240 0.04664640873670578
39 320 0.032861433923244476
39 400 0.02583417482674122
40 0 0.011874135583639145
40 80 0.019136706367135048
40 160 0.06100871041417122
40 240 0.03722826763987541
40 320 0.016229955479502678
40 400 0.03592143952846527
41 0 0.019793841987848282
41 80 0.03840034082531929
41 160 0.05042801797389984
41 240 0.028125785291194916
41 320 0.030280224978923798
41 400 0.04613310843706131
42 0 0.034673310816287994
42 80 0.05254869535565376
42 160 0.024516355246305466
42 240 0.01671486161649227
42 320 0.047493889927864075
42 400 0.0633687674999237
43 0 0.024123329669237137
43 80 0.01788635179400444
43 160 0.029680604115128517
43 240 0.025437215343117714
43 320 0.06140519678592682
43 400 0.05756215378642082
44 0 0.03523740917444229
44 80 0.06964658945798874
44 160 0.047308098524808884
44 240 0.03213511407375336
44 320 0.02007707767188549
44 400 0.01862526312470436
45 0 0.03703650087118149
45 80 0.038519375026226044
45 160 0.010910830460488796
45 240 0.0352247878909111
45 320 0.03494983911514282
45 400 0.03928273171186447
46 0 0.023365560919046402
46 80 0.026716090738773346
46 160 0.021475518122315407
46 240 0.015573658980429173
46 320 0.02889084257185459
46 400 0.010977218858897686
47 0 0.04081811383366585
47 80 0.03105812333524227
47 160 0.010339608415961266
47 240 0.05632375180721283
47 320 0.036085955798625946
47 400 0.03530966863036156
48 0 0.031378377228975296
48 80 0.008661887608468533
48 160 0.032063473016023636
48 240 0.05298127233982086
48 320 0.053595490753650665
48 400 0.011025710962712765
49 0 0.06634464114904404
49 80 0.023977693170309067
49 160 0.013946759514510632
49 240 0.014030283316969872
49 320 0.023111186921596527
49 400 0.018780140206217766
50 0 0.01936074160039425
50 80 0.025842884555459023
50 160 0.025977173820137978
50 240 0.01768782176077366
50 320 0.0231684111058712
50 400 0.01366514153778553
51 0 0.019150570034980774
51 80 0.08293714374303818
51 160 0.012545590288937092
51 240 0.0274572242051363
51 320 0.01150589156895876
51 400 0.03912666440010071
52 0 0.010272268205881119
52 80 0.013108412735164165
52 160 0.00947483815252781
52 240 0.03570917993783951
52 320 0.015091333538293839
52 400 0.02452925778925419
53 0 0.03156520053744316
53 80 0.012824025005102158
53 160 0.02082790620625019
53 240 0.030089762061834335
53 320 0.016946708783507347
53 400 0.02023046277463436
54 0 0.034858301281929016
54 80 0.013751834630966187
54 160 0.029677821323275566
54 240 0.012126336805522442
54 320 0.019175244495272636
54 400 0.03001164086163044
55 0 0.010448135435581207
55 80 0.03872029110789299
55 160 0.015401823446154594
55 240 0.014525124803185463
55 320 0.03563433140516281
55 400 0.01730481907725334
56 0 0.025014430284500122
56 80 0.011984111741185188
56 160 0.021391207352280617
56 240 0.014591542072594166
56 320 0.024809805676341057
56 400 0.035613179206848145
57 0 0.013810534961521626
57 80 0.02285919338464737
57 160 0.04160826653242111
57 240 0.0070982761681079865
57 320 0.026959827169775963
57 400 0.013009993359446526
58 0 0.020793715491890907
58 80 0.022055434063076973
58 160 0.01602938584983349
58 240 0.020283052697777748
58 320 0.014143372885882854
58 400 0.016709009185433388
59 0 0.01734491065144539
59 80 0.03164872154593468
59 160 0.015764685347676277
59 240 0.033859733492136
59 320 0.012290844693779945
59 400 0.005866077728569508
60 0 0.01811058446764946
60 80 0.01673123799264431
60 160 0.028202584013342857
60 240 0.012235836125910282
60 320 0.012611722573637962
60 400 0.018371133133769035
61 0 0.016188504174351692
61 80 0.0330888032913208
61 160 0.029516402631998062
61 240 0.022424770519137383
61 320 0.028371628373861313
61 400 0.018001804128289223
62 0 0.012244153767824173
62 80 0.018207238987088203
62 160 0.010127031244337559
62 240 0.010942979715764523
62 320 0.031177707016468048
62 400 0.021493062376976013
63 0 0.010544387623667717
63 80 0.018826542422175407
63 160 0.0034000687301158905
63 240 0.019216110929846764
63 320 0.030892962589859962
63 400 0.010619010776281357
64 0 0.029065432026982307
64 80 0.01077289879322052
64 160 0.012202155776321888
64 240 0.013195568695664406
64 320 0.014635803177952766
64 400 0.02284514717757702
65 0 0.003647784236818552
65 80 0.012507001869380474
65 160 0.008675413206219673
65 240 0.011469116434454918
65 320 0.01139192283153534
65 400 0.03197913244366646
66 0 0.016068486496806145
66 80 0.015296542085707188
66 160 0.014765885658562183
66 240 0.020010482519865036
66 320 0.011698354966938496
66 400 0.012144844979047775
67 0 0.016141174361109734
67 80 0.017823580652475357
67 160 0.013968447223305702
67 240 0.012875578366219997
67 320 0.008976477198302746
67 400 0.01697372831404209
68 0 0.02062387391924858
68 80 0.011211082339286804
68 160 0.01946866139769554
68 240 0.012581290677189827
68 320 0.01186453178524971
68 400 0.03103569708764553
69 0 0.03040715493261814
69 80 0.012966793030500412
69 160 0.03298082947731018
69 240 0.011515503749251366
69 320 0.016262095421552658
69 400 0.008230130188167095
70 0 0.010562730021774769
70 80 0.019182387739419937
70 160 0.01263734232634306
70 240 0.013155816122889519
70 320 0.013604353182017803
70 400 0.0152609096840024
71 0 0.01537963468581438
71 80 0.009781809523701668
71 160 0.0102127306163311
71 240 0.011861857026815414
71 320 0.02025325782597065
71 400 0.006346073001623154
72 0 0.011469043791294098
72 80 0.018512049689888954
72 160 0.011297558434307575
72 240 0.015144837088882923
72 320 0.017570896074175835
72 400 0.008197784423828125
73 0 0.017559431493282318
73 80 0.006534535437822342
73 160 0.00623090285807848
73 240 0.009858388453722
73 320 0.027906903997063637
73 400 0.014563201926648617
74 0 0.013016567565500736
74 80 0.012461602687835693
74 160 0.03193970024585724
74 240 0.015358367934823036
74 320 0.011810969561338425
74 400 0.014202732592821121
75 0 0.02561095543205738
75 80 0.009546511806547642
75 160 0.010645925998687744
75 240 0.014127476140856743
75 320 0.021593935787677765
75 400 0.01747414655983448
76 0 0.028132542967796326
76 80 0.016736069694161415
76 160 0.011455083265900612
76 240 0.018904663622379303
76 320 0.0123746357858181
76 400 0.013146542012691498
77 0 0.0064773475751280785
77 80 0.014569930732250214
77 160 0.011603021062910557
77 240 0.006807267665863037
77 320 0.0205171350389719
77 400 0.023391295224428177
78 0 0.006998047232627869
78 80 0.02099270187318325
78 160 0.008673313073813915
78 240 0.01094065047800541
78 320 0.011201574467122555
78 400 0.009042073972523212
79 0 0.015198434703052044
79 80 0.02132861688733101
79 160 0.017588740214705467
79 240 0.009579717181622982
79 320 0.006524976808577776
79 400 0.00953052006661892
80 0 0.009318512864410877
80 80 0.005973692052066326
80 160 0.0198034830391407
80 240 0.014905732125043869
80 320 0.019554072991013527
80 400 0.014483729377388954
81 0 0.009353136643767357
81 80 0.014985138550400734
81 160 0.00973128154873848
81 240 0.01409147959202528
81 320 0.013185076415538788
81 400 0.011973235756158829
82 0 0.008288250304758549
82 80 0.021776746958494186
82 160 0.008188154548406601
82 240 0.017480630427598953
82 320 0.008925408124923706
82 400 0.012547332793474197
83 0 0.00820862129330635
83 80 0.01004734355956316
83 160 0.01673838309943676
83 240 0.012606866657733917
83 320 0.0057628885842859745
83 400 0.01702326349914074
84 0 0.014277399517595768
84 80 0.011412636376917362
84 160 0.007138836197555065
84 240 0.011621498502790928
84 320 0.011303042061626911
84 400 0.004066080320626497
85 0 0.010996813885867596
85 80 0.005325691774487495
85 160 0.00891024712473154
85 240 0.008790888823568821
85 320 0.02776545286178589
85 400 0.008881346322596073
86 0 0.005684325005859137
86 80 0.00593965407460928
86 160 0.008693450130522251
86 240 0.018336331471800804
86 320 0.011797871440649033
86 400 0.005251496098935604
87 0 0.005353833083063364
87 80 0.00415538577362895
87 160 0.02035561576485634
87 240 0.00579305412247777
87 320 0.013358213938772678
87 400 0.007283082697540522
88 0 0.011889572255313396
88 80 0.009785403497517109
88 160 0.008448401466012001
88 240 0.01642964407801628
88 320 0.01003612857311964
88 400 0.012854482978582382
89 0 0.013143549673259258
89 80 0.011812042444944382
89 160 0.009089423343539238
89 240 0.005719372071325779
89 320 0.02891155146062374
89 400 0.009055379778146744
90 0 0.004905414301902056
90 80 0.008140673860907555
90 160 0.008424367755651474
90 240 0.006133790593594313
90 320 0.008934992365539074
90 400 0.008964902721345425
91 0 0.014705058187246323
91 80 0.007071400992572308
91 160 0.008702142164111137
91 240 0.015291016548871994
91 320 0.014815821312367916
91 400 0.015430574305355549
92 0 0.007231226656585932
92 80 0.018730850890278816
92 160 0.005417699925601482
92 240 0.01665257103741169
92 320 0.006518042180687189
92 400 0.0035432218573987484
93 0 0.007944827899336815
93 80 0.010440283454954624
93 160 0.008902044966816902
93 240 0.007745034992694855
93 320 0.007597776595503092
93 400 0.013522901572287083
94 0 0.012427031062543392
94 80 0.010423598811030388
94 160 0.006791708059608936
94 240 0.007251039147377014
94 320 0.0045898668467998505
94 400 0.006891641300171614
95 0 0.00474130641669035
95 80 0.006006521638482809
95 160 0.012471524998545647
95 240 0.008499589748680592
95 320 0.013928969390690327
95 400 0.00697272177785635
96 0 0.00992574356496334
96 80 0.005387504119426012
96 160 0.010867583565413952
96 240 0.008728641085326672
96 320 0.004250723868608475
96 400 0.005897630471736193
97 0 0.009825825691223145
97 80 0.008252535946667194
97 160 0.0037293867208063602
97 240 0.006017633713781834
97 320 0.013760351575911045
97 400 0.010359465144574642
98 0 0.015249544754624367
98 80 0.004919848870486021
98 160 0.009270155802369118
98 240 0.007543337531387806
98 320 0.007195574231445789
98 400 0.00872890930622816
99 0 0.007274270989000797
99 80 0.006830764003098011
99 160 0.00810676347464323
99 240 0.016376899555325508
99 320 0.006764954421669245
99 400 0.010417984798550606
100 0 0.005201905965805054
100 80 0.00679667666554451
100 160 0.012702040374279022
100 240 0.0071860686875879765
100 320 0.006643344648182392
100 400 0.011981693096458912
101 0 0.004866430535912514
101 80 0.007469522301107645
101 160 0.007383096031844616
101 240 0.008902013301849365
101 320 0.008630534633994102
101 400 0.009586414322257042
102 0 0.007201813161373138
102 80 0.01054940465837717
102 160 0.0055280765518546104
102 240 0.006934761069715023
102 320 0.006999046076089144
102 400 0.01268115546554327
103 0 0.003296165494248271
103 80 0.004981798119843006
103 160 0.003449981566518545
103 240 0.008796519599854946
103 320 0.009049429558217525
103 400 0.007372183725237846
104 0 0.004076133482158184
104 80 0.0034930193796753883
104 160 0.0037270530592650175
104 240 0.009337668307125568
104 320 0.009099693968892097
104 400 0.023735567927360535
105 0 0.008967723697423935
105 80 0.004458025563508272
105 160 0.006066564936190844
105 240 0.017489537596702576
105 320 0.010540161281824112
105 400 0.005635890644043684
106 0 0.005761550273746252
106 80 0.0036590974777936935
106 160 0.01007113792002201
106 240 0.009524490684270859
106 320 0.006427770480513573
106 400 0.0037144217640161514
107 0 0.004860016983002424
107 80 0.01092341635376215
107 160 0.0065025463700294495
107 240 0.008702937513589859
107 320 0.010994023643434048
107 400 0.0049330382607877254
108 0 0.007132104132324457
108 80 0.005107145290821791
108 160 0.009368923492729664
108 240 0.009008524008095264
108 320 0.005993368569761515
108 400 0.005661122500896454
109 0 0.008845199830830097
109 80 0.005641847848892212
109 160 0.007755963131785393
109 240 0.006059406325221062
109 320 0.004857479128986597
109 400 0.0033047569449990988
110 0 0.009469716809689999
110 80 0.005908095743507147
110 160 0.007439558394253254
110 240 0.007739664055407047
110 320 0.01613728143274784
110 400 0.005826319567859173
111 0 0.005125140305608511
111 80 0.00322341313585639
111 160 0.002988487482070923
111 240 0.007586135994642973
111 320 0.008325658738613129
111 400 0.010355453938245773
112 0 0.008879979141056538
112 80 0.012446696870028973
112 160 0.009808685630559921
112 240 0.004773217719048262
112 320 0.006469870917499065
112 400 0.0019157762872055173
113 0 0.011545108631253242
113 80 0.005069563630968332
113 160 0.013392365537583828
113 240 0.003075358923524618
113 320 0.009534640237689018
113 400 0.005071367137134075
114 0 0.0068017300218343735
114 80 0.00930716097354889
114 160 0.0081104077398777
114 240 0.005590207874774933
114 320 0.004525038413703442
114 400 0.007926526479423046
115 0 0.006348330993205309
115 80 0.008118763566017151
115 160 0.009027446620166302
115 240 0.003247991669923067
115 320 0.005067282356321812
115 400 0.012489186599850655
116 0 0.009328036569058895
116 80 0.008795559406280518
116 160 0.007592189125716686
116 240 0.0034168700221925974
116 320 0.008752900175750256
116 400 0.0037406831979751587
117 0 0.004936144687235355
117 80 0.00509518850594759
117 160 0.005662959069013596
117 240 0.009565669111907482
117 320 0.013229353353381157
117 400 0.005471345502883196
118 0 0.008231721818447113
118 80 0.008686118759214878
118 160 0.005384919699281454
118 240 0.004828370176255703
118 320 0.008923226036131382
118 400 0.0073775798082351685
119 0 0.010937483981251717
119 80 0.004022277891635895
119 160 0.003460616571828723
119 240 0.005319037474691868
119 320 0.011225437745451927
119 400 0.003939326386898756
120 0 0.005823575891554356
120 80 0.0023002803791314363
120 160 0.002966217929497361
120 240 0.004223871510475874
120 320 0.0032578015234321356
120 400 0.006483652628958225
121 0 0.01250355876982212
121 80 0.0059588695876300335
121 160 0.002694409340620041
121 240 0.007047502789646387
121 320 0.008807603269815445
121 400 0.0032467686105519533
122 0 0.001884750323370099
122 80 0.009043216705322266
122 160 0.0048110163770616055
122 240 0.0023255213163793087
122 320 0.005083342082798481
122 400 0.006392368581146002
123 0 0.0035060751251876354
123 80 0.005630625411868095
123 160 0.005454219877719879
123 240 0.004766832571476698
123 320 0.005703497678041458
123 400 0.013646927662193775
124 0 0.0030981877353042364
124 80 0.006706906482577324
124 160 0.0034127461258322
124 240 0.006490316707640886
124 320 0.0051867105066776276
124 400 0.005768615752458572
125 0 0.005883687641471624
125 80 0.004854429047554731
125 160 0.0066922251135110855
125 240 0.0063649979420006275
125 320 0.003822253318503499
125 400 0.003896439913660288
126 0 0.005413672421127558
126 80 0.006926784757524729
126 160 0.005616842769086361
126 240 0.004415843170136213
126 320 0.00983002781867981
126 400 0.009305475279688835
127 0 0.006794567685574293
127 80 0.0014193675015121698
127 160 0.002910191658884287
127 240 0.00618631299585104
127 320 0.005744752008467913
127 400 0.003688886296004057
128 0 0.0054871682077646255
128 80 0.00664954399690032
128 160 0.008748921565711498
128 240 0.004645314067602158
128 320 0.006927208974957466
128 400 0.003356626257300377
129 0 0.005032771732658148
129 80 0.003917351830750704
129 160 0.004197729751467705
129 240 0.005406871438026428
129 320 0.006528560537844896
129 400 0.004511607810854912
130 0 0.00665678083896637
130 80 0.004136561881750822
130 160 0.006676145829260349
130 240 0.005362536758184433
130 320 0.007917225360870361
130 400 0.009150435216724873
131 0 0.004560933448374271
131 80 0.005251298192888498
131 160 0.0057409401051700115
131 240 0.006257122382521629
131 320 0.003653612919151783
131 400 0.0035893709864467382
132 0 0.008775277994573116
132 80 0.005153128411620855
132 160 0.007926017045974731
132 240 0.011806746013462543
132 320 0.006016823463141918
132 400 0.003802624763920903
133 0 0.005502821411937475
133 80 0.007266304921358824
133 160 0.004899867810308933
133 240 0.00874408334493637
133 320 0.006113684270530939
133 400 0.005501252599060535
134 0 0.008752629160881042
134 80 0.0048497566021978855
134 160 0.004008445888757706
134 240 0.00657470989972353
134 320 0.004179398529231548
134 400 0.007741985842585564
135 0 0.005357649642974138
135 80 0.005537507124245167
135 160 0.00381364650093019
135 240 0.006231530569493771
135 320 0.0023422846570611
135 400 0.004527139011770487
136 0 0.008951632305979729
136 80 0.004680049605667591
136 160 0.008316474966704845
136 240 0.006322470027953386
136 320 0.0032390120904892683
136 400 0.003050257219001651
137 0 0.004515434615314007
137 80 0.0036333552561700344
137 160 0.0036656942684203386
137 240 0.005866524763405323
137 320 0.0049515594728291035
137 400 0.0020743291825056076
138 0 0.008994498290121555
138 80 0.004933551885187626
138 160 0.005078411661088467
138 240 0.004925531800836325
138 320 0.005980632733553648
138 400 0.007724130060523748
139 0 0.0037764767184853554
139 80 0.005851294845342636
139 160 0.006891198921948671
139 240 0.004558210261166096
139 320 0.0020484859123826027
139 400 0.00583030516281724
140 0 0.006360552739351988
140 80 0.0066850073635578156
140 160 0.001450619543902576
140 240 0.00491081178188324
140 320 0.004788387566804886
140 400 0.0066973320208489895
141 0 0.005181063432246447
141 80 0.0036785954143851995
141 160 0.002494973363354802
141 240 0.002865004353225231
141 320 0.0016906101955100894
141 400 0.005483496468514204
142 0 0.005933737847954035
142 80 0.007138933055102825
142 160 0.0039576212875545025
142 240 0.0027677048929035664
142 320 0.006902449298650026
142 400 0.003562075784429908
143 0 0.003267946420237422
143 80 0.0019402310717850924
143 160 0.0028242571279406548
143 240 0.0062017543241381645
143 320 0.006034926977008581
143 400 0.0025545547250658274
144 0 0.008232608437538147
144 80 0.004634719341993332
144 160 0.005759282503277063
144 240 0.008053537458181381
144 320 0.0023041982203722
144 400 0.005734001751989126
145 0 0.0031187054701149464
145 80 0.0025318933185189962
145 160 0.002902096603065729
145 240 0.0038836521562188864
145 320 0.007220222614705563
145 400 0.0035700201988220215
146 0 0.0022042111959308386
146 80 0.004401703830808401
146 160 0.0049096024595201015
146 240 0.0032831281423568726
146 320 0.002223875606432557
146 400 0.0035599747207015753
147 0 0.0037485340144485235
147 80 0.0024907111655920744
147 160 0.004528586287051439
147 240 0.006700169760733843
147 320 0.004209300968796015
147 400 0.002674476243555546
148 0 0.0046905092895030975
148 80 0.0035538794472813606
148 160 0.005572871305048466
148 240 0.005003452301025391
148 320 0.004637773614376783
148 400 0.0030768599826842546
149 0 0.008329284377396107
149 80 0.003476176643744111
149 160 0.0038486153353005648
149 240 0.0023906314745545387
149 320 0.00540087278932333
149 400 0.00579223083332181
150 0 0.007182457484304905
150 80 0.0025464973878115416
150 160 0.004131769295781851
150 240 0.0037966622039675713
150 320 0.0013704948360100389
150 400 0.005719407461583614
151 0 0.0028432931285351515
151 80 0.004589675460010767
151 160 0.0073608229868113995
151 240 0.0029925410635769367
151 320 0.003617112059146166
151 400 0.004932341631501913
152 0 0.007217958103865385
152 80 0.0032647799234837294
152 160 0.005617976654320955
152 240 0.0028054246213287115
152 320 0.0044780210591852665
152 400 0.004033655859529972
153 0 0.0012311928439885378
153 80 0.0018379222601652145
153 160 0.0030248984694480896
153 240 0.009015580639243126
153 320 0.004567928146570921
153 400 0.0034711759071797132
154 0 0.005500601604580879
154 80 0.0042618983425199986
154 160 0.003709303680807352
154 240 0.004684818908572197
154 320 0.004728506784886122
154 400 0.006337309721857309
155 0 0.0031416965648531914
155 80 0.0036400798708200455
155 160 0.003725099377334118
155 240 0.003040337236598134
155 320 0.004498744383454323
155 400 0.0037044112104922533
156 0 0.0039036287926137447
156 80 0.00580560090020299
156 160 0.0031287625897675753
156 240 0.003374377265572548
156 320 0.004449848551303148
156 400 0.0026876518968492746
157 0 0.0025564718525856733
157 80 0.00206376938149333
157 160 0.003806537250056863
157 240 0.0023852104786783457
157 320 0.0033818804658949375
157 400 0.004628434777259827
158 0 0.0039999959990382195
158 80 0.003109459765255451
158 160 0.004682301077991724
158 240 0.0037340079434216022
158 320 0.00411791168153286
158 400 0.004160846117883921
159 0 0.003682648530229926
159 80 0.0056004892103374004
159 160 0.004806044045835733
159 240 0.0028627736028283834
159 320 0.005332515574991703
159 400 0.0021056332625448704
160 0 0.003309617517516017
160 80 0.0029850690625607967
160 160 0.00411439873278141
160 240 0.004715626128017902
160 320 0.0033869068138301373
160 400 0.0029057457577437162
161 0 0.004697304684668779
161 80 0.004287124611437321
161 160 0.002361379796639085
161 240 0.0032774871215224266
161 320 0.0035852317232638597
161 400 0.006801446434110403
162 0 0.0068794600665569305
162 80 0.004941332153975964
162 160 0.0031849571969360113
162 240 0.0036104365717619658
162 320 0.005394582636654377
162 400 0.004193359054625034
163 0 0.002872549230232835
163 80 0.004635993856936693
163 160 0.004652862437069416
163 240 0.0046272254548966885
163 320 0.0045331260189414024
163 400 0.0031376536935567856
164 0 0.002972446847707033
164 80 0.0029136736411601305
164 160 0.003413166617974639
164 240 0.003667070297524333
164 320 0.0033886651508510113
164 400 0.004287987481802702
165 0 0.005623089615255594
165 80 0.00430299574509263
165 160 0.00400460883975029
165 240 0.0019233479397371411
165 320 0.0030474956147372723
165 400 0.006888739764690399
166 0 0.006181290838867426
166 80 0.002891943324357271
166 160 0.0038607241585850716
166 240 0.005443068686872721
166 320 0.0015898386482149363
166 400 0.004263481590896845
167 0 0.004646465182304382
167 80 0.00426908815279603
167 160 0.005706611089408398
167 240 0.002521263901144266
167 320 0.004260546527802944
167 400 0.003499325830489397
168 0 0.002242650603875518
168 80 0.0007504618261009455
168 160 0.003847165498882532
168 240 0.003055100329220295
168 320 0.005002118647098541
168 400 0.003736619371920824
169 0 0.0028118945192545652
169 80 0.0028223847039043903
169 160 0.0021798538509756327
169 240 0.0030612777918577194
169 320 0.002874755999073386
169 400 0.002902148524299264
170 0 0.005402181297540665
170 80 0.0036398060619831085
170 160 0.004054694436490536
170 240 0.002061527920886874
170 320 0.0036775933112949133
170 400 0.0033917261753231287
171 0 0.0034700084943324327
171 80 0.005055527202785015
171 160 0.005171821918338537
171 240 0.007263951003551483
171 320 0.003611913649365306
171 400 0.0033686943352222443
172 0 0.003155588172376156
172 80 0.005579825956374407
172 160 0.0034659779630601406
172 240 0.008212744258344173
172 320 0.005013025365769863
172 400 0.0027833690401166677
173 0 0.0019211958860978484
173 80 0.004000515677034855
173 160 0.004756272304803133
173 240 0.002888623857870698
173 320 0.004173041321337223
173 400 0.004079798236489296
174 0 0.004654828459024429
174 80 0.006387571804225445
174 160 0.0030449144542217255
174 240 0.004864131566137075
174 320 0.0026404124218970537
174 400 0.005142354406416416
175 0 0.0027129151858389378
175 80 0.0031069344840943813
175 160 0.004279998131096363
175 240 0.0012774926144629717
175 320 0.006165849976241589
175 400 0.003394495462998748
176 0 0.003924514167010784
176 80 0.0018117530271410942
176 160 0.001941402442753315
176 240 0.004724740982055664
176 320 0.003493332536891103
176 400 0.004444377031177282
177 0 0.004392969887703657
177 80 0.0017382948426529765
177 160 0.0030224360525608063
177 240 0.003090621903538704
177 320 0.00311114895157516
177 400 0.005971201229840517
178 0 0.0013851217227056623
178 80 0.0027190730907022953
178 160 0.0013252085773274302
178 240 0.0030349264852702618
178 320 0.0030851946212351322
178 400 0.002908269176259637
179 0 0.003752028103917837
179 80 0.009610489010810852
179 160 0.0022636367939412594
179 240 0.001987409545108676
179 320 0.0019031948177143931
179 400 0.0035957039799541235
180 0 0.002934579737484455
180 80 0.0025588807184249163
180 160 0.0036505023017525673
180 240 0.0024792945478111506
180 320 0.0026364331133663654
180 400 0.0027573963161557913
181 0 0.0021657885517925024
181 80 0.0038956415373831987
181 160 0.005389070603996515
181 240 0.0024607174564152956
181 320 0.0023407621774822474
181 400 0.0031620401423424482
182 0 0.005378220230340958
182 80 0.0015182157512754202
182 160 0.0029775085859000683
182 240 0.0025431800168007612
182 320 0.004767154343426228
182 400 0.001534094219096005
183 0 0.0012696983758360147
183 80 0.0022004074417054653
183 160 0.0019220059039071202
183 240 0.0021303759422153234
183 320 0.003306267550215125
183 400 0.0014166600303724408
184 0 0.0043454235419631
184 80 0.002587651601061225
184 160 0.005182856228202581
184 240 0.0037059353198856115
184 320 0.0041067288257181644
184 400 0.0036169514060020447
185 0 0.0032341480255126953
185 80 0.007156653795391321
185 160 0.0026194793172180653
185 240 0.0025538327172398567
185 320 0.0016025722725316882
185 400 0.0021550278179347515
186 0 0.0039468188770115376
186 80 0.004136477597057819
186 160 0.00460682762786746
186 240 0.004966988693922758
186 320 0.0028380698058754206
186 400 0.005278649739921093
187 0 0.0034060089383274317
187 80 0.004718388430774212
187 160 0.0027799333911389112
187 240 0.0032268892973661423
187 320 0.003121474524959922
187 400 0.003633172484114766
188 0 0.0022431735415011644
188 80 0.004438117146492004
188 160 0.002337442245334387
188 240 0.003387040225788951
188 320 0.0037297639064490795
188 400 0.003677539760246873
189 0 0.0030931681394577026
189 80 0.0014872587053105235
189 160 0.0012841335264965892
189 240 0.003252949332818389
189 320 0.004324425011873245
189 400 0.00491240294650197
190 0 0.0023857189808040857
190 80 0.0030440723057836294
190 160 0.0026075548958033323
190 240 0.002109024440869689
190 320 0.002496838103979826
190 400 0.003448988776654005
191 0 0.003209224436432123
191 80 0.006225281395018101
191 160 0.003386931261047721
191 240 0.0025242448318749666
191 320 0.0032559866085648537
191 400 0.0023324918001890182
192 0 0.003326257225126028
192 80 0.00271448097191751
192 160 0.002984612248837948
192 240 0.0031518314499408007
192 320 0.0026596097741276026
192 400 0.002800819231197238
193 0 0.0031295493245124817
193 80 0.0029907994903624058
193 160 0.001978687709197402
193 240 0.0028957922477275133
193 320 0.004367227200418711
193 400 0.004609280731528997
194 0 0.0027624177746474743
194 80 0.0017778190085664392
194 160 0.001461606821976602
194 240 0.0026855147443711758
194 320 0.00267779640853405
194 400 0.002385523868724704
195 0 0.003665181575343013
195 80 0.003397430758923292
195 160 0.0017603051383048296
195 240 0.0019514319719746709
195 320 0.003232091199606657
195 400 0.0023273718543350697
196 0 0.002187881385907531
196 80 0.0035326846409589052
196 160 0.0043050204403698444
196 240 0.001934053492732346
196 320 0.003294041845947504
196 400 0.003846485400572419
197 0 0.0014918282395228744
197 80 0.004429216030985117
197 160 0.002049179282039404
197 240 0.0025993541348725557
197 320 0.002958193188533187
197 400 0.005254719872027636
198 0 0.0029145872686058283
198 80 0.001925405696965754
198 160 0.002866368740797043
198 240 0.002037875819951296
198 320 0.0028781769797205925
198 400 0.0022001813631504774
199 0 0.0021427564788609743
199 80 0.001611007726751268
199 160 0.0012273099273443222
199 240 0.002105416962876916
199 320 0.00373863591812551
199 400 0.003847671439871192
200 0 0.0038279027212411165
200 80 0.0031981051433831453
200 160 0.00142213876824826
200 240 0.003275979543104768
200 320 0.003893270855769515
200 400 0.0028425108175724745
201 0 0.001562317949719727
201 80 0.0041829380206763744
201 160 0.003949292004108429
201 240 0.0017027106368914247
201 320 0.0031373060774058104
201 400 0.0039394018240273
202 0 0.005744992755353451
202 80 0.002471528248861432
202 160 0.004040363244712353
202 240 0.0033289773855358362
202 320 0.0012472998350858688
202 400 0.005085524637252092
203 0 0.003984305541962385
203 80 0.0036780480295419693
203 160 0.0022863384801894426
203 240 0.0033752406015992165
203 320 0.002624508924782276
203 400 0.003484211629256606
204 0 0.005094344727694988
204 80 0.001864223857410252
204 160 0.003221353283151984
204 240 0.001304996432736516
204 320 0.0026047455612570047
204 400 0.0039908550679683685
205 0 0.003753477241843939
205 80 0.001773125259205699
205 160 0.0041715712286531925
205 240 0.002874685451388359
205 320 0.0021864636801183224
205 400 0.002946216845884919
206 0 0.0022173114120960236
206 80 0.003604186000302434
206 160 0.0024938909336924553
206 240 0.004097627475857735
206 320 0.0027613607235252857
206 400 0.002584948902949691
207 0 0.0040756152011454105
207 80 0.0026574614457786083
207 160 0.002556623425334692
207 240 0.002729125088080764
207 320 0.0024632986169308424
207 400 0.0013950474094599485
208 0 0.003067918587476015
208 80 0.0023688925430178642
208 160 0.0028664192650467157
208 240 0.0018963291076943278
208 320 0.002249300479888916
208 400 0.0052866204641759396
209 0 0.0015607995446771383
209 80 0.002416104543954134
209 160 0.0023451403249055147
209 240 0.003869283478707075
209 320 0.0030190327670425177
209 400 0.0035687272902578115
210 0 0.0021161145996302366
210 80 0.0015291396994143724
210 160 0.002348685171455145
210 240 0.0020614457316696644
210 320 0.004120807629078627
210 400 0.0024408053141087294
211 0 0.0016359309665858746
211 80 0.0015076230047270656
211 160 0.0024096290580928326
211 240 0.001990961143746972
211 320 0.0019891157280653715
211 400 0.0029941732063889503
212 0 0.0012173661962151527
212 80 0.0031192090827971697
212 160 0.003284810110926628
212 240 0.001705161645077169
212 320 0.002845603507012129
212 400 0.001526225358247757
213 0 0.003533794544637203
213 80 0.0036166799254715443
213 160 0.002248152857646346
213 240 0.0019672152120620012
213 320 0.0031856829300522804
213 400 0.0034172148443758488
214 0 0.0027638920582830906
214 80 0.001789222820661962
214 160 0.0014850220177322626
214 240 0.0011122708674520254
214 320 0.0017683367477729917
214 400 0.002280944725498557
215 0 0.0023349246475845575
215 80 0.0031686152797192335
215 160 0.002709662076085806
215 240 0.0028414500411599874
215 320 0.0014823978999629617
215 400 0.0024494638200849295
216 0 0.0051225097849965096
216 80 0.003984304144978523
216 160 0.002134511712938547
216 240 0.0027270554564893246
216 320 0.0019380087032914162
216 400 0.0022593785542994738
217 0 0.001949463039636612
217 80 0.0038457224145531654
217 160 0.0022079579066485167
217 240 0.002634739736095071
217 320 0.0017123455181717873
217 400 0.00239268084987998
218 0 0.001961268251761794
218 80 0.0031753135845065117
218 160 0.0030875348020344973
218 240 0.0029045655392110348
218 320 0.001814921502955258
218 400 0.0032879160717129707
219 0 0.0028242727275937796
219 80 0.0012502219760790467
219 160 0.003220529528334737
219 240 0.0021986865904182196
219 320 0.003106497460976243
219 400 0.0013903975486755371
220 0 0.002905108965933323
220 80 0.0031113207805901766
220 160 0.0035338010638952255
220 240 0.003040462965145707
220 320 0.003276830306276679
220 400 0.0036470764316618443
221 0 0.0019639760721474886
221 80 0.0016542922239750624
221 160 0.0022008782252669334
221 240 0.0025114587042480707
221 320 0.003297709859907627
221 400 0.004524886608123779
222 0 0.0024588361848145723
222 80 0.0030117337591946125
222 160 0.002222871407866478
222 240 0.00233928463421762
222 320 0.002707130741328001
222 400 0.0021549963857978582
223 0 0.0015936419367790222
223 80 0.003678786102682352
223 160 0.00269637955352664
223 240 0.0014773161383345723
223 320 0.0012392370263114572
223 400 0.002071836730465293
224 0 0.0025846553035080433
224 80 0.004073745105415583
224 160 0.0019073969451710582
224 240 0.002557099564000964
224 320 0.002198912901803851
224 400 0.002508298261091113
225 0 0.0031099210027605295
225 80 0.003651058068498969
225 160 0.0020099501125514507
225 240 0.002840666100382805
225 320 0.0010394001146778464
225 400 0.0015689636347815394
226 0 0.004552875179797411
226 80 0.0012480223085731268
226 160 0.003945658449083567
226 240 0.0011087659513577819
226 320 0.0014048288576304913
226 400 0.0020172863733023405
227 0 0.0024595402646809816
227 80 0.0009435637621209025
227 160 0.0009293256443925202
227 240 0.003064265940338373
227 320 0.002559358486905694
227 400 0.0011800351785495877
228 0 0.00325632281601429
228 80 0.002942840103060007
228 160 0.001838487689383328
228 240 0.0028360248543322086
228 320 0.0021603943314403296
228 400 0.001146557740867138
229 0 0.002566344803199172
229 80 0.0018466694746166468
229 160 0.0023968748282641172
229 240 0.0025509630795568228
229 320 0.0020051083993166685
229 400 0.0034089009277522564
230 0 0.0015488220378756523
230 80 0.0020573458168655634
230 160 0.004201111849397421
230 240 0.002553617814555764
230 320 0.0034525839146226645
230 400 0.0029850786086171865
231 0 0.0007931466680020094
231 80 0.002848705044016242
231 160 0.0033197966404259205
231 240 0.004330549854785204
231 320 0.001965933945029974
231 400 0.002750177402049303
232 0 0.003881873330101371
232 80 0.0018507232889533043
232 160 0.0018757403595373034
232 240 0.0012041997397318482
232 320 0.0021283477544784546
232 400 0.0024169147945940495
233 0 0.001440002815797925
233 80 0.001346259843558073
233 160 0.002246753079816699
233 240 0.003804702777415514
233 320 0.0044992705807089806
233 400 0.0014286820078268647
234 0 0.002028472488746047
234 80 0.001241555088199675
234 160 0.0022436552681028843
234 240 0.0019746599718928337
234 320 0.002250596648082137
234 400 0.001969454577192664
235 0 0.002059035236015916
235 80 0.0018773461924865842
235 160 0.0014559776755049825
235 240 0.0026967560406774282
235 320 0.0021337736397981644
235 400 0.002480435650795698
236 0 0.003080496797338128
236 80 0.001071619219146669
236 160 0.0021902043372392654
236 240 0.0037901904433965683
236 320 0.0023250135127454996
236 400 0.0017768620746210217
237 0 0.0014690407551825047
237 80 0.001490417285822332
237 160 0.0017245154595002532
237 240 0.0022963713854551315
237 320 0.0022258840035647154
237 400 0.001108736265450716
238 0 0.001027058926410973
238 80 0.0015903492458164692
238 160 0.003221681574359536
238 240 0.0010347634088248014
238 320 0.0020711275283247232
238 400 0.0019251799676567316
239 0 0.002346254652366042
239 80 0.0024506710469722748
239 160 0.00375583628192544
239 240 0.002446391386911273
239 320 0.001134103978984058
239 400 0.0023946494329720736
240 0 0.0015195856103673577
240 80 0.003079949412494898
240 160 0.003812056500464678
240 240 0.0010490108979865909
240 320 0.0024721547961235046
240 400 0.0025706146843731403
241 0 0.0018415759550407529
241 80 0.0024672478903084993
241 160 0.00180967734195292
241 240 0.0031714257784187794
241 320 0.002843855181708932
241 400 0.002088741399347782
242 0 0.0017076380318030715
242 80 0.0026958677917718887
242 160 0.003068517195060849
242 240 0.0018018468981608748
242 320 0.0019141300581395626
242 400 0.0013418048620224
243 0 0.0024635917507112026
243 80 0.002429729327559471
243 160 0.0016329915961250663
243 240 0.0015686801634728909
243 320 0.002461223630234599
243 400 0.0035239055287092924
244 0 0.002208288060501218
244 80 0.0029229645151644945
244 160 0.0035423911176621914
244 240 0.0018081509042531252
244 320 0.001829320564866066
244 400 0.0016671651974320412
245 0 0.0033660654444247484
245 80 0.0016489241970703006
245 160 0.0025611156597733498
245 240 0.0022670207545161247
245 320 0.004000506363809109
245 400 0.002706245519220829
246 0 0.0021211723797023296
246 80 0.0026759919710457325
246 160 0.0016013256972655654
246 240 0.0015552316326647997
246 320 0.0012377852108329535
246 400 0.0026470632292330265
247 0 0.0032547141890972853
247 80 0.0019097671611234546
247 160 0.0032580660190433264
247 240 0.003468909068033099
247 320 0.0025043138302862644
247 400 0.0011897902004420757
248 0 0.001182670472189784
248 80 0.0009381482959724963
248 160 0.0021160109899938107
248 240 0.0016767014749348164
248 320 0.0013505435781553388
248 400 0.0021080467849969864
249 0 0.001598499482497573
249 80 0.0015192741993814707
249 160 0.0013978925999253988
249 240 0.0022864367347210646
249 320 0.0031899434980005026
249 400 0.00205267034471035
250 0 0.0011538054095581174
250 80 0.0009097452275454998
250 160 0.0022359127178788185
250 240 0.0017709940439090133
250 320 0.002275509759783745
250 400 0.002051539486274123
251 0 0.0022273417562246323
251 80 0.001707178191281855
251 160 0.00223202514462173
251 240 0.0012267030542716384
251 320 0.0012263451935723424
251 400 0.001913397223688662
252 0 0.0023587115574628115
252 80 0.001919149188324809
252 160 0.0019531664438545704
252 240 0.002761273179203272
252 320 0.002325022593140602
252 400 0.002660011174157262
253 0 0.002178049646317959
253 80 0.0016955785686150193
253 160 0.00239950860850513
253 240 0.0012320398818701506
253 320 0.001987380674108863
253 400 0.003308488056063652
254 0 0.0032093380577862263
254 80 0.000718864961527288
254 160 0.0022302004508674145
254 240 0.002278589177876711
254 320 0.00297002331353724
254 400 0.001278980984352529
255 0 0.0016048812540248036
255 80 0.0012778774835169315
255 160 0.0014908132143318653
255 240 0.0009544063941575587
255 320 0.001516538206487894
255 400 0.003252454102039337
256 0 0.0018087498610839248
256 80 0.0019778748974204063
256 160 0.001505384803749621
256 240 0.004218941554427147
256 320 0.0006676812190562487
256 400 0.002678964752703905
257 0 0.0013487384421750903
257 80 0.001892386469990015
257 160 0.003431624500080943
257 240 0.0020266796927899122
257 320 0.0016903135692700744
257 400 0.0027695600874722004
258 0 0.0015794145874679089
258 80 0.0013179249363020062
258 160 0.0023633474484086037
258 240 0.0018381827976554632
258 320 0.001999949337914586
258 400 0.0013920629862695932
259 0 0.0026252255775034428
259 80 0.00131026201415807
259 160 0.0015588097739964724
259 240 0.0031677696388214827
259 320 0.0011140154674649239
259 400 0.0016602522227913141
260 0 0.0017928114393725991
260 80 0.001924862153828144
260 160 0.001148371258750558
260 240 0.001327636418864131
260 320 0.001693051541224122
260 400 0.001975708408281207
261 0 0.0009944738121703267
261 80 0.0020239935256540775
261 160 0.0025267822202295065
261 240 0.0011993511579930782
261 320 0.0014389525167644024
261 400 0.00147645128890872
262 0 0.001069388585165143
262 80 0.0022267629392445087
262 160 0.0031310846097767353
262 240 0.0014316499000415206
262 320 0.0012581469491124153
262 400 0.002132674213498831
263 0 0.0013002284104004502
263 80 0.0010121118975803256
263 160 0.0012804291909560561
263 240 0.0017673032125458121
263 320 0.0009768264135345817
263 400 0.004009536001831293
264 0 0.0015894437674432993
264 80 0.0013883120846003294
264 160 0.0017239667940884829
264 240 0.0021042346488684416
264 320 0.001319104922004044
264 400 0.002123854821547866
265 0 0.0013375635026022792
265 80 0.0015178282046690583
265 160 0.002290588105097413
265 240 0.0021873456425964832
265 320 0.0022356414701789618
265 400 0.0026005180552601814
266 0 0.0014517338713631034
266 80 0.0025326847098767757
266 160 0.0019202068215236068
266 240 0.0014165254542604089
266 320 0.002559482352808118
266 400 0.001179899089038372
267 0 0.003226566594094038
267 80 0.0019305230816826224
267 160 0.0027145142666995525
267 240 0.0019412417896091938
267 320 0.001730035524815321
267 400 0.0014931535115465522
268 0 0.0012710638111457229
268 80 0.0013706170720979571
268 160 0.0030246959067881107
268 240 0.0018759258091449738
268 320 0.001550514018163085
268 400 0.0011885855346918106
269 0 0.0014032400213181973
269 80 0.0013034951407462358
269 160 0.0019928361289203167
269 240 0.002774979919195175
269 320 0.0009018984856083989
269 400 0.0020133445505052805
270 0 0.002904957626014948
270 80 0.0019302512519061565
270 160 0.0019086285028606653
270 240 0.0017608203925192356
270 320 0.0023551948834210634
270 400 0.0019439818570390344
271 0 0.0005629654624499381
271 80 0.0009018563432618976
271 160 0.0010867916280403733
271 240 0.003341441974043846
271 320 0.0021500259172171354
271 400 0.0014724027132615447
272 0 0.002305615460500121
272 80 0.0017582642612978816
272 160 0.0025700887199491262
272 240 0.0020172554068267345
272 320 0.0012433259980753064
272 400 0.001720566302537918
273 0 0.0025692149065434933
273 80 0.0018335998756811023
273 160 0.002358157653361559
273 240 0.0010686090681701899
273 320 0.0014659665757790208
273 400 0.0024745850823819637
274 0 0.0009636107133701444
274 80 0.0017129209591075778
274 160 0.0017552864737808704
274 240 0.00264568580314517
274 320 0.0017285310896113515
274 400 0.0013495356542989612
275 0 0.000987922539934516
275 80 0.0019136404152959585
275 160 0.001355453860014677
275 240 0.0015649027191102505
275 320 0.0020926324650645256
275 400 0.001678577158600092
276 0 0.0013907732209190726
276 80 0.002937461482360959
276 160 0.002642382401973009
276 240 0.0018479280406609178
276 320 0.002666620071977377
276 400 0.0025406875647604465
277 0 0.000990149099379778
277 80 0.0020051386673003435
277 160 0.0021743664983659983
277 240 0.0016314198728650808
277 320 0.0024045470636337996
277 400 0.002094587776809931
278 0 0.0018267780542373657
278 80 0.002074833959341049
278 160 0.000821942463517189
278 240 0.0016666911542415619
278 320 0.0020919591188430786
278 400 0.002192206447944045
279 0 0.0018045994220301509
279 80 0.0015973690897226334
279 160 0.0011161883594468236
279 240 0.002661101520061493
279 320 0.0019130350556224585
279 400 0.0020102369599044323
280 0 0.0015394330257549882
280 80 0.0019550283905118704
280 160 0.00086843321332708
280 240 0.0013475384330376983
280 320 0.0015036906115710735
280 400 0.001017922768369317
281 0 0.000865883775986731
281 80 0.0017001760425046086
281 160 0.0029565116856247187
281 240 0.002564398106187582
281 320 0.001757184974849224
281 400 0.0020164605230093002
282 0 0.0023466141428798437
282 80 0.0019672242924571037
282 160 0.0010195625945925713
282 240 0.0033389630261808634
282 320 0.0026751733385026455
282 400 0.001794522046111524
283 0 0.0012288435827940702
283 80 0.0018540179589763284
283 160 0.0022399479057639837
283 240 0.0019628293812274933
283 320 0.0014468716690316796
283 400 0.0007181359687820077
284 0 0.001753334072418511
284 80 0.0029494445770978928
284 160 0.001484493725001812
284 240 0.0011207343777641654
284 320 0.002244183560833335
284 400 0.002043274464085698
285 0 0.003913765773177147
285 80 0.0016861158655956388
285 160 0.0012476234696805477
285 240 0.0019238555105403066
285 320 0.0015234979800879955
285 400 0.0015106861246749759
286 0 0.001573227345943451
286 80 0.001332368003204465
286 160 0.001391833066008985
286 240 0.001478297053836286
286 320 0.0017176131950691342
286 400 0.0011687405640259385
287 0 0.0015587791567668319
287 80 0.002139519667252898
287 160 0.0020769143011420965
287 240 0.00157358858268708
287 320 0.0015212763100862503
287 400 0.0009291504393331707
288 0 0.0016287554753944278
288 80 0.0018132044933736324
288 160 0.0020764449145644903
288 240 0.002427490893751383
288 320 0.0017202913295477629
288 400 0.0017911943141371012
289 0 0.0017422022065147758
289 80 0.002116715768352151
289 160 0.001819572295062244
289 240 0.001449592411518097
289 320 0.0017455386696383357
289 400 0.001979108201339841
290 0 0.0009260206134058535
290 80 0.001963720889762044
290 160 0.0010485784150660038
290 240 0.0011751146521419287
290 320 0.0009153505088761449
290 400 0.0019892773125320673
291 0 0.0014731977134943008
291 80 0.0031535557936877012
291 160 0.0010368438670411706
291 240 0.001505985390394926
291 320 0.0012715914053842425
291 400 0.0012560938484966755
292 0 0.002063365885987878
292 80 0.0011231772368773818
292 160 0.0024222407955676317
292 240 0.0023688755463808775
292 320 0.0007284731836989522
292 400 0.0016873067943379283
293 0 0.0013695822563022375
293 80 0.00123521126806736
293 160 0.0011309232795611024
293 240 0.002242782386019826
293 320 0.0009017973206937313
293 400 0.0019632335752248764
294 0 0.000993726309388876
294 80 0.001355823245830834
294 160 0.002447632374241948
294 240 0.0009001560974866152
294 320 0.0016744957538321614
294 400 0.0018019579583778977
295 0 0.0021227106917649508
295 80 0.000988757936283946
295 160 0.0014241437893360853
295 240 0.002404219703748822
295 320 0.0016836592694744468
295 400 0.0023850062862038612
296 0 0.0010864287614822388
296 80 0.0008953525684773922
296 160 0.0028659068048000336
296 240 0.0008213529945351183
296 320 0.0005701591726392508
296 400 0.0015003782464191318
297 0 0.0014679337618872523
297 80 0.0008217793656513095
297 160 0.0015343190170824528
297 240 0.0010134256444871426
297 320 0.0022459279280155897
297 400 0.0027832286432385445
298 0 0.0023564144503325224
298 80 0.0025272448547184467
298 160 0.0016375123523175716
298 240 0.0014024324482306838
298 320 0.0013087564148008823
298 400 0.0008461700053885579
299 0 0.0026278384029865265
299 80 0.0020235255360603333
299 160 0.002318758051842451
299 240 0.0012113406555727124
299 320 0.00241295387968421
299 400 0.0014657183783128858
300 0 0.0013059349730610847
300 80 0.0018885147292166948
300 160 0.0026110142935067415
300 240 0.0012456746771931648
300 320 0.002030775649473071
300 400 0.0021456514950841665
