1 0.3835814818263308 0.8873166666666666
2 0.2273764352935718 0.93545
3 0.1915397319172237 0.9460333333333333
4 0.1687878796350219 0.9526833333333333
5 0.15306974134084259 0.9567666666666667
6 0.14054280772074454 0.9606666666666667
7 0.1305194310287931 0.9637666666666667
8 0.12260415317661473 0.9656666666666667
9 0.11525971355881773 0.9683166666666667
10 0.10857650909278947 0.97
11 0.10314054494457585 0.97185
12 0.09812357007805854 0.9727
13 0.0937541221687471 0.9745666666666667
14 0.0895752934719136 0.9752666666666666
15 0.0856236130682263 0.97725
16 0.08238357333327408 0.9772333333333333
17 0.07912563561582997 0.9785666666666667
18 0.07584766982826216 0.9795666666666667
19 0.0730540585527415 0.9803833333333334
20 0.07027685300294143 0.9812
21 0.0678458590147846 0.9818666666666667
22 0.06539720867170708 0.9824666666666667
23 0.06302365846733358 0.98325
24 0.060838966834932756 0.9843333333333333
25 0.058995916849689314 0.98455
26 0.057039598563014826 0.9852166666666666
27 0.05505846245790214 0.9858
28 0.053315496701659804 0.9865666666666667
29 0.051439006733440006 0.9870166666666667
30 0.0500086107527587 0.9873166666666666
31 0.048342911518617734 0.9878333333333333
32 0.04708572305135254 0.9882
33 0.045361846789662076 0.9891333333333333
34 0.0441944650741719 0.98965
35 0.042724846216883744 0.9896666666666667
36 0.041513165735057804 0.9902
37 0.040225977943872594 0.9910833333333333
38 0.03915024793414927 0.9910666666666667
39 0.0380360271547363 0.9915166666666667
40 0.03695284339513923 0.99175
41 0.0359497826768836 0.9921333333333333
42 0.034901000047996164 0.9922666666666666
43 0.03389590028435119 0.9927666666666667
44 0.03295580782730982 0.99335
45 0.032062523420463236 0.9936166666666667
46 0.03122034382178331 0.9937166666666667
47 0.030387215243815296 0.9940166666666667
48 0.02945325739070106 0.9940666666666667
49 0.028716095886044284 0.9943333333333333
50 0.028048017576559267 0.9947
51 0.027204326006458765 0.995
52 0.026577930501314687 0.9950666666666667
53 0.025828276354787762 0.9955166666666667
54 0.025199836654179512 0.99545
55 0.024525107901249486 0.9956833333333334
56 0.023986584561537388 0.9960333333333333
57 0.02330753066019018 0.9961
58 0.022837157951477272 0.9963333333333333
59 0.022239735188173144 0.9964833333333334
60 0.02169081187451572 0.9966333333333334
61 0.021191314005775494 0.99685
62 0.020659548717973902 0.9970833333333333
63 0.020148540455311822 0.9973333333333333
64 0.019652897301914374 0.9974333333333333
65 0.019193944778404574 0.9974833333333334
66 0.018744051890340504 0.9975333333333334
67 0.018378787554367615 0.9975166666666667
68 0.017876478559426916 0.9979833333333333
69 0.017505137975127108 0.99795
70 0.017112638632546483 0.99805
71 0.01670054862571598 0.9982333333333333
72 0.016348899070566685 0.9983833333333333
73 0.01597639666532657 0.9984166666666666
74 0.015635572046216236 0.9986
75 0.015303732693763271 0.9987333333333334
76 0.01504218724490737 0.9987
77 0.014678201470861652 0.9987666666666667
78 0.01437193180458235 0.9987666666666667
79 0.014045044037598823 0.9989166666666667
80 0.013806039637733084 0.9989333333333333
81 0.013496484349805441 0.9990166666666667
82 0.01329460639460906 0.9989833333333333
83 0.013035317331846399 0.9991666666666666
84 0.012756189757854796 0.9992333333333333
85 0.012510779589764091 0.9992166666666666
86 0.012264325246731165 0.9993166666666666
87 0.01200889206296806 0.9993666666666666
88 0.011809198890747165 0.9994333333333333
89 0.01157412510454607 0.9993833333333333
90 0.011334262728226433 0.9994666666666666
91 0.01115124282002179 0.9996166666666667
92 0.010942912807485569 0.9996166666666667
93 0.010740495082844834 0.99955
94 0.010578862599669092 0.9996166666666667
95 0.01038303407979434 0.9996833333333334
96 0.010187057051201985 0.9997333333333334
97 0.010037422908454148 0.99965
98 0.009871758160683742 0.9997
99 0.009729171330645395 0.9996833333333334
100 0.009542498156738115 0.9997666666666667
101 0.009387387216452565 0.99975
102 0.009238480099304112 0.9997166666666667
103 0.009075582671815208 0.9998166666666667
104 0.00893360759610179 0.9998
105 0.00878557250964076 0.9998166666666667
106 0.008667632668360528 0.9998666666666667
107 0.0085243303567044 0.9997666666666667
108 0.00840099270456532 0.99985
109 0.008266975568520076 0.9998333333333334
110 0.00815949996790366 0.99985
111 0.008022000242683933 0.9998666666666667
112 0.00792077430156566 0.9998333333333334
113 0.007802283273451825 0.9998666666666667
114 0.007675695515769933 0.9999
115 0.00756946751532127 0.9998833333333333
116 0.0074521916782431825 0.9998833333333333
117 0.0073519128256602515 0.9998833333333333
118 0.007238003698342454 0.9999166666666667
119 0.007152687544241421 0.9999
120 0.007067415279957817 0.9999
121 0.0069632298091668755 0.9999
122 0.006878309307306179 0.9999333333333333
123 0.006778714885222299 0.9999166666666667
124 0.006678635279820768 0.9999666666666667
125 0.006584188463027353 0.9999166666666667
126 0.006514309463140838 0.99995
127 0.006431676947803639 0.9999166666666667
128 0.006347608476031278 0.99995
129 0.006262957406635366 0.99995
130 0.006184053171906612 0.99995
131 0.006111072609945735 0.99995
132 0.00602468154130023 0.99995
133 0.005950900547053498 0.99995
134 0.005890425288183952 0.9999666666666667
135 0.00581084867504471 0.9999333333333333
136 0.005743647105684048 0.9999666666666667
137 0.0056774815386121495 0.9999666666666667
138 0.0056027055656942505 0.9999666666666667
139 0.0055343270538124574 0.9999666666666667
140 0.005475715647683913 0.9999666666666667
141 0.00540772682256393 0.9999666666666667
142 0.00534322821368366 0.9999666666666667
143 0.005306227884289107 0.9999666666666667
144 0.005230457082252775 0.9999666666666667
145 0.005170154192153293 0.9999666666666667
146 0.005110378084984273 0.9999666666666667
147 0.005051456947080187 0.9999666666666667
148 0.0049994750082917785 0.9999666666666667
149 0.004941670211659534 0.9999666666666667
150 0.004892162359587705 0.9999833333333333
151 0.004836628373875134 0.9999833333333333
152 0.004786025678395415 0.9999833333333333
153 0.004742191018743206 0.9999833333333333
154 0.004680037097846553 0.9999833333333333
155 0.004634177145202642 0.9999833333333333
156 0.004585833972079683 0.9999833333333333
157 0.004544456744554645 0.9999833333333333
158 0.004489737225752046 0.9999833333333333
159 0.004452073883547235 0.9999833333333333
160 0.004400526650492221 0.9999833333333333
161 0.00435920460531905 0.9999833333333333
162 0.004315630930946516 0.9999833333333333
163 0.004268010629704401 0.9999833333333333
164 0.004231268030056146 0.9999833333333333
165 0.004192603883946112 0.9999833333333333
166 0.004149938662370631 0.9999833333333333
167 0.004111782091283507 0.9999833333333333
168 0.004077540543143834 1.0
169 0.004038048227246144 0.9999833333333333
170 0.004003143627822066 1.0
171 0.003960581387389205 0.9999833333333333
172 0.00392466077113401 0.9999833333333333
173 0.003892446757167149 1.0
174 0.0038551686774454773 1.0
175 0.003821509395307029 1.0
176 0.003787060547471126 1.0
177 0.003751991493408995 1.0
178 0.003716169694897288 1.0
179 0.003686615171582142 1.0
180 0.003649802572319288 1.0
181 0.003627891198042899 1.0
182 0.003593950475534317 1.0
183 0.0035606196000258616 1.0
184 0.0035334942304640453 1.0
185 0.003503680144295668 1.0
186 0.003473415559377156 1.0
187 0.003444508517107396 1.0
188 0.0034141916011436297 1.0
189 0.00338949653198883 1.0
190 0.0033661954232485597 1.0
191 0.0033315606214213314 1.0
192 0.0033051936894899474 1.0
193 0.003280952770157711 1.0
194 0.0032590605200765762 1.0
195 0.0032310456639207375 1.0
196 0.003204158131730185 1.0
197 0.0031841794271637667 1.0
198 0.003155911955158355 1.0
199 0.0031303394956813096 1.0
200 0.003104449107201456 1.0
201 0.0030842143656891474 1.0
202 0.0030616782368597653 1.0
203 0.0030340015987998675 1.0
204 0.00301590131527222 1.0
205 0.002995100670130745 1.0
206 0.0029715224724463515 1.0
207 0.0029497058870497227 1.0
208 0.002928787521940511 1.0
209 0.0029055209165669356 1.0
210 0.00288512564409695 1.0
211 0.0028665586385125323 1.0
212 0.002844764650161408 1.0
213 0.0028245172113118603 1.0
214 0.0028063166399559837 1.0
215 0.0027840621971727797 1.0
216 0.0027610620434484335 1.0
217 0.0027475282569715716 1.0
218 0.002730090069204275 1.0
219 0.0027117050326824475 1.0
220 0.0026927415132850232 1.0
221 0.002672051650726163 1.0
222 0.0026544665263445455 1.0
223 0.0026388139452667102 1.0
224 0.0026220581174067567 1.0
225 0.00260466936817353 1.0
226 0.0025877734359010243 1.0
227 0.0025702286013977917 1.0
228 0.0025532065346134084 1.0
229 0.00253618183681793 1.0
230 0.002522642033542993 1.0
231 0.002505235710188246 1.0
232 0.0024865387323578553 1.0
233 0.002474867505208055 1.0
234 0.0024585971566064083 1.0
235 0.002440748639766679 1.0
236 0.0024302981002430027 1.0
237 0.0024113062857789224 1.0
238 0.0023979930015259 1.0
239 0.002383262618754639 1.0
240 0.002366094865393378 1.0
241 0.0023521113345699347 1.0
242 0.002340534183597351 1.0
243 0.002321803525436733 1.0
244 0.002314488029679351 1.0
245 0.0022983999365244682 1.0
246 0.0022841112278992617 1.0
247 0.0022710078729262975 1.0
248 0.0022551357734457915 1.0
249 0.002246774942440384 1.0
250 0.002231828209364227 1.0
251 0.0022189920348152994 1.0
252 0.0022042530842859157 1.0
253 0.0021908227137095336 1.0
254 0.0021776910487146402 1.0
255 0.002168272298932977 1.0
256 0.0021543140516433715 1.0
257 0.0021427521098113214 1.0
258 0.0021320205052266085 1.0
259 0.002118760497365862 1.0
260 0.0021078581247838146 1.0
261 0.0020957034077373213 1.0
262 0.0020840578935424816 1.0
263 0.0020728215873330783 1.0
264 0.002060354199644718 1.0
265 0.0020511498415856553 1.0
266 0.002040804269215239 1.0
267 0.0020291000447133735 1.0
268 0.0020187905948506847 1.0
269 0.002006693187900491 1.0
270 0.0019960828674167813 1.0
271 0.00198516047530885 1.0
272 0.001975381501770612 1.0
273 0.0019638838515411428 1.0
274 0.0019542940864726694 1.0
275 0.0019434855741782308 1.0
276 0.001932745858436641 1.0
277 0.001923353654264943 1.0
278 0.0019142997393043024 1.0
279 0.0019037990934098327 1.0
280 0.0018963698935789317 1.0
281 0.00188522498351214 1.0
282 0.001875951151569078 1.0
283 0.0018671393006750101 1.0
284 0.0018577320947508408 1.0
285 0.001847889487455879 1.0
286 0.0018379737248595581 1.0
287 0.001828994530105173 1.0
288 0.0018190869349496825 1.0
289 0.0018117475276961843 1.0
290 0.0018041117635216994 1.0
291 0.0017925254105881198 1.0
292 0.0017845782806038427 1.0
293 0.0017769956475507016 1.0
294 0.0017695914836538865 1.0
295 0.0017613357124499666 1.0
296 0.0017513990114162018 1.0
297 0.0017435378116393671 1.0
298 0.0017343709016465017 1.0
299 0.0017271033025407262 1.0
300 0.0017183669225952186 1.0
9999 0.001696752617135644 1.0
