1 0 3.127034902572632
1 80 0.3786352574825287
1 160 0.3346511721611023
1 240 0.3379936218261719
1 320 0.3726944625377655
1 400 0.31031081080436707
2 0 0.28146329522132874
2 80 0.16441960632801056
2 160 0.19685353338718414
2 240 0.2394094616174698
2 320 0.18543626368045807
2 400 0.15185286104679108
3 0 0.15153561532497406
3 80 0.1303904801607132
3 160 0.22854839265346527
3 240 0.14476624131202698
3 320 0.15719085931777954
3 400 0.2662539482116699
4 0 0.23040205240249634
4 80 0.18258319795131683
4 160 0.1369284987449646
4 240 0.11095503717660904
4 320 0.11266878992319107
4 400 0.1022571474313736
5 0 0.12735135853290558
5 80 0.16544799506664276
5 160 0.10691190510988235
5 240 0.12120236456394196
5 320 0.16975758969783783
5 400 0.18320497870445251
6 0 0.16431379318237305
6 80 0.15220914781093597
6 160 0.17503692209720612
6 240 0.09430713951587677
6 320 0.1494932323694229
6 400 0.12551212310791016
7 0 0.1279185712337494
7 80 0.1672394573688507
7 160 0.12239187955856323
7 240 0.20539546012878418
7 320 0.19556596875190735
7 400 0.1506032943725586
8 0 0.10753025859594345
8 80 0.1745055615901947
8 160 0.113167405128479
8 240 0.23728016018867493
8 320 0.13320103287696838
8 400 0.13473299145698547
9 0 0.1546609103679657
9 80 0.11367831379175186
9 160 0.1884748935699463
9 240 0.1229705810546875
9 320 0.0927165150642395
9 400 0.09152817726135254
10 0 0.12218330055475235
10 80 0.08374389261007309
10 160 0.12153327465057373
10 240 0.10928518325090408
10 320 0.11414998024702072
10 400 0.0979984700679779
11 0 0.0536302886903286
11 80 0.10958413779735565
11 160 0.14576664566993713
11 240 0.10908905416727066
11 320 0.14433173835277557
11 400 0.11989001929759979
12 0 0.06295144557952881
12 80 0.04679293558001518
12 160 0.09114564210176468
12 240 0.11702512204647064
12 320 0.02893250249326229
12 400 0.047715939581394196
13 0 0.07822476327419281
13 80 0.03241588920354843
13 160 0.10336053371429443
13 240 0.05317763611674309
13 320 0.1501617431640625
13 400 0.04379123076796532
14 0 0.17070671916007996
14 80 0.04448980465531349
14 160 0.09896872192621231
14 240 0.1381588727235794
14 320 0.040211062878370285
14 400 0.09223803877830505
15 0 0.07428518682718277
15 80 0.07797862589359283
15 160 0.10341791063547134
15 240 0.09133869409561157
15 320 0.08912599086761475
15 400 0.050900429487228394
16 0 0.10688687115907669
16 80 0.03439827635884285
16 160 0.03968917950987816
16 240 0.08648557215929031
16 320 0.07767864316701889
16 400 0.08230765163898468
17 0 0.12558065354824066
17 80 0.0405869223177433
17 160 0.03799250349402428
17 240 0.10483619570732117
17 320 0.09847668558359146
17 400 0.08937880396842957
18 0 0.04308987408876419
18 80 0.07655061036348343
18 160 0.1798417717218399
18 240 0.06507384777069092
18 320 0.08784084022045135
18 400 0.08380124717950821
19 0 0.07884258776903152
19 80 0.05073367431759834
19 160 0.0621630884706974
19 240 0.03181278333067894
19 320 0.06422369927167892
19 400 0.06566909700632095
20 0 0.10064779222011566
20 80 0.10538598150014877
20 160 0.053432364016771317
20 240 0.0671568289399147
20 320 0.08465727418661118
20 400 0.1365554928779602
21 0 0.0882682055234909
21 80 0.030580000951886177
21 160 0.03171134367585182
21 240 0.03747311234474182
21 320 0.047435324639081955
21 400 0.061715710908174515
22 0 0.058377452194690704
22 80 0.06521980464458466
22 160 0.06956227868795395
22 240 0.06512738764286041
22 320 0.07414532452821732
22 400 0.06542161852121353
23 0 0.04075796529650688
23 80 0.052615147083997726
23 160 0.07682156562805176
23 240 0.06209712103009224
23 320 0.07447017729282379
23 400 0.05624995008111
24 0 0.04850819706916809
24 80 0.056275878101587296
24 160 0.07837101072072983
24 240 0.05615783855319023
24 320 0.04952070489525795
24 400 0.0674862340092659
25 0 0.0845247209072113
25 80 0.08465245366096497
25 160 0.026909882202744484
25 240 0.05618932470679283
25 320 0.06786373257637024
25 400 0.04195602610707283
26 0 0.03283082693815231
26 80 0.03280089795589447
26 160 0.06341656297445297
26 240 0.024375535547733307
26 320 0.07164597511291504
26 400 0.07203290611505508
27 0 0.07056788355112076
27 80 0.03532074764370918
27 160 0.06608093529939651
27 240 0.06202823296189308
27 320 0.032750364392995834
27 400 0.031031550839543343
28 0 0.047932595014572144
28 80 0.09341740608215332
28 160 0.06998655945062637
28 240 0.03531277924776077
28 320 0.055040404200553894
28 400 0.05432668700814247
29 0 0.06794553250074387
29 80 0.02776186354458332
29 160 0.029987799003720284
29 240 0.045764245092868805
29 320 0.04140899330377579
29 400 0.07106971740722656
30 0 0.051500387489795685
30 80 0.07859876751899719
30 160 0.024139488115906715
30 240 0.03841155022382736
30 320 0.028457069769501686
30 400 0.02152218483388424
31 0 0.06304953247308731
31 80 0.049213707447052
31 160 0.045542582869529724
31 240 0.04646846652030945
31 320 0.09111952781677246
31 400 0.04819083586335182
32 0 0.03217557817697525
32 80 0.04063286632299423
32 160 0.029650192707777023
32 240 0.041151005774736404
32 320 0.07591627538204193
32 400 0.0736248716711998
33 0 0.03237021714448929
33 80 0.043027471750974655
33 160 0.038483310490846634
33 240 0.06131036952137947
33 320 0.032401520758867264
33 400 0.023822106420993805
34 0 0.03824113681912422
34 80 0.07315589487552643
34 160 0.018834291025996208
34 240 0.07563664764165878
34 320 0.043465133756399155
34 400 0.030496375635266304
35 0 0.021503889933228493
35 80 0.03647454082965851
35 160 0.07486235350370407
35 240 0.05059070512652397
35 320 0.04557403177022934
35 400 0.016829250380396843
36 0 0.07900695502758026
36 80 0.023346906527876854
36 160 0.0410667285323143
36 240 0.028869228437542915
36 320 0.01747908815741539
36 400 0.03954663127660751
37 0 0.041523851454257965
37 80 0.022158240899443626
37 160 0.016300462186336517
37 240 0.06443271040916443
37 320 0.036902375519275665
37 400 0.04523122310638428
38 0 0.021784581243991852
38 80 0.03678086772561073
38 160 0.032140102237463
38 240 0.1027531623840332
38 320 0.036635223776102066
38 400 0.03225015476346016
39 0 0.03050258755683899
39 80 0.044550444930791855
39 160 0.02981441468000412
39 240 0.02983124926686287
39 320 0.024064926430583
39 400 0.025553185492753983
40 0 0.034505825489759445
40 80 0.022643085569143295
40 160 0.06070698797702789
40 240 0.019430140033364296
40 320 0.08473286777734756
40 400 0.03906894847750664
41 0 0.02104279212653637
41 80 0.032933589071035385
41 160 0.03016318939626217
41 240 0.041012316942214966
41 320 0.023275768384337425
41 400 0.014283034950494766
42 0 0.03761335089802742
42 80 0.01512655708938837
42 160 0.025410756468772888
42 240 0.014451505616307259
42 320 0.035532183945178986
42 400 0.05970148742198944
43 0 0.043657392263412476
43 80 0.021009322255849838
43 160 0.034203194081783295
43 240 0.012670949101448059
43 320 0.0439579039812088
43 400 0.01977553591132164
44 0 0.03987063467502594
44 80 0.02984122931957245
44 160 0.032132089138031006
44 240 0.027341844514012337
44 320 0.01132568996399641
44 400 0.04936397820711136
45 0 0.026606125757098198
45 80 0.03397345542907715
45 160 0.013169769197702408
45 240 0.02067854441702366
45 320 0.08455932885408401
45 400 0.03679661080241203
46 0 0.03378713130950928
46 80 0.008589488454163074
46 160 0.02572188526391983
46 240 0.022200096398591995
46 320 0.036161359399557114
46 400 0.015500424429774284
47 0 0.012097151950001717
47 80 0.03032025508582592
47 160 0.025150462985038757
47 240 0.03566466271877289
47 320 0.059074752032756805
47 400 0.016319522634148598
48 0 0.036069270223379135
48 80 0.02774105779826641
48 160 0.021502677351236343
48 240 0.04737984761595726
48 320 0.013306882232427597
48 400 0.01687857136130333
49 0 0.02368372678756714
49 80 0.031017739325761795
49 160 0.02127065509557724
49 240 0.04973597452044487
49 320 0.023080728948116302
49 400 0.019945023581385612
50 0 0.03450470045208931
50 80 0.028467686846852303
50 160 0.03621869906783104
50 240 0.03279378265142441
50 320 0.03295397758483887
50 400 0.009764847345650196
51 0 0.015271521173417568
51 80 0.020512156188488007
51 160 0.03007517196238041
51 240 0.01973576657474041
51 320 0.016945606097579002
51 400 0.008183884434401989
52 0 0.0338158905506134
52 80 0.014641143381595612
52 160 0.011362527497112751
52 240 0.019887350499629974
52 320 0.035138074308633804
52 400 0.025505967438220978
53 0 0.03357633948326111
53 80 0.023080267012119293
53 160 0.011669483035802841
53 240 0.02567278780043125
53 320 0.017232520505785942
53 400 0.02915605530142784
54 0 0.01900354214012623
54 80 0.01647818647325039
54 160 0.020896848291158676
54 240 0.009634500369429588
54 320 0.03137455880641937
54 400 0.006600058637559414
55 0 0.02774716168642044
55 80 0.028450289741158485
55 160 0.009028562344610691
55 240 0.01991308107972145
55 320 0.037688471376895905
55 400 0.023280680179595947
56 0 0.015402845107018948
56 80 0.009707100689411163
56 160 0.008654416538774967
56 240 0.0254055168479681
56 320 0.014406831935048103
56 400 0.03856230899691582
57 0 0.017618604004383087
57 80 0.01778567023575306
57 160 0.01889713481068611
57 240 0.025623004883527756
57 320 0.016974156722426414
57 400 0.031152835115790367
58 0 0.015844635665416718
58 80 0.023800736293196678
58 160 0.030182838439941406
58 240 0.023885423317551613
58 320 0.015152507461607456
58 400 0.025670737028121948
59 0 0.008623183704912663
59 80 0.018930085003376007
59 160 0.028751911595463753
59 240 0.014648115262389183
59 320 0.013090897351503372
59 400 0.020173361524939537
60 0 0.019282257184386253
60 80 0.027051016688346863
60 160 0.014403622597455978
60 240 0.013121327385306358
60 320 0.019325444474816322
60 400 0.014163305051624775
61 0 0.018671447411179543
61 80 0.011930519714951515
61 160 0.01788816973567009
61 240 0.027317142114043236
61 320 0.042995937168598175
61 400 0.04018160328269005
62 0 0.010072099044919014
62 80 0.027538027614355087
62 160 0.015004511922597885
62 240 0.015924392268061638
62 320 0.046169206500053406
62 400 0.027323441579937935
63 0 0.029870327562093735
63 80 0.024296216666698456
63 160 0.014293464832007885
63 240 0.024499882012605667
63 320 0.018610060214996338
63 400 0.018558410927653313
64 0 0.01845410279929638
64 80 0.017359407618641853
64 160 0.013531927019357681
64 240 0.023554645478725433
64 320 0.022065896540880203
64 400 0.012142742052674294
65 0 0.014350663870573044
65 80 0.021363863721489906
65 160 0.014316171407699585
65 240 0.03418419882655144
65 320 0.036665964871644974
65 400 0.01649869792163372
66 0 0.014591737650334835
66 80 0.009805685840547085
66 160 0.017066026106476784
66 240 0.026452042162418365
66 320 0.02799217402935028
66 400 0.02679780125617981
67 0 0.023544959723949432
67 80 0.015862859785556793
67 160 0.021111564710736275
67 240 0.015419994480907917
67 320 0.021335158497095108
67 400 0.03317801281809807
68 0 0.021470511332154274
68 80 0.02722477912902832
68 160 0.01343904435634613
68 240 0.00822487659752369
68 320 0.023495016619563103
68 400 0.013592537492513657
69 0 0.012367014773190022
69 80 0.033221516758203506
69 160 0.012488707900047302
69 240 0.017534494400024414
69 320 0.020188134163618088
69 400 0.006489890161901712
70 0 0.010717594064772129
70 80 0.01672336645424366
70 160 0.04424646124243736
70 240 0.009427022188901901
70 320 0.011371729895472527
70 400 0.009771584533154964
71 0 0.015168394893407822
71 80 0.009729058481752872
71 160 0.012903403490781784
71 240 0.014798913151025772
71 320 0.016318999230861664
71 400 0.020493004471063614
72 0 0.021150756627321243
72 80 0.009805710054934025
72 160 0.011043446138501167
72 240 0.015148043632507324
72 320 0.009541898034512997
72 400 0.004049330484122038
73 0 0.015244865790009499
73 80 0.016203446313738823
73 160 0.007532896474003792
73 240 0.012851320207118988
73 320 0.014347262680530548
73 400 0.0152011439204216
74 0 0.008898783475160599
74 80 0.025202767923474312
74 160 0.026304852217435837
74 240 0.004812701605260372
74 320 0.009091099724173546
74 400 0.010249116457998753
75 0 0.019215300679206848
75 80 0.013209340162575245
75 160 0.01734817773103714
75 240 0.013916152529418468
75 320 0.013118074275553226
75 400 0.017222579568624496
76 0 0.011120338924229145
76 80 0.009298701770603657
76 160 0.007956125773489475
76 240 0.04171539843082428
76 320 0.01364985853433609
76 400 0.015690693631768227
77 0 0.010379903949797153
77 80 0.005509159993380308
77 160 0.023407597094774246
77 240 0.01629893109202385
77 320 0.005678518209606409
77 400 0.018279094249010086
78 0 0.006664088927209377
78 80 0.01714075729250908
78 160 0.006808541715145111
78 240 0.011480191722512245
78 320 0.01750267669558525
78 400 0.008316962979733944
79 0 0.01303114928305149
79 80 0.0067720781080424786
79 160 0.011865244247019291
79 240 0.01001079473644495
79 320 0.009447656571865082
79 400 0.008874007500708103
80 0 0.011647866107523441
80 80 0.013512177392840385
80 160 0.014109768904745579
80 240 0.010087852366268635
80 320 0.009744689799845219
80 400 0.0172386784106493
81 0 0.014292494393885136
81 80 0.01809987984597683
81 160 0.00936068408191204
81 240 0.006795928813517094
81 320 0.10949316620826721
81 400 0.022024499252438545
82 0 0.015589813701808453
82 80 0.01275668665766716
82 160 0.005823917221277952
82 240 0.011767834424972534
82 320 0.012883666902780533
82 400 0.019979091361165047
83 0 0.006115624215453863
83 80 0.011397662572562695
83 160 0.008932700380682945
83 240 0.011181840673089027
83 320 0.01744583435356617
83 400 0.010733047500252724
84 0 0.010338191874325275
84 80 0.021189983934164047
84 160 0.015864938497543335
84 240 0.008589117787778378
84 320 0.010701283812522888
84 400 0.004191043321043253
85 0 0.01575632207095623
85 80 0.008676803670823574
85 160 0.006898334715515375
85 240 0.021619927138090134
85 320 0.004300443921238184
85 400 0.009228629060089588
86 0 0.027176063507795334
86 80 0.010483138263225555
86 160 0.013337724842131138
86 240 0.014972719363868237
86 320 0.013382913544774055
86 400 0.009341930970549583
87 0 0.007679566740989685
87 80 0.009967981837689877
87 160 0.01612708903849125
87 240 0.011813033372163773
87 320 0.01126808114349842
87 400 0.007016581017524004
88 0 0.005698938388377428
88 80 0.01127240527421236
88 160 0.006695923395454884
88 240 0.004484699573367834
88 320 0.008876158855855465
88 400 0.010246770456433296
89 0 0.0072787730023264885
89 80 0.00510852225124836
89 160 0.014077901840209961
89 240 0.01832827553153038
89 320 0.007066189777106047
89 400 0.008866050280630589
90 0 0.012378057464957237
90 80 0.010111977346241474
90 160 0.019668303430080414
90 240 0.006136462092399597
90 320 0.010540049523115158
90 400 0.013848154805600643
91 0 0.009891705587506294
91 80 0.013311725109815598
91 160 0.006312083452939987
91 240 0.009288818575441837
91 320 0.007027565035969019
91 400 0.011655334383249283
92 0 0.0073888543993234634
92 80 0.013183790259063244
92 160 0.006718078162521124
92 240 0.01099122129380703
92 320 0.016078364104032516
92 400 0.012122441083192825
93 0 0.020261486992239952
93 80 0.012251750566065311
93 160 0.0047530606389045715
93 240 0.012050219811499119
93 320 0.013009769842028618
93 400 0.006638611666858196
94 0 0.020974960178136826
94 80 0.024699419736862183
94 160 0.012054544873535633
94 240 0.018174780532717705
94 320 0.013111240230500698
94 400 0.008925506845116615
95 0 0.00861937366425991
95 80 0.01197835523635149
95 160 0.012180300429463387
95 240 0.013883830048143864
95 320 0.007561692968010902
95 400 0.01263500563800335
96 0 0.008057362399995327
96 80 0.01752021349966526
96 160 0.008912784047424793
96 240 0.009988578967750072
96 320 0.006174267735332251
96 400 0.007476047147065401
97 0 0.00800039991736412
97 80 0.013732844032347202
97 160 0.00777863385155797
97 240 0.006967793684452772
97 320 0.013236228376626968
97 400 0.010001751594245434
98 0 0.015576072968542576
98 80 0.0033931592479348183
98 160 0.006297118961811066
98 240 0.014744224958121777
98 320 0.011222765780985355
98 400 0.02178439311683178
99 0 0.009501929394900799
99 80 0.004863705951720476
99 160 0.006224549375474453
99 240 0.006552132777869701
99 320 0.010744991712272167
99 400 0.010591796599328518
100 0 0.003631679806858301
100 80 0.009197624400258064
100 160 0.010197261348366737
100 240 0.005252316128462553
100 320 0.008391115814447403
100 400 0.010465802624821663
101 0 0.004393826238811016
101 80 0.005010718479752541
101 160 0.006384385749697685
101 240 0.019292883574962616
101 320 0.014669841155409813
101 400 0.006115444004535675
102 0 0.006922791246324778
102 80 0.014221642166376114
102 160 0.004770196974277496
102 240 0.012968242168426514
102 320 0.010630020871758461
102 400 0.010510320775210857
103 0 0.007075554225593805
103 80 0.019388925284147263
103 160 0.009355371817946434
103 240 0.010138527490198612
103 320 0.005553071852773428
103 400 0.006108882371336222
104 0 0.006221275310963392
104 80 0.013867623172700405
104 160 0.0035050546284765005
104 240 0.004352959338575602
104 320 0.019945092499256134
104 400 0.00829943735152483
105 0 0.006954254116863012
105 80 0.007176583632826805
105 160 0.0037985111121088266
105 240 0.010978068225085735
105 320 0.013345140032470226
105 400 0.007464339956641197
106 0 0.01677790656685829
106 80 0.006737224292010069
106 160 0.005499109625816345
106 240 0.011373919434845448
106 320 0.006533507723361254
106 400 0.00853879377245903
107 0 0.008713703602552414
107 80 0.0024761673994362354
107 160 0.007606683764606714
107 240 0.006766269914805889
107 320 0.007854342460632324
107 400 0.007156085222959518
108 0 0.005808030720800161
108 80 0.0060082655400037766
108 160 0.00739709846675396
108 240 0.007416996173560619
108 320 0.0029221680015325546
108 400 0.009286586195230484
109 0 0.0056561254896223545
109 80 0.007366548292338848
109 160 0.010105764493346214
109 240 0.010321017354726791
109 320 0.004683979786932468
109 400 0.00857984833419323
110 0 0.00830854382365942
110 80 0.009606328792870045
110 160 0.008921639993786812
110 240 0.00729562109336257
110 320 0.009322398342192173
110 400 0.009913784451782703
111 0 0.010044669732451439
111 80 0.01251296978443861
111 160 0.014592347666621208
111 240 0.005399076268076897
111 320 0.003720942186191678
111 400 0.0044781239703297615
112 0 0.0068588219583034515
112 80 0.005970432888716459
112 160 0.00973484292626381
112 240 0.007071646861732006
112 320 0.01148268487304449
112 400 0.0162337776273489
113 0 0.008945412933826447
113 80 0.003931208048015833
113 160 0.007430138532072306
113 240 0.007552346680313349
113 320 0.005699020344763994
113 400 0.005444868002086878
114 0 0.005337918177247047
114 80 0.004198502749204636
114 160 0.003911422099918127
114 240 0.0075514232739806175
114 320 0.005234240088611841
114 400 0.008790813386440277
115 0 0.007143941707909107
115 80 0.008398981764912605
115 160 0.0066687799990177155
115 240 0.007067428436130285
115 320 0.0034304403234273195
115 400 0.008072113618254662
116 0 0.007117638364434242
116 80 0.005918819922953844
116 160 0.008339442312717438
116 240 0.00345727545209229
116 320 0.007023601792752743
116 400 0.00838452111929655
117 0 0.004845587071031332
117 80 0.003419690066948533
117 160 0.0074863312765955925
117 240 0.003517407225444913
117 320 0.0068083712831139565
117 400 0.01838821731507778
118 0 0.009461487643420696
118 80 0.010251639410853386
118 160 0.01302066445350647
118 240 0.005456186830997467
118 320 0.00526689225807786
118 400 0.012525677680969238
119 0 0.0040304334834218025
119 80 0.007168269716203213
119 160 0.009588736109435558
119 240 0.008407500572502613
119 320 0.0052709197625517845
119 400 0.004194204695522785
120 0 0.004383580293506384
120 80 0.005043988116085529
120 160 0.008942977525293827
120 240 0.009260065853595734
120 320 0.004821138922125101
120 400 0.00954823475331068
121 0 0.007157344836741686
121 80 0.008118312805891037
121 160 0.009706234559416771
121 240 0.00991115439683199
121 320 0.004423580132424831
121 400 0.011304644867777824
122 0 0.009005241096019745
122 80 0.010799883864820004
122 160 0.006502164993435144
122 240 0.0030706324614584446
122 320 0.007327750325202942
122 400 0.005406608805060387
123 0 0.004234524443745613
123 80 0.003784022992476821
123 160 0.011433923617005348
123 240 0.0032823188230395317
123 320 0.006045129615813494
123 400 0.008654444478452206
124 0 0.006348238792270422
124 80 0.008157755248248577
124 160 0.010810713283717632
124 240 0.006687129382044077
124 320 0.007200536783784628
124 400 0.0073541621677577496
125 0 0.0035834929440170527
125 80 0.0038890691939741373
125 160 0.004795002285391092
125 240 0.003456719685345888
125 320 0.005406405311077833
125 400 0.011266155168414116
126 0 0.008244061842560768
126 80 0.011340273544192314
126 160 0.006012215279042721
126 240 0.0034253664780408144
126 320 0.004770230036228895
126 400 0.010918901301920414
127 0 0.006595316343009472
127 80 0.005244009662419558
127 160 0.004215696360915899
127 240 0.004735087510198355
127 320 0.008469056338071823
127 400 0.008985627442598343
128 0 0.006152962800115347
128 80 0.0034670422319322824
128 160 0.0035244356840848923
128 240 0.0036093781236559153
128 320 0.005989940371364355
128 400 0.004244858864694834
129 0 0.008205411955714226
129 80 0.005996569059789181
129 160 0.013714194297790527
129 240 0.006031175144016743
129 320 0.007689067628234625
129 400 0.0044268649071455
130 0 0.0040576038882136345
130 80 0.0037295790389180183
130 160 0.006490284577012062
130 240 0.00784793309867382
130 320 0.006336904596537352
130 400 0.005159582477062941
131 0 0.008150140754878521
131 80 0.00632668100297451
131 160 0.011365693993866444
131 240 0.004560928791761398
131 320 0.004305209033191204
131 400 0.006118387915194035
132 0 0.003129693679511547
132 80 0.004264237359166145
132 160 0.0074758646078407764
132 240 0.0046423859894275665
132 320 0.007675127126276493
132 400 0.006832384970039129
133 0 0.003126284573227167
133 80 0.005342532880604267
133 160 0.002585615497082472
133 240 0.007239277940243483
133 320 0.00907124299556017
133 400 0.006784188561141491
134 0 0.006373115349560976
134 80 0.005121643655002117
134 160 0.004081732593476772
134 240 0.00791930966079235
134 320 0.0033850253093987703
134 400 0.008503612130880356
135 0 0.0037161505315452814
135 80 0.005292490124702454
135 160 0.006602982524782419
135 240 0.006664608605206013
135 320 0.00562624353915453
135 400 0.004934703465551138
136 0 0.002349910791963339
136 80 0.007667532656341791
136 160 0.0051759942434728146
136 240 0.0073454673402011395
136 320 0.005271585658192635
136 400 0.002389133907854557
137 0 0.007307336200028658
137 80 0.006506097503006458
137 160 0.005196006037294865
137 240 0.004557756241410971
137 320 0.0046106670051813126
137 400 0.006489123217761517
138 0 0.005045464728027582
138 80 0.0034174879547208548
138 160 0.008589002303779125
138 240 0.00783113669604063
138 320 0.005005389917641878
138 400 0.0033579461742192507
139 0 0.004826715681701899
139 80 0.0046412404626607895
139 160 0.009367883205413818
139 240 0.006262511946260929
139 320 0.0018278794595971704
139 400 0.008257569745182991
140 0 0.004117501433938742
140 80 0.004711056128144264
140 160 0.005080014932900667
140 240 0.00611083721742034
140 320 0.0020280356984585524
140 400 0.004150935914367437
141 0 0.004763203207403421
141 80 0.0036769406870007515
141 160 0.002761446638032794
141 240 0.0075643593445420265
141 320 0.007681139279156923
141 400 0.005636594723910093
142 0 0.0029615655075758696
142 80 0.00614632572978735
142 160 0.0072525483556091785
142 240 0.0042019374668598175
142 320 0.006949381437152624
142 400 0.0028692069463431835
143 0 0.0037149800918996334
143 80 0.0046997517347335815
143 160 0.0013726291945204139
143 240 0.00471859285607934
143 320 0.00625261478126049
143 400 0.007255862932652235
144 0 0.00233668414875865
144 80 0.002307169372215867
144 160 0.004751142580062151
144 240 0.004136811476200819
144 320 0.007253145333379507
144 400 0.003518638201057911
145 0 0.008573928847908974
145 80 0.00471258070319891
145 160 0.001971170539036393
145 240 0.002558822510764003
145 320 0.0037057024892419577
145 400 0.0034560898784548044
146 0 0.005539474543184042
146 80 0.004027631599456072
146 160 0.0040977527387440205
146 240 0.00506592309102416
146 320 0.0045776949264109135
146 400 0.007738219108432531
147 0 0.0024532314855605364
147 80 0.006091446615755558
147 160 0.004091308452188969
147 240 0.007037809584289789
147 320 0.00837430078536272
147 400 0.005493047181516886
148 0 0.004457526374608278
148 80 0.0029074265621602535
148 160 0.004996716510504484
148 240 0.004405789542943239
148 320 0.0037151461001485586
148 400 0.006527980323880911
149 0 0.005436922423541546
149 80 0.005377637222409248
149 160 0.0038378264289349318
149 240 0.0031283660791814327
149 320 0.00418954249471426
149 400 0.0032652541995048523
150 0 0.006319997366517782
150 80 0.00843890756368637
150 160 0.00756863784044981
150 240 0.003943800926208496
150 320 0.0032196524553000927
150 400 0.007879385724663734
151 0 0.005608738865703344
151 80 0.0038680017460137606
151 160 0.004634907003492117
151 240 0.0038367665838450193
151 320 0.0032196121755987406
151 400 0.0013050752459093928
152 0 0.0028562897350639105
152 80 0.005617974326014519
152 160 0.0053993151523172855
152 240 0.004826891701668501
152 320 0.004061776213347912
152 400 0.0012414611410349607
153 0 0.0028244045097380877
153 80 0.008244619704782963
153 160 0.005800765007734299
153 240 0.007466437760740519
153 320 0.003909417428076267
153 400 0.0064613851718604565
154 0 0.003470371477305889
154 80 0.0021384400315582752
154 160 0.006038264371454716
154 240 0.00294418609701097
154 320 0.004619265906512737
154 400 0.005228541325777769
155 0 0.002846558578312397
155 80 0.004208195488899946
155 160 0.003624293487519026
155 240 0.005677166860550642
155 320 0.003878743853420019
155 400 0.004562183283269405
156 0 0.0036723853554576635
156 80 0.0019474573200568557
156 160 0.005859534256160259
156 240 0.005403030198067427
156 320 0.00818389281630516
156 400 0.004213516600430012
157 0 0.0017555700615048409
157 80 0.002415625611320138
157 160 0.0038808409590274096
157 240 0.0032198214903473854
157 320 0.004281708970665932
157 400 0.0037889895029366016
158 0 0.0059937951155006886
158 80 0.005032917018979788
158 160 0.0030043788719922304
158 240 0.009755697101354599
158 320 0.005081694573163986
158 400 0.005851061549037695
159 0 0.005852242931723595
159 80 0.004447083920240402
159 160 0.0031462761107832193
159 240 0.003998697269707918
159 320 0.005993558559566736
159 400 0.0046462430618703365
160 0 0.005652138497680426
160 80 0.00522967241704464
160 160 0.003296088194474578
160 240 0.0030505042523145676
160 320 0.003868310945108533
160 400 0.002907310612499714
161 0 0.00469414284452796
161 80 0.003856186755001545
161 160 0.0065247006714344025
161 240 0.003722027875483036
161 320 0.003448303323239088
161 400 0.0038128846790641546
162 0 0.006843022536486387
162 80 0.0036764969117939472
162 160 0.0038206290919333696
162 240 0.00621334882453084
162 320 0.003869105828925967
162 400 0.00351314852014184
163 0 0.0041083223186433315
163 80 0.006580709479749203
163 160 0.0025045438669621944
163 240 0.003833160735666752
163 320 0.0038212144281715155
163 400 0.004679694771766663
164 0 0.003967819269746542
164 80 0.00338344625197351
164 160 0.004122372251003981
164 240 0.0029455667827278376
164 320 0.002799390582367778
164 400 0.0034548346884548664
165 0 0.0025557787157595158
165 80 0.0017428575083613396
165 160 0.003923484589904547
165 240 0.00654269615188241
165 320 0.006282993126660585
165 400 0.005521036684513092
166 0 0.003954239655286074
166 80 0.002360232640057802
166 160 0.002252119593322277
166 240 0.004214705433696508
166 320 0.0030079465359449387
166 400 0.0017531270859763026
167 0 0.0038655453827232122
167 80 0.0051874080672860146
167 160 0.003699606517329812
167 240 0.0030417442321777344
167 320 0.0069442084059119225
167 400 0.007907389663159847
168 0 0.0038012992590665817
168 80 0.006309763994067907
168 160 0.006457081995904446
168 240 0.009106514044106007
168 320 0.002294540870934725
168 400 0.0023181207943707705
169 0 0.004671049304306507
169 80 0.003536704694852233
169 160 0.007017559837549925
169 240 0.005500961095094681
169 320 0.0017204590840265155
169 400 0.004849376622587442
170 0 0.003940211609005928
170 80 0.0029483374673873186
170 160 0.002720988355576992
170 240 0.002306779380887747
170 320 0.0022515703458338976
170 400 0.00407527107745409
171 0 0.002927984343841672
171 80 0.006920619867742062
171 160 0.0023231010418385267
171 240 0.0013841432519257069
171 320 0.0030846078880131245
171 400 0.0013888898538425565
172 0 0.0026004500687122345
172 80 0.0038279832806438208
172 160 0.0027267192490398884
172 240 0.0061697824858129025
172 320 0.0016956508625298738
172 400 0.006164157297462225
173 0 0.002370853442698717
173 80 0.0030105290934443474
173 160 0.0018370585748925805
173 240 0.0024239919148385525
173 320 0.0037936170119792223
173 400 0.0032103639096021652
174 0 0.0027284217067062855
174 80 0.003405995201319456
174 160 0.00436328025534749
174 240 0.00309013738296926
174 320 0.0038107880391180515
174 400 0.0032031286973506212
175 0 0.004572734702378511
175 80 0.0035081873647868633
175 160 0.00590257253497839
175 240 0.002913764212280512
175 320 0.0028599209617823362
175 400 0.005166101269423962
176 0 0.005890168249607086
176 80 0.002020088490098715
176 160 0.004098106641322374
176 240 0.002206941368058324
176 320 0.002997501054778695
176 400 0.002447630511596799
177 0 0.002694376977160573
177 80 0.006871985737234354
177 160 0.002839717548340559
177 240 0.002632648218423128
177 320 0.0017464796546846628
177 400 0.004790129140019417
178 0 0.005086919292807579
178 80 0.0032461234368383884
178 160 0.005830718204379082
178 240 0.005901738535612822
178 320 0.004184247460216284
178 400 0.0044130440801382065
179 0 0.0042374697513878345
179 80 0.007236356846988201
179 160 0.005673941690474749
179 240 0.0037435912527143955
179 320 0.0027703207451850176
179 400 0.0033649862743914127
180 0 0.004635117948055267
180 80 0.0028037538286298513
180 160 0.0029146713204681873
180 240 0.001954796724021435
180 320 0.004348705522716045
180 400 0.0032822820357978344
181 0 0.003104988718405366
181 80 0.002880064072087407
181 160 0.0015862976433709264
181 240 0.002385035390034318
181 320 0.005040954332798719
181 400 0.003207655856385827
182 0 0.003398185595870018
182 80 0.004212534986436367
182 160 0.0040979934856295586
182 240 0.0033563650213181973
182 320 0.004839414730668068
182 400 0.0035188873298466206
183 0 0.0022690007463097572
183 80 0.0023630682844668627
183 160 0.004371036775410175
183 240 0.0027639593463391066
183 320 0.002158788265660405
183 400 0.002591900760307908
184 0 0.004150283522903919
184 80 0.0069645121693611145
184 160 0.002804363612085581
184 240 0.004269998986274004
184 320 0.003351843450218439
184 400 0.004727739375084639
185 0 0.003121655900031328
185 80 0.0024461583234369755
185 160 0.003643004223704338
185 240 0.002535393461585045
185 320 0.004604213871061802
185 400 0.002105297287926078
186 0 0.005175373051315546
186 80 0.006012994330376387
186 160 0.002166513819247484
186 240 0.0049219452776014805
186 320 0.0041656047105789185
186 400 0.0024464332964271307
187 0 0.003061024472117424
187 80 0.0013878706376999617
187 160 0.004667593166232109
187 240 0.002966976957395673
187 320 0.005154378246515989
187 400 0.003415612271055579
188 0 0.003220802405849099
188 80 0.0028078523464500904
188 160 0.0015809392789378762
188 240 0.004225267097353935
188 320 0.003589966567233205
188 400 0.007080978248268366
189 0 0.003149233525618911
189 80 0.001915588858537376
189 160 0.004206708632409573
189 240 0.003874988527968526
189 320 0.004422842059284449
189 400 0.0035607789177447557
190 0 0.0036648556124418974
190 80 0.002987893298268318
190 160 0.0031151785515248775
190 240 0.005583066027611494
190 320 0.0029892821330577135
190 400 0.0035424872767180204
191 0 0.002828722121194005
191 80 0.0031531869899481535
191 160 0.004587640054523945
191 240 0.0024844955187290907
191 320 0.00442458176985383
191 400 0.0018755871569737792
192 0 0.0026523261331021786
192 80 0.0018481600563973188
192 160 0.0006448561325669289
192 240 0.0023714324925094843
192 320 0.001917482353746891
192 400 0.002371999202296138
193 0 0.0027500379364937544
193 80 0.0014409988652914762
193 160 0.00235552410595119
193 240 0.0031465995125472546
193 320 0.0028833122923970222
193 400 0.0020878028590232134
194 0 0.0018137895967811346
194 80 0.00385337695479393
194 160 0.0038281031884253025
194 240 0.00416522566229105
194 320 0.003154376521706581
194 400 0.004023428075015545
195 0 0.003288138657808304
195 80 0.004534590058028698
195 160 0.0029492059256881475
195 240 0.0024974008556455374
195 320 0.002133376430720091
195 400 0.003919744398444891
196 0 0.0031565940007567406
196 80 0.0012628190452232957
196 160 0.0031038543675094843
196 240 0.0031505597289651632
196 320 0.003798535792157054
196 400 0.0036025389563292265
197 0 0.004474368412047625
197 80 0.0009754235506989062
197 160 0.0016510538989678025
197 240 0.0025802087038755417
197 320 0.0029938770458102226
197 400 0.003248702734708786
198 0 0.004054144956171513
198 80 0.0025699965190142393
198 160 0.00316131254658103
198 240 0.0046323551796376705
198 320 0.0038491252344101667
198 400 0.00338483857922256
199 0 0.0016482484061270952
199 80 0.004272977355867624
199 160 0.0018121820176020265
199 240 0.0026363469660282135
199 320 0.002853355836123228
199 400 0.002971227280795574
200 0 0.001796756754629314
200 80 0.0027694685850292444
200 160 0.002764819422736764
200 240 0.0029848329722881317
200 320 0.002158904680982232
200 400 0.0032038127537816763
201 0 0.0033045480959117413
201 80 0.0025395045522600412
201 160 0.002756152069196105
201 240 0.003516672644764185
201 320 0.0051648616790771484
201 400 0.0042120786383748055
202 0 0.0032487905118614435
202 80 0.0014103015419095755
202 160 0.0022230951581150293
202 240 0.0032988113816827536
202 320 0.004332384094595909
202 400 0.004562403075397015
203 0 0.004002501722425222
203 80 0.0021231307182461023
203 160 0.002507405122742057
203 240 0.001832256675697863
203 320 0.003184829605743289
203 400 0.003935025539249182
204 0 0.005268814507871866
204 80 0.003366887103766203
204 160 0.001382269780151546
204 240 0.00464315852150321
204 320 0.0028468044474720955
204 400 0.003162967273965478
205 0 0.0025508729740977287
205 80 0.00451304716989398
205 160 0.0024109547957777977
205 240 0.0023427950218319893
205 320 0.0029318388551473618
205 400 0.004987615626305342
206 0 0.003585363971069455
206 80 0.003530076937749982
206 160 0.0029394282028079033
206 240 0.0029317131265997887
206 320 0.002089898334816098
206 400 0.0037785202730447054
207 0 0.001454142271541059
207 80 0.003126677358523011
207 160 0.0017833312740549445
207 240 0.0021727378480136395
207 320 0.00217585451900959
207 400 0.0016946297837421298
208 0 0.003055041888728738
208 80 0.006732946261763573
208 160 0.003308705287054181
208 240 0.0029634893871843815
208 320 0.0027435950469225645
208 400 0.003756030462682247
209 0 0.0033068498596549034
209 80 0.0019654917996376753
209 160 0.003319579642266035
209 240 0.005077977664768696
209 320 0.002754775108769536
209 400 0.006416891235858202
210 0 0.002179983537644148
210 80 0.0022070063278079033
210 160 0.0029657024424523115
210 240 0.002861038316041231
210 320 0.0015249258140102029
210 400 0.0026630903594195843
211 0 0.0038846274837851524
211 80 0.0011016071075573564
211 160 0.005178776104003191
211 240 0.004779703915119171
211 320 0.002229707082733512
211 400 0.0029586537275463343
212 0 0.0027449498884379864
212 80 0.0016096371691673994
212 160 0.002100372454151511
212 240 0.003517123404890299
212 320 0.002155914669856429
212 400 0.0019413188565522432
213 0 0.0015988493105396628
213 80 0.004184584598988295
213 160 0.0025038248859345913
213 240 0.0024474512320011854
213 320 0.002596756909042597
213 400 0.0021066004410386086
214 0 0.003006826853379607
214 80 0.0028128530830144882
214 160 0.004545810632407665
214 240 0.0019499191548675299
214 320 0.002236712723970413
214 400 0.00222646608017385
215 0 0.004836537409573793
215 80 0.003926439676433802
215 160 0.0029632647056132555
215 240 0.0018390415934845805
215 320 0.0028496163431555033
215 400 0.002486081328243017
216 0 0.0019909499678760767
216 80 0.003709434298798442
216 160 0.0025567219126969576
216 240 0.0038235227111727
216 320 0.002105122432112694
216 400 0.002318617422133684
217 0 0.0015809524338692427
217 80 0.00213123532012105
217 160 0.003297641174867749
217 240 0.0012732207542285323
217 320 0.0029938239604234695
217 400 0.0012352962512522936
218 0 0.002704703714698553
218 80 0.001663092290982604
218 160 0.00399789260700345
218 240 0.003944708500057459
218 320 0.0018634318839758635
218 400 0.002624774118885398
219 0 0.0031385670881718397
219 80 0.0010962863452732563
219 160 0.0027045097667723894
219 240 0.002458046656101942
219 320 0.003386940574273467
219 400 0.0019475716399028897
220 0 0.004158519674092531
220 80 0.002771237399429083
220 160 0.0020490246824920177
220 240 0.0025246364530175924
220 320 0.002880228217691183
220 400 0.0029014863539487123
221 0 0.0021782948169857264
221 80 0.0019882102496922016
221 160 0.0020446828566491604
221 240 0.0044736312702298164
221 320 0.0029933361802250147
221 400 0.0020008431747555733
222 0 0.0027623483911156654
222 80 0.00289638782851398
222 160 0.0013845403445884585
222 240 0.001782475970685482
222 320 0.0031910536345094442
222 400 0.0027335353661328554
223 0 0.00230439193546772
223 80 0.0022110831923782825
223 160 0.0034527794923633337
223 240 0.0036593356635421515
223 320 0.004689578432589769
223 400 0.0015818619867786765
224 0 0.004400982055813074
224 80 0.0024985880590975285
224 160 0.0022935722954571247
224 240 0.0020375316962599754
224 320 0.0026035611517727375
224 400 0.0017940577818080783
225 0 0.001761074410751462
225 80 0.002824254799634218
225 160 0.002592319855466485
225 240 0.0027826896402984858
225 320 0.0021677762269973755
225 400 0.003223330480977893
226 0 0.0011205977061763406
226 80 0.0016078338958323002
226 160 0.004600754473358393
226 240 0.002958833472803235
226 320 0.0026561026461422443
226 400 0.002252618782222271
227 0 0.003918320406228304
227 80 0.0014953818172216415
227 160 0.00457846699282527
227 240 0.0027495333924889565
227 320 0.0033500439021736383
227 400 0.0027621041517704725
228 0 0.0032232776284217834
228 80 0.0019939520861953497
228 160 0.0029369995463639498
228 240 0.002953409217298031
228 320 0.0028154407627880573
228 400 0.002957548014819622
229 0 0.0021552471444010735
229 80 0.0016705126035958529
229 160 0.0026292246766388416
229 240 0.001918036607094109
229 320 0.0034169380087405443
229 400 0.0021240676287561655
230 0 0.0012603860814124346
230 80 0.002781772520393133
230 160 0.0035436872858554125
230 240 0.0017103204736486077
230 320 0.0035143177956342697
230 400 0.002525907475501299
231 0 0.002201638650149107
231 80 0.0018570731626823545
231 160 0.003867868799716234
231 240 0.003043798264116049
231 320 0.002610262716189027
231 400 0.0014149363851174712
232 0 0.0033196567092090845
232 80 0.003524073865264654
232 160 0.002438927534967661
232 240 0.002110822591930628
232 320 0.0030369833111763
232 400 0.003155706450343132
233 0 0.0023848330602049828
233 80 0.002339637139812112
233 160 0.00150012387894094
233 240 0.0025966728571802378
233 320 0.0038543124683201313
233 400 0.0015012783696874976
234 0 0.003056935267522931
234 80 0.0014902249677106738
234 160 0.0010655978694558144
234 240 0.0026552847120910883
234 320 0.0019057388417422771
234 400 0.0018611589912325144
235 0 0.0019387155771255493
235 80 0.002024383284151554
235 160 0.003446453483775258
235 240 0.0035176058299839497
235 320 0.002883678302168846
235 400 0.002105628838762641
236 0 0.00400884635746479
236 80 0.005068082362413406
236 160 0.002175740199163556
236 240 0.001368183409795165
236 320 0.001956398133188486
236 400 0.0014304514043033123
237 0 0.002013908000662923
237 80 0.0024651028215885162
237 160 0.0014653023099526763
237 240 0.0024476144462823868
237 320 0.0024525285698473454
237 400 0.0038155829533934593
238 0 0.0020445429254323244
238 80 0.0030178960878401995
238 160 0.003473507473245263
238 240 0.0016683348221704364
238 320 0.0027627814561128616
238 400 0.00398354884237051
239 0 0.003255440155044198
239 80 0.0030845750588923693
239 160 0.0028349561616778374
239 240 0.003406148636713624
239 320 0.0017466736026108265
239 400 0.002116632182151079
240 0 0.001623159390874207
240 80 0.001670411555096507
240 160 0.002475657034665346
240 240 0.002826094627380371
240 320 0.001149321673437953
240 400 0.0016150666633620858
241 0 0.0018055344698950648
241 80 0.0023118939716368914
241 160 0.0015193556901067495
241 240 0.003018677234649658
241 320 0.0015962093602865934
241 400 0.0027872296050190926
242 0 0.00166763283777982
242 80 0.001754968659952283
242 160 0.0015934284310787916
242 240 0.002203135984018445
242 320 0.002228022553026676
242 400 0.002768397331237793
243 0 0.002887510694563389
243 80 0.0020755422301590443
243 160 0.002621120773255825
243 240 0.0010479101911187172
243 320 0.0030902838334441185
243 400 0.0022864793427288532
244 0 0.0017965774750337005
244 80 0.0035242028534412384
244 160 0.002510602120310068
244 240 0.0031570710707455873
244 320 0.0017246534116566181
244 400 0.003726452123373747
245 0 0.003915685229003429
245 80 0.0017588787013664842
245 160 0.0014946145238354802
245 240 0.0022280465345829725
245 320 0.0013202553382143378
245 400 0.0016041994094848633
246 0 0.0038584184367209673
246 80 0.0016002313932403922
246 160 0.0011706908699125051
246 240 0.0022904144134372473
246 320 0.002742594573646784
246 400 0.0025871603284031153
247 0 0.0030715279281139374
247 80 0.0007769659860059619
247 160 0.0007568712462671101
247 240 0.0033222385682165623
247 320 0.004334110300987959
247 400 0.0012196307070553303
248 0 0.002321025123819709
248 80 0.002516150241717696
248 160 0.002605740912258625
248 240 0.0020665049087256193
248 320 0.0020201930310577154
248 400 0.0017071939073503017
249 0 0.002800535410642624
249 80 0.0021542892791330814
249 160 0.0019944629166275263
249 240 0.003438941901549697
249 320 0.0015371660701930523
249 400 0.002474743640050292
250 0 0.0016244134167209268
250 80 0.002240388887003064
250 160 0.002672166097909212
250 240 0.003012441098690033
250 320 0.0016368700889870524
250 400 0.001908981939777732
251 0 0.0013674059882760048
251 80 0.001748967682942748
251 160 0.002143824240192771
251 240 0.002994673792272806
251 320 0.0013937517069280148
251 400 0.0025572774466127157
252 0 0.001777878263965249
252 80 0.002572780940681696
252 160 0.002211248269304633
252 240 0.0020567607134580612
252 320 0.0024975265841931105
252 400 0.0021073087118566036
253 0 0.001951646408997476
253 80 0.0036709385458379984
253 160 0.0017211772501468658
253 240 0.00249515101313591
253 320 0.0008769400301389396
253 400 0.0017939114477485418
254 0 0.002207458484917879
254 80 0.0018241149373352528
254 160 0.0006300872191786766
254 240 0.003327140584588051
254 320 0.0012118873419240117
254 400 0.0011825377587229013
255 0 0.002866201801225543
255 80 0.001470485469326377
255 160 0.0018732257885858417
255 240 0.0016297127585858107
255 320 0.0017826431430876255
255 400 0.0024237902835011482
256 0 0.001225503976456821
256 80 0.0011520872358232737
256 160 0.0011258866870775819
256 240 0.003815540112555027
256 320 0.001761139603331685
256 400 0.0017609338974580169
257 0 0.003383299568668008
257 80 0.0011243299813941121
257 160 0.0027131952811032534
257 240 0.0019945588428527117
257 320 0.002206185134127736
257 400 0.002146284095942974
258 0 0.0023614964447915554
258 80 0.0016465878579765558
258 160 0.0031494940631091595
258 240 0.0035352373961359262
258 320 0.0026275040581822395
258 400 0.0012746206484735012
259 0 0.002520147478207946
259 80 0.0017495850333943963
259 160 0.0014727150555700064
259 240 0.0017139731207862496
259 320 0.0035066951531916857
259 400 0.0021619186736643314
260 0 0.0020365756936371326
260 80 0.0011679403251037002
260 160 0.0022438867017626762
260 240 0.00134351069573313
260 320 0.0029299051966518164
260 400 0.003598096314817667
261 0 0.002032114891335368
261 80 0.0014820455107837915
261 160 0.0016310070641338825
261 240 0.0025796806439757347
261 320 0.0027250926941633224
261 400 0.0024112232495099306
262 0 0.0018954219995066524
262 80 0.0035288662184029818
262 160 0.0021860061679035425
262 240 0.0026950796600431204
262 320 0.0022301257122308016
262 400 0.0020028171129524708
263 0 0.001567582949064672
263 80 0.001107066753320396
263 160 0.0020153371151536703
263 240 0.001018136041238904
263 320 0.0032204948365688324
263 400 0.0011683336924761534
264 0 0.0013531848089769483
264 80 0.0023858605418354273
264 160 0.002651658607646823
264 240 0.0023027227725833654
264 320 0.0015621647471562028
264 400 0.002724185585975647
265 0 0.0025807921774685383
265 80 0.0018022065050899982
265 160 0.0013611853355541825
265 240 0.002393769333139062
265 320 0.0018337112851440907
265 400 0.0036348726134747267
266 0 0.003251038258895278
266 80 0.0023467300925403833
266 160 0.0016563591780140996
266 240 0.0028389294166117907
266 320 0.0021250913850963116
266 400 0.001314405701123178
267 0 0.004025924950838089
267 80 0.0012931813253089786
267 160 0.0009339320822618902
267 240 0.001380075584165752
267 320 0.0007948765996843576
267 400 0.002227403922006488
268 0 0.0016751540824770927
268 80 0.0011030586902052164
268 160 0.0019925690721720457
268 240 0.0034802244044840336
268 320 0.001663193223066628
268 400 0.0022781584411859512
269 0 0.0011829632567241788
269 80 0.002836417406797409
269 160 0.002646778244525194
269 240 0.002561870962381363
269 320 0.0017511049518361688
269 400 0.0018316817004233599
270 0 0.0022816674318164587
270 80 0.002335234312340617
270 160 0.002378153847530484
270 240 0.0008272778941318393
270 320 0.001976782688871026
270 400 0.0017722221091389656
271 0 0.00215178937651217
271 80 0.003087601624429226
271 160 0.0023107591550797224
271 240 0.0014078986132517457
271 320 0.001546878251247108
271 400 0.001435323036275804
272 0 0.0019939695484936237
272 80 0.0010432450799271464
272 160 0.0014527083840221167
272 240 0.002629052847623825
272 320 0.0016617036890238523
272 400 0.0009864821331575513
273 0 0.0014008674770593643
273 80 0.0013061787467449903
273 160 0.002940397011116147
273 240 0.0007661281852051616
273 320 0.0016835002461448312
273 400 0.0005068883183412254
274 0 0.0013878080062568188
274 80 0.0033323203679174185
274 160 0.002637532539665699
274 240 0.002570760203525424
274 320 0.002240381669253111
274 400 0.0020147464238107204
275 0 0.0021620511543005705
275 80 0.0019920316990464926
275 160 0.00047786961658857763
275 240 0.0016194055788218975
275 320 0.0023985239677131176
275 400 0.00229046237654984
276 0 0.001245322753675282
276 80 0.0016004405915737152
276 160 0.002348316600546241
276 240 0.0031820228323340416
276 320 0.0028020034078508615
276 400 0.0011049542808905244
277 0 0.0023136402014642954
277 80 0.0018564390484243631
277 160 0.0017246418865397573
277 240 0.0025782976299524307
277 320 0.0017488861922174692
277 400 0.0020260417368263006
278 0 0.0025139807257801294
278 80 0.002100939629599452
278 160 0.0018121777102351189
278 240 0.0008460968383587897
278 320 0.0016395354177802801
278 400 0.0034925383515655994
279 0 0.0026951045729219913
279 80 0.0025219139643013477
279 160 0.0015602072235196829
279 240 0.0011472892947494984
279 320 0.0012796500232070684
279 400 0.001650149584747851
280 0 0.0022155200131237507
280 80 0.0013991139130666852
280 160 0.0023889760486781597
280 240 0.0024088893551379442
280 320 0.0013128353748470545
280 400 0.0009114413987845182
281 0 0.0016906087985262275
281 80 0.002080278005450964
281 160 0.0017615003744140267
281 240 0.0021756552159786224
281 320 0.0022277054376900196
281 400 0.0013514269376173615
282 0 0.001715443329885602
282 80 0.0015724103432148695
282 160 0.002172351349145174
282 240 0.0011711702682077885
282 320 0.0013630292378365993
282 400 0.0015287981368601322
283 0 0.002505480544641614
283 80 0.0016665552975609899
283 160 0.001111278310418129
283 240 0.0027681193314492702
283 320 0.002735080663114786
283 400 0.0012878241250291467
284 0 0.0009884334867820144
284 80 0.001355693326331675
284 160 0.001208302448503673
284 240 0.0016487814718857408
284 320 0.0010491270804777741
284 400 0.0023714571725577116
285 0 0.0010199743555858731
285 80 0.0024484486784785986
285 160 0.0016726746689528227
285 240 0.0023687926586717367
285 320 0.003045146819204092
285 400 0.0013608122244477272
286 0 0.001132917939685285
286 80 0.001876347349025309
286 160 0.001351009588688612
286 240 0.0013236113591119647
286 320 0.0011458779918029904
286 400 0.001328073674812913
287 0 0.0014971758937463164
287 80 0.001422649947926402
287 160 0.0025144307874143124
287 240 0.0019781526643782854
287 320 0.0021757553331553936
287 400 0.0025775546673685312
288 0 0.001518120407126844
288 80 0.001703000976704061
288 160 0.001311562955379486
288 240 0.0019600761588662863
288 320 0.001828222768381238
288 400 0.0022491985000669956
289 0 0.0016571541782468557
289 80 0.002371368231251836
289 160 0.001951271085999906
289 240 0.0011454041814431548
289 320 0.000884807261172682
289 400 0.0022638069931417704
290 0 0.001806536572985351
290 80 0.0024669193662703037
290 160 0.0024226985406130552
290 240 0.0010842614574357867
290 320 0.002914374228566885
290 400 0.0017796715255826712
291 0 0.001834160997532308
291 80 0.0018333871848881245
291 160 0.0013670341577380896
291 240 0.001831177854910493
291 320 0.0015102294273674488
291 400 0.0016429661773145199
292 0 0.0018319216324016452
292 80 0.0022557368502020836
292 160 0.0013100493233650923
292 240 0.0017749202670529485
292 320 0.001300371834076941
292 400 0.003238979959860444
293 0 0.0019026979571208358
293 80 0.002142922021448612
293 160 0.0016712481155991554
293 240 0.0015737065114080906
293 320 0.0011593602830544114
293 400 0.0023710806854069233
294 0 0.0012597766472026706
294 80 0.0017011261079460382
294 160 0.0007708750781603158
294 240 0.0019405563361942768
294 320 0.002454216592013836
294 400 0.0024305135011672974
295 0 0.001842459081672132
295 80 0.001233222777955234
295 160 0.001594478264451027
295 240 0.0025910267140716314
295 320 0.0012582290219143033
295 400 0.003286036429926753
296 0 0.003492765361443162
296 80 0.0011855227639898658
296 160 0.0017042914405465126
296 240 0.0012396899983286858
296 320 0.002522284397855401
296 400 0.0018221529899165034
297 0 0.0011916665825992823
297 80 0.0022141311783343554
297 160 0.0016557187773287296
297 240 0.0017552552744746208
297 320 0.0012753763003274798
297 400 0.0013539990177378058
298 0 0.0018235116731375456
298 80 0.0013789371587336063
298 160 0.0006064309854991734
298 240 0.0031864296179264784
298 320 0.0016190757742151618
298 400 0.002290471689775586
299 0 0.0031457149889320135
299 80 0.0019029485993087292
299 160 0.0013426824007183313
299 240 0.002184868324548006
299 320 0.002052116673439741
299 400 0.0016308497870340943
300 0 0.002459767507389188
300 80 0.0015586738009005785
300 160 0.0012422171421349049
300 240 0.0020229024812579155
300 320 0.001267440035007894
300 400 0.0019765710458159447
