1 0.4563978880262578 0.86885
2 0.2530698188141719 0.9280666666666667
3 0.2092912643989012 0.9410833333333334
4 0.18231142941377818 0.9491666666666667
5 0.16322183541492866 0.95485
6 0.1482982311262759 0.9594
7 0.13623942279103976 0.96285
8 0.12615552089457063 0.9661
9 0.11771465462249225 0.96855
10 0.11037874241659382 0.9705666666666667
11 0.1040085351734019 0.9724333333333334
12 0.09840239972861083 0.97385
13 0.09332023692458297 0.9751333333333333
14 0.08875344781034282 0.9768333333333333
15 0.08457484955726656 0.9780166666666666
16 0.0807658552623062 0.979
17 0.07731908880301248 0.9798333333333333
18 0.07417051529865275 0.9810333333333333
19 0.07117664162665288 0.9818166666666667
20 0.06846113928528165 0.9826833333333334
21 0.0657791289677625 0.98295
22 0.06341280508985016 0.9839166666666667
23 0.061140224244246984 0.9844833333333334
24 0.059047923798658954 0.9853666666666666
25 0.057076815333066466 0.9859166666666667
26 0.05516951306383493 0.9862833333333333
27 0.0534130032978523 0.9866
28 0.05169684584858194 0.98725
29 0.05006549990118376 0.98785
30 0.04856858954135416 0.98825
31 0.04706350314035726 0.9884166666666667
32 0.04571358832731239 0.98905
33 0.04437118575675909 0.9894666666666667
34 0.04311412604235764 0.9898
35 0.04186613047356481 0.99025
36 0.040719570772750166 0.9906833333333334
37 0.039608529606051664 0.9909833333333333
38 0.038540247392886355 0.9912
39 0.037497623676636706 0.9913
40 0.036532175272448994 0.9920333333333333
41 0.03559007487301506 0.9921666666666666
42 0.03465337873196234 0.9923666666666666
43 0.03375940156310225 0.9928166666666667
44 0.03296334505664991 0.9929333333333333
45 0.032098486145803413 0.99325
46 0.031236608701347035 0.9936
47 0.0305759356801968 0.9937333333333334
48 0.02978309566206706 0.9941833333333333
49 0.02910016275255252 0.9944333333333333
50 0.028417953908610256 0.9944166666666666
51 0.027786240579365795 0.9946666666666667
52 0.027127477411887667 0.99505
53 0.026529813170440987 0.9950833333333333
54 0.025875222942690606 0.9953833333333333
55 0.025321712714435257 0.9954666666666667
56 0.024754781135991374 0.9957
57 0.024198003924453756 0.9959333333333333
58 0.02376860840273882 0.99605
59 0.02322351213679639 0.9962166666666666
60 0.022698675066844295 0.9964333333333333
61 0.02220161360051078 0.9963
62 0.021763884498159896 0.9965166666666667
63 0.02134904990306319 0.9967833333333334
64 0.020876870526354323 0.9968166666666667
65 0.020452881442891285 0.9970666666666667
66 0.02003133017470492 0.9971333333333333
67 0.019636764334065956 0.9971833333333333
68 0.019284592070646568 0.9974166666666666
69 0.01889599269545917 0.9975333333333334
70 0.01852456331878567 0.9975666666666667
71 0.018181579429775413 0.9978166666666667
72 0.0178143751488796 0.9978
73 0.017511923699133368 0.99775
74 0.01720487448110827 0.99795
75 0.016858252524924493 0.9982
76 0.016531487229838174 0.9981166666666667
77 0.016210374078338047 0.9982666666666666
78 0.015927338875385364 0.9983166666666666
79 0.015643939419564153 0.99835
80 0.015396311028258823 0.9984
81 0.015122421512773423 0.9985333333333334
82 0.014836828217410775 0.9986
83 0.0145987997845268 0.9986
84 0.01437941024195093 0.9986
85 0.014130659202840536 0.9987333333333334
86 0.013856564724901274 0.9986833333333334
87 0.013647810946196826 0.9987
88 0.01342903494116054 0.99875
89 0.013182638855432588 0.99875
90 0.012982033255166496 0.9987833333333334
91 0.012770461748097973 0.9989833333333333
92 0.012559783180802267 0.9989333333333333
93 0.012359392442512137 0.9989666666666667
94 0.012153147847385708 0.9988666666666667
95 0.011977902336566369 0.99905
96 0.011775242310188123 0.9990333333333333
97 0.011614420982911738 0.9991
98 0.011429584911291693 0.9990666666666667
99 0.011268735303283373 0.9991666666666666
100 0.011090259051828115 0.9992333333333333
101 0.01092661118436692 0.9992
102 0.010771991917863488 0.9993166666666666
103 0.010592127335506048 0.99925
104 0.010455655696581422 0.9992666666666666
105 0.01031941200531066 0.9993333333333333
106 0.010152583983518294 0.9993666666666666
107 0.010028144982117198 0.9994166666666666
108 0.009879294758054939 0.9993666666666666
109 0.009730141376083625 0.9995166666666667
110 0.009611770873075165 0.99945
111 0.009488956841415784 0.99955
112 0.009343800030207869 0.99945
113 0.009209548620614353 0.9995833333333334
114 0.009113198025092514 0.9995333333333334
115 0.008973529934188101 0.9995666666666667
116 0.00885031952474044 0.9996
117 0.008742462772417314 0.9996166666666667
118 0.008622980175682827 0.9996
119 0.008523038463609448 0.9996666666666667
120 0.00843132042419364 0.99965
121 0.00831371262746015 0.9996166666666667
122 0.008193884906706526 0.9996833333333334
123 0.008106754519847601 0.9996333333333334
124 0.007994735612968868 0.9996833333333334
125 0.007896568615988357 0.9996666666666667
126 0.007814021419678161 0.9996666666666667
127 0.007713728854412845 0.9997166666666667
128 0.007607090150141147 0.9997333333333334
129 0.007521324594920156 0.9997333333333334
130 0.00744342465630806 0.9997333333333334
131 0.007348501492343318 0.9997333333333334
132 0.007275316054309243 0.99975
133 0.007188231048575327 0.9997833333333334
134 0.007099198571382475 0.99975
135 0.007015814541775519 0.9997833333333334
136 0.006937293167998478 0.9997333333333334
137 0.0068738925651009725 0.9997833333333334
138 0.0067974356398272364 0.9998166666666667
139 0.006720565848483412 0.9997833333333334
140 0.0066436033175666445 0.9998333333333334
141 0.0065700409706554875 0.9998
142 0.0065062041866031095 0.9998166666666667
143 0.006427473016530037 0.9998
144 0.006362997414941377 0.99985
145 0.006296030184162705 0.99985
146 0.006228105174993147 0.99985
147 0.0061633097328571305 0.9998333333333334
148 0.006101888797825763 0.99985
149 0.0060304020896855826 0.9998833333333333
150 0.0059640064199111545 0.9999
151 0.005919126537578828 0.9998833333333333
152 0.005851645527014346 0.9998666666666667
153 0.0057926001007368826 0.9998666666666667
154 0.0057370621663357406 0.9998833333333333
155 0.005675416414949622 0.9998833333333333
156 0.005618137379697185 0.9999
157 0.005571110597399594 0.9999
158 0.005523870908853802 0.9998833333333333
159 0.005466791357336713 0.9999
160 0.005415642983280122 0.9999333333333333
161 0.005352978651691824 0.9998833333333333
162 0.005316372013845439 0.9999166666666667
163 0.005259570461868652 0.9999333333333333
164 0.005201521793009042 0.9999333333333333
165 0.005158478761020341 0.9999333333333333
166 0.005116763542582994 0.9999166666666667
167 0.005073928104183361 0.9999166666666667
168 0.005019669848700751 0.9999333333333333
169 0.004978511797965193 0.99995
170 0.0049355618575258236 0.9999333333333333
171 0.004892142355761755 0.9999333333333333
172 0.004851779337651702 0.9999333333333333
173 0.004806362630884801 0.99995
174 0.004763265556868301 0.9999333333333333
175 0.00471935771839586 0.99995
176 0.004676737653306012 0.9999333333333333
177 0.0046412724805975965 0.9999666666666667
178 0.004600601599190329 0.9999666666666667
179 0.004566544431077043 0.99995
180 0.004523213074079899 0.99995
181 0.004490534067655335 0.9999833333333333
182 0.00445112544705154 0.9999666666666667
183 0.004410835925235486 1.0
184 0.004376381550029889 0.9999666666666667
185 0.0043457480346553645 0.9999833333333333
186 0.004306100561086938 0.9999833333333333
187 0.004272541713971359 0.9999666666666667
188 0.004239913678593012 1.0
189 0.004207614978064479 1.0
190 0.004173204098254252 1.0
191 0.004141378409188511 1.0
192 0.004107181509055181 1.0
193 0.004080705455507336 1.0
194 0.004045630125318969 0.9999833333333333
195 0.004015780738127956 1.0
196 0.003984032458301061 1.0
197 0.00395672234916575 1.0
198 0.0039272702766705485 1.0
199 0.003896334375724443 1.0
200 0.003863354497996252 1.0
201 0.003838352520695961 1.0
202 0.003809888678010124 1.0
203 0.0037766277488730134 1.0
204 0.003759633081886711 1.0
205 0.0037250801680613556 1.0
206 0.0036965359445673223 1.0
207 0.003677992365766825 1.0
208 0.003645391947379324 1.0
209 0.003622999345548133 1.0
210 0.0035962066501438587 1.0
211 0.0035741225365044944 1.0
212 0.003545944848388775 1.0
213 0.003523003815093449 1.0
214 0.003495286784888402 1.0
215 0.003472778655371186 1.0
216 0.0034511663520565704 1.0
217 0.00342656544763158 1.0
218 0.0034024146976751653 1.0
219 0.0033832939118514263 1.0
220 0.003359954557326962 1.0
221 0.0033355155181058293 1.0
222 0.0033143879807264265 1.0
223 0.0032910626326530757 1.0
224 0.0032729152426210994 1.0
225 0.003252048458497443 1.0
226 0.003232297924176446 1.0
227 0.0032101556767217083 1.0
228 0.0031892260290068714 1.0
229 0.003170057831243721 1.0
230 0.003149343347464845 1.0
231 0.0031279981772262436 1.0
232 0.0031075456662715147 1.0
233 0.0030922771158215126 1.0
234 0.003071537546278325 1.0
235 0.0030510628805446153 1.0
236 0.0030334931150424295 1.0
237 0.0030141494566771282 1.0
238 0.0029965572004297825 1.0
239 0.002977525506705753 1.0
240 0.0029601300860554584 1.0
241 0.002942106158319694 1.0
242 0.002922756732307446 1.0
243 0.0029070632133100715 1.0
244 0.0028882960220232906 1.0
245 0.002872873138242177 1.0
246 0.0028549106871045985 1.0
247 0.002841095368229925 1.0
248 0.002820497587832537 1.0
249 0.002806823517976285 1.0
250 0.002785118079673785 1.0
251 0.0027728834033592235 1.0
252 0.0027575039980944987 1.0
253 0.002744141663772179 1.0
254 0.00272578359862019 1.0
255 0.0027116482305069413 1.0
256 0.0026942789928167503 1.0
257 0.0026806824565577163 1.0
258 0.0026657250969221932 1.0
259 0.002653688300095165 1.0
260 0.0026366574598400833 1.0
261 0.002621662195971502 1.0
262 0.002608852375964962 1.0
263 0.002595151163963303 1.0
264 0.0025798056266212992 1.0
265 0.002566574788121169 1.0
266 0.0025509931241422257 1.0
267 0.0025394107016530245 1.0
268 0.002522559322939038 1.0
269 0.0025119837491399746 1.0
270 0.002497605039432311 1.0
271 0.0024844656863720464 1.0
272 0.0024718264678070174 1.0
273 0.002458054520900169 1.0
274 0.0024485484318885167 1.0
275 0.0024340998104052133 1.0
276 0.002418719093327218 1.0
277 0.002410392281286585 1.0
278 0.0023960753876183715 1.0
279 0.0023834979952698245 1.0
280 0.0023720423855544772 1.0
281 0.0023599816496168245 1.0
282 0.0023482852923333336 1.0
283 0.002333708393669475 1.0
284 0.002323938760537106 1.0
285 0.0023126342620671805 1.0
286 0.0023020585030337163 1.0
287 0.0022901277834011403 1.0
288 0.0022788246093726934 1.0
289 0.00226632865022437 1.0
290 0.0022562182926536122 1.0
291 0.0022441196839448245 1.0
292 0.0022343023471521344 1.0
293 0.0022227550963007372 1.0
294 0.0022135715290500933 1.0
295 0.002202541934503024 1.0
296 0.0021911434383555524 1.0
297 0.002180097747652698 1.0
298 0.002171845280012783 1.0
299 0.0021607882106430463 1.0
300 0.0021514875190292815 1.0
9999 0.002122946083545685 1.0
