1 0 2.867751359939575
1 80 0.46017685532569885
1 160 0.4355934262275696
1 240 0.34630846977233887
1 320 0.26379162073135376
1 400 0.21296566724777222
2 0 0.34044399857521057
2 80 0.20505858957767487
2 160 0.22747044265270233
2 240 0.23785336315631866
2 320 0.3152574598789215
2 400 0.19992263615131378
3 0 0.25119414925575256
3 80 0.1825019121170044
3 160 0.22661882638931274
3 240 0.12551338970661163
3 320 0.14051024615764618
3 400 0.15909406542778015
4 0 0.12340674549341202
4 80 0.18513421714305878
4 160 0.15320758521556854
4 240 0.2117009460926056
4 320 0.2943102717399597
4 400 0.1268010139465332
5 0 0.3222689926624298
5 80 0.13038036227226257
5 160 0.2106894701719284
5 240 0.0658532902598381
5 320 0.185348778963089
5 400 0.19071976840496063
6 0 0.22525733709335327
6 80 0.11164050549268723
6 160 0.09776605665683746
6 240 0.14839698374271393
6 320 0.16009913384914398
6 400 0.16784487664699554
7 0 0.14681470394134521
7 80 0.18842965364456177
7 160 0.10123220831155777
7 240 0.13459409773349762
7 320 0.1323513388633728
7 400 0.09794680774211884
8 0 0.1394031047821045
8 80 0.10858844965696335
8 160 0.06074204668402672
8 240 0.1424633115530014
8 320 0.15907055139541626
8 400 0.16911745071411133
9 0 0.09204908460378647
9 80 0.08961153775453568
9 160 0.12307066470384598
9 240 0.14584429562091827
9 320 0.12878163158893585
9 400 0.07265274226665497
10 0 0.049264878034591675
10 80 0.07997183501720428
10 160 0.12874896824359894
10 240 0.2670823335647583
10 320 0.11788283288478851
10 400 0.1792449951171875
11 0 0.15207725763320923
11 80 0.0785427987575531
11 160 0.23428605496883392
11 240 0.048247821629047394
11 320 0.10813194513320923
11 400 0.0904831737279892
12 0 0.0458841547369957
12 80 0.05821452662348747
12 160 0.09162425249814987
12 240 0.13120922446250916
12 320 0.09101195633411407
12 400 0.07331328094005585
13 0 0.11900342255830765
13 80 0.06103198230266571
13 160 0.06026153638958931
13 240 0.11410386115312576
13 320 0.14407895505428314
13 400 0.06520970165729523
14 0 0.10217517614364624
14 80 0.0756697878241539
14 160 0.09159213304519653
14 240 0.09521962702274323
14 320 0.06813699752092361
14 400 0.15663456916809082
15 0 0.03818027675151825
15 80 0.08157360553741455
15 160 0.055087439715862274
15 240 0.07208411395549774
15 320 0.09628389030694962
15 400 0.07011391967535019
16 0 0.028863904997706413
16 80 0.07663491368293762
16 160 0.07270173728466034
16 240 0.05855811759829521
16 320 0.04536023736000061
16 400 0.08905935287475586
17 0 0.025530146434903145
17 80 0.04511619359254837
17 160 0.09363950788974762
17 240 0.047328341752290726
17 320 0.04570089280605316
17 400 0.09306276589632034
18 0 0.06143490970134735
18 80 0.022314617410302162
18 160 0.06997431814670563
18 240 0.08937380462884903
18 320 0.048945002257823944
18 400 0.09457959234714508
19 0 0.06546596437692642
19 80 0.05244951695203781
19 160 0.04112103581428528
19 240 0.04433271288871765
19 320 0.04926527291536331
19 400 0.07651662826538086
20 0 0.07318705320358276
20 80 0.09137438237667084
20 160 0.05438251420855522
20 240 0.06355442106723785
20 320 0.08902458101511002
20 400 0.04620613902807236
21 0 0.05964091047644615
21 80 0.12348966300487518
21 160 0.04371613636612892
21 240 0.0872022807598114
21 320 0.06324298679828644
21 400 0.11302510648965836
22 0 0.03502185270190239
22 80 0.06742506474256516
22 160 0.05099998041987419
22 240 0.07726985961198807
22 320 0.09035654366016388
22 400 0.10083141922950745
23 0 0.0338020958006382
23 80 0.09518496692180634
23 160 0.05493272840976715
23 240 0.05775417760014534
23 320 0.047882214188575745
23 400 0.06423386186361313
24 0 0.047479432076215744
24 80 0.06414248049259186
24 160 0.02946390211582184
24 240 0.08019370585680008
24 320 0.02897067740559578
24 400 0.05424273759126663
25 0 0.04160580411553383
25 80 0.04001539945602417
25 160 0.065365269780159
25 240 0.0632496252655983
25 320 0.07871683686971664
25 400 0.06337399035692215
26 0 0.031323086470365524
26 80 0.026779143139719963
26 160 0.0345110259950161
26 240 0.06793926656246185
26 320 0.06004471331834793
26 400 0.05309866741299629
27 0 0.03274604678153992
27 80 0.10039114952087402
27 160 0.059156570583581924
27 240 0.04828840494155884
27 320 0.045964378863573074
27 400 0.06173717975616455
28 0 0.03262662515044212
28 80 0.05536931753158569
28 160 0.05241512507200241
28 240 0.024408334866166115
28 320 0.04121720790863037
28 400 0.01904032565653324
29 0 0.07959098368883133
29 80 0.06802760809659958
29 160 0.030428534373641014
29 240 0.04738477244973183
29 320 0.06579805910587311
29 400 0.026157179847359657
30 0 0.05789054557681084
30 80 0.03198906034231186
30 160 0.08424100279808044
30 240 0.06541867554187775
30 320 0.03740514814853668
30 400 0.019468093290925026
31 0 0.05049380287528038
31 80 0.05952939763665199
31 160 0.06532274186611176
31 240 0.10518723726272583
31 320 0.03967837244272232
31 400 0.02671232633292675
32 0 0.02996164746582508
32 80 0.11273326724767685
32 160 0.019586848095059395
32 240 0.08011309802532196
32 320 0.025534098967909813
32 400 0.06159880384802818
33 0 0.05193006992340088
33 80 0.055602461099624634
33 160 0.025012986734509468
33 240 0.02935454249382019
33 320 0.02993180602788925
33 400 0.0911664068698883
34 0 0.04337429627776146
34 80 0.07475008070468903
34 160 0.033137816935777664
34 240 0.04056908190250397
34 320 0.046004414558410645
34 400 0.093503937125206
35 0 0.025526702404022217
35 80 0.047663409262895584
35 160 0.03143304958939552
35 240 0.027089571580290794
35 320 0.08172177523374557
35 400 0.04232342541217804
36 0 0.045265208929777145
36 80 0.03712372109293938
36 160 0.023576093837618828
36 240 0.04469550400972366
36 320 0.05189021676778793
36 400 0.032310593873262405
37 0 0.028164105489850044
37 80 0.06833557784557343
37 160 0.02728952094912529
37 240 0.025624241679906845
37 320 0.05265744775533676
37 400 0.019682172685861588
38 0 0.026412278413772583
38 80 0.02903008833527565
38 160 0.03538382053375244
38 240 0.04586127772927284
38 320 0.029505927115678787
38 400 0.021681368350982666
39 0 0.036092307418584824
39 80 0.04621339216828346
39 160 0.03948315978050232
39 240 0.03699430078268051
39 320 0.012500641867518425
39 400 0.07102251797914505
40 0 0.01605089195072651
40 80 0.023429203778505325
40 160 0.028502240777015686
40 240 0.042272720485925674
40 320 0.019795605912804604
40 400 0.03064114600419998
41 0 0.02306772582232952
41 80 0.016729790717363358
41 160 0.044362615793943405
41 240 0.03473754599690437
41 320 0.03308309242129326
41 400 0.011254648678004742
42 0 0.019939320161938667
42 80 0.027299655601382256
42 160 0.021592022851109505
42 240 0.030709998682141304
42 320 0.03126901388168335
42 400 0.05750943720340729
43 0 0.013216701336205006
43 80 0.05582685396075249
43 160 0.0620981901884079
43 240 0.015055013820528984
43 320 0.04281270131468773
43 400 0.0195684302598238
44 0 0.02698974311351776
44 80 0.05731227993965149
44 160 0.038130924105644226
44 240 0.021375363692641258
44 320 0.0392998568713665
44 400 0.03260522335767746
45 0 0.03420088067650795
45 80 0.03647531941533089
45 160 0.022791031748056412
45 240 0.034352123737335205
45 320 0.028583651408553123
45 400 0.021397041156888008
46 0 0.06121654435992241
46 80 0.017030658200383186
46 160 0.042321305721998215
46 240 0.029054315760731697
46 320 0.011835295706987381
46 400 0.044833265244960785
47 0 0.025089358910918236
47 80 0.019730379804968834
47 160 0.022533675655722618
47 240 0.051139991730451584
47 320 0.04204455018043518
47 400 0.030408503487706184
48 0 0.036159589886665344
48 80 0.04032394289970398
48 160 0.03458816558122635
48 240 0.030534163117408752
48 320 0.03590446338057518
48 400 0.04804787412285805
49 0 0.02726842276751995
49 80 0.044084541499614716
49 160 0.031026365235447884
49 240 0.036186303943395615
49 320 0.016034811735153198
49 400 0.02569339983165264
50 0 0.05309471860527992
50 80 0.03511651232838631
50 160 0.01603749766945839
50 240 0.029937023296952248
50 320 0.02415049634873867
50 400 0.0218486525118351
51 0 0.012251789681613445
51 80 0.05697191506624222
51 160 0.018748711794614792
51 240 0.01389301661401987
51 320 0.019429806619882584
51 400 0.03244088590145111
52 0 0.050097089260816574
52 80 0.011891353875398636
52 160 0.021295668557286263
52 240 0.013624265789985657
52 320 0.021427271887660027
52 400 0.019074397161602974
53 0 0.02361069805920124
53 80 0.06883852183818817
53 160 0.020539751276373863
53 240 0.027162304148077965
53 320 0.017744481563568115
53 400 0.013816846534609795
54 0 0.019957637414336205
54 80 0.023281574249267578
54 160 0.014836487360298634
54 240 0.018359260633587837
54 320 0.03387540206313133
54 400 0.022215014323592186
55 0 0.02060123160481453
55 80 0.03835812956094742
55 160 0.03528962284326553
55 240 0.028553111478686333
55 320 0.030404746532440186
55 400 0.020147036761045456
56 0 0.02699572592973709
56 80 0.031200168654322624
56 160 0.009958402253687382
56 240 0.023949097841978073
56 320 0.03153742849826813
56 400 0.024234147742390633
57 0 0.017736783251166344
57 80 0.012500912882387638
57 160 0.013225589878857136
57 240 0.03066493384540081
57 320 0.018007459118962288
57 400 0.03964414820075035
58 0 0.050606612116098404
58 80 0.012658500112593174
58 160 0.020186331123113632
58 240 0.027616022154688835
58 320 0.03538289666175842
58 400 0.03195452317595482
59 0 0.024256989359855652
59 80 0.010532940737903118
59 160 0.028192315250635147
59 240 0.01078013889491558
59 320 0.011120677925646305
59 400 0.02674528770148754
60 0 0.017832621932029724
60 80 0.016373619437217712
60 160 0.03618059307336807
60 240 0.01151820458471775
60 320 0.0315464586019516
60 400 0.013851996511220932
61 0 0.02564649097621441
61 80 0.02477634884417057
61 160 0.01737784780561924
61 240 0.01536421850323677
61 320 0.021272560581564903
61 400 0.02840896137058735
62 0 0.01629352755844593
62 80 0.012396308593451977
62 160 0.0080031743273139
62 240 0.007778152357786894
62 320 0.019913306459784508
62 400 0.01515444926917553
63 0 0.02483101561665535
63 80 0.025850022211670876
63 160 0.007924187928438187
63 240 0.020154189318418503
63 320 0.02066216617822647
63 400 0.04251410439610481
64 0 0.022318676114082336
64 80 0.010937153361737728
64 160 0.016802987083792686
64 240 0.0193647351115942
64 320 0.020587796345353127
64 400 0.013249862007796764
65 0 0.019778672605752945
65 80 0.0229299608618021
65 160 0.0223829485476017
65 240 0.015482801012694836
65 320 0.01779971830546856
65 400 0.024814758449792862
66 0 0.05104698985815048
66 80 0.023765645921230316
66 160 0.02461165189743042
66 240 0.01300465501844883
66 320 0.014881758019328117
66 400 0.017666561529040337
67 0 0.024843523278832436
67 80 0.02796114608645439
67 160 0.020542219281196594
67 240 0.015868673101067543
67 320 0.030833639204502106
67 400 0.01899741031229496
68 0 0.01631813868880272
68 80 0.012618870474398136
68 160 0.015236160717904568
68 240 0.02750505320727825
68 320 0.014109039679169655
68 400 0.011357258073985577
69 0 0.01680072769522667
69 80 0.01623569056391716
69 160 0.01145908422768116
69 240 0.04830086603760719
69 320 0.009337836876511574
69 400 0.01332890521734953
70 0 0.018973328173160553
70 80 0.02675480768084526
70 160 0.02403171733021736
70 240 0.008564980700612068
70 320 0.016565706580877304
70 400 0.022811008617281914
71 0 0.010264839977025986
71 80 0.006972459610551596
71 160 0.008588259108364582
71 240 0.019576068967580795
71 320 0.014407417736947536
71 400 0.01635424606502056
72 0 0.006166907958686352
72 80 0.011203360743820667
72 160 0.018984457477927208
72 240 0.01687338389456272
72 320 0.02622085250914097
72 400 0.028946995735168457
73 0 0.018034357577562332
73 80 0.016342613846063614
73 160 0.01595574989914894
73 240 0.020948557183146477
73 320 0.013217078521847725
73 400 0.022134872153401375
74 0 0.0133169274777174
74 80 0.018391640856862068
74 160 0.006874120328575373
74 240 0.020220430567860603
74 320 0.003970431163907051
74 400 0.01591668091714382
75 0 0.010136072523891926
75 80 0.021169845014810562
75 160 0.02994702011346817
75 240 0.02784578502178192
75 320 0.012668916955590248
75 400 0.02284560538828373
76 0 0.0331294983625412
76 80 0.010317237116396427
76 160 0.01593007892370224
76 240 0.007010842673480511
76 320 0.01573970355093479
76 400 0.028072260320186615
77 0 0.011611483991146088
77 80 0.012684006243944168
77 160 0.01669713668525219
77 240 0.005623259581625462
77 320 0.0100535424426198
77 400 0.01396906841546297
78 0 0.011034442111849785
78 80 0.021121863275766373
78 160 0.017149463295936584
78 240 0.013528553768992424
78 320 0.03489650413393974
78 400 0.009128924459218979
79 0 0.019793249666690826
79 80 0.02056996524333954
79 160 0.005399595480412245
79 240 0.014741047285497189
79 320 0.013291553594172001
79 400 0.011327879503369331
80 0 0.008961660787463188
80 80 0.009202085435390472
80 160 0.012835451401770115
80 240 0.008396314457058907
80 320 0.018485426902770996
80 400 0.012250961735844612
81 0 0.024819349870085716
81 80 0.037384193390607834
81 160 0.010371703654527664
81 240 0.0071202474646270275
81 320 0.018970469012856483
81 400 0.013224061578512192
82 0 0.01646830141544342
82 80 0.013797755353152752
82 160 0.008646814152598381
82 240 0.007903540506958961
82 320 0.020886022597551346
82 400 0.027021415531635284
83 0 0.009623348712921143
83 80 0.0031861362513154745
83 160 0.02554553933441639
83 240 0.009989727288484573
83 320 0.008933885022997856
83 400 0.014815337024629116
84 0 0.01191748771816492
84 80 0.01508640218526125
84 160 0.031132740899920464
84 240 0.018693581223487854
84 320 0.012981935404241085
84 400 0.0240663792937994
85 0 0.01475249882787466
85 80 0.010243810713291168
85 160 0.015515896491706371
85 240 0.015585413202643394
85 320 0.011514058336615562
85 400 0.01518157310783863
86 0 0.009588060900568962
86 80 0.008630669675767422
86 160 0.007987645454704762
86 240 0.018238188698887825
86 320 0.01185909565538168
86 400 0.018509887158870697
87 0 0.012540826573967934
87 80 0.006518061272799969
87 160 0.02881115861237049
87 240 0.009594164788722992
87 320 0.0050504920072853565
87 400 0.012453103438019753
88 0 0.010789663530886173
88 80 0.004651043564081192
88 160 0.0125169912353158
88 240 0.009020029567182064
88 320 0.005027092527598143
88 400 0.016080209985375404
89 0 0.010767846368253231
89 80 0.009323569014668465
89 160 0.016638871282339096
89 240 0.011327524669468403
89 320 0.011552018113434315
89 400 0.028223233297467232
90 0 0.013148903846740723
90 80 0.012707957997918129
90 160 0.008942106738686562
90 240 0.013261797837913036
90 320 0.010275915265083313
90 400 0.016519105061888695
91 0 0.01778266951441765
91 80 0.01468722801655531
91 160 0.009603288024663925
91 240 0.007246263790875673
91 320 0.01834264025092125
91 400 0.012907843105494976
92 0 0.010637029074132442
92 80 0.009734604507684708
92 160 0.016737693920731544
92 240 0.01246036309748888
92 320 0.009542807936668396
92 400 0.012233474291861057
93 0 0.015188082121312618
93 80 0.005828317254781723
93 160 0.013130011036992073
93 240 0.011221813037991524
93 320 0.014417441561818123
93 400 0.01673448644578457
94 0 0.02043929137289524
94 80 0.02980969287455082
94 160 0.005602394230663776
94 240 0.01627960056066513
94 320 0.020501526072621346
94 400 0.005866275634616613
95 0 0.03239196538925171
95 80 0.013087986037135124
95 160 0.009441519156098366
95 240 0.014806815423071384
95 320 0.011432437226176262
95 400 0.011063258163630962
96 0 0.008770315907895565
96 80 0.021942809224128723
96 160 0.0057593719102442265
96 240 0.01333326194435358
96 320 0.006725636776536703
96 400 0.008796228095889091
97 0 0.009068094193935394
97 80 0.00850299745798111
97 160 0.011339113116264343
97 240 0.01063560415059328
97 320 0.006521712057292461
97 400 0.012900234200060368
98 0 0.012079606764018536
98 80 0.013505500741302967
98 160 0.023529764264822006
98 240 0.006014198996126652
98 320 0.014454076997935772
98 400 0.01311294361948967
99 0 0.022378413006663322
99 80 0.01427669171243906
99 160 0.008444220758974552
99 240 0.018187422305345535
99 320 0.010173804126679897
99 400 0.010326772928237915
100 0 0.004906150978058577
100 80 0.026427678763866425
100 160 0.015540347434580326
100 240 0.00892709568142891
100 320 0.019783616065979004
100 400 0.015088850632309914
101 0 0.006582916248589754
101 80 0.006491534411907196
101 160 0.015840597450733185
101 240 0.0079759880900383
101 320 0.01636146381497383
101 400 0.009820658713579178
102 0 0.007519785314798355
102 80 0.011593247763812542
102 160 0.025719961151480675
102 240 0.029693014919757843
102 320 0.018759705126285553
102 400 0.007622226607054472
103 0 0.008647495880723
103 80 0.02044329047203064
103 160 0.018876921385526657
103 240 0.01039944775402546
103 320 0.012538563460111618
103 400 0.010860119946300983
104 0 0.008131077513098717
104 80 0.007499334868043661
104 160 0.012329337187111378
104 240 0.011400814168155193
104 320 0.012295844964683056
104 400 0.013664240017533302
105 0 0.009472648613154888
105 80 0.008055223152041435
105 160 0.006704112980514765
105 240 0.012776431627571583
105 320 0.014285637997090816
105 400 0.010006558150053024
106 0 0.00572495860978961
106 80 0.010426179505884647
106 160 0.011407927609980106
106 240 0.010539785958826542
106 320 0.00521884486079216
106 400 0.009946577250957489
107 0 0.021832607686519623
107 80 0.004015980288386345
107 160 0.009829199872910976
107 240 0.008688514120876789
107 320 0.0068323262967169285
107 400 0.009592565707862377
108 0 0.016501208767294884
108 80 0.016706889495253563
108 160 0.008169103413820267
108 240 0.011110595427453518
108 320 0.00848616287112236
108 400 0.008841299451887608
109 0 0.010875764302909374
109 80 0.008509322069585323
109 160 0.006182320881634951
109 240 0.007105539087206125
109 320 0.008499197661876678
109 400 0.015982164070010185
110 0 0.01552162878215313
110 80 0.0065414621494710445
110 160 0.003016345202922821
110 240 0.010469422675669193
110 320 0.009204583242535591
110 400 0.00630750460550189
111 0 0.022723382338881493
111 80 0.012115969322621822
111 160 0.007455728016793728
111 240 0.004531890153884888
111 320 0.013354422524571419
111 400 0.011947322636842728
112 0 0.0099776117131114
112 80 0.00759502500295639
112 160 0.006983512546867132
112 240 0.007390235085040331
112 320 0.010602605529129505
112 400 0.018935827538371086
113 0 0.00926447194069624
113 80 0.013553262688219547
113 160 0.00989452376961708
113 240 0.006735488306730986
113 320 0.010939505882561207
113 400 0.05708156153559685
114 0 0.00874420814216137
114 80 0.0056995549239218235
114 160 0.0076663913205266
114 240 0.004545604810118675
114 320 0.0065307398326694965
114 400 0.008519412949681282
115 0 0.012351524084806442
115 80 0.006838663946837187
115 160 0.006914017256349325
115 240 0.008100392296910286
115 320 0.00430125929415226
115 400 0.011566447094082832
116 0 0.006329206749796867
116 80 0.0069564152508974075
116 160 0.009581461548805237
116 240 0.009810212068259716
116 320 0.009983197785913944
116 400 0.008773584850132465
117 0 0.0054041557013988495
117 80 0.008185616694390774
117 160 0.007344877813011408
117 240 0.007770354859530926
117 320 0.007288486696779728
117 400 0.014274748973548412
118 0 0.008522083051502705
118 80 0.0030904512386769056
118 160 0.010495271533727646
118 240 0.005720060784369707
118 320 0.010556241497397423
118 400 0.010770514607429504
119 0 0.007588658947497606
119 80 0.010926521383225918
119 160 0.014781971462070942
119 240 0.020853927358984947
119 320 0.011268695816397667
119 400 0.004155300557613373
120 0 0.007335212081670761
120 80 0.009415196254849434
120 160 0.004851422272622585
120 240 0.01627332903444767
120 320 0.007381455972790718
120 400 0.005714696366339922
121 0 0.0035454281605780125
121 80 0.009054345078766346
121 160 0.005036715883761644
121 240 0.014486401341855526
121 320 0.012353828176856041
121 400 0.008865891955792904
122 0 0.012679971754550934
122 80 0.006379866972565651
122 160 0.007593561429530382
122 240 0.0034269625321030617
122 320 0.0038832873106002808
122 400 0.01469679269939661
123 0 0.009386658668518066
123 80 0.003269998822361231
123 160 0.010075826197862625
123 240 0.006336304359138012
123 320 0.005828948225826025
123 400 0.009047583676874638
124 0 0.0063659632578492165
124 80 0.005225528962910175
124 160 0.006968221161514521
124 240 0.0032338877208530903
124 320 0.008508331142365932
124 400 0.006863631773740053
125 0 0.0027661791536957026
125 80 0.006342126522213221
125 160 0.012675986625254154
125 240 0.011631328612565994
125 320 0.00590191874653101
125 400 0.011834128759801388
126 0 0.0046881819143891335
126 80 0.009569893591105938
126 160 0.008662155829370022
126 240 0.005148005206137896
126 320 0.005373263731598854
126 400 0.008995282463729382
127 0 0.008464395068585873
127 80 0.002548731630668044
127 160 0.006816590204834938
127 240 0.011330856941640377
127 320 0.0029826220124959946
127 400 0.01238363515585661
128 0 0.013773826882243156
128 80 0.020504090934991837
128 160 0.0029341946355998516
128 240 0.009510127827525139
128 320 0.008198999799787998
128 400 0.014483827166259289
129 0 0.016323307529091835
129 80 0.005227386020123959
129 160 0.009321014396846294
129 240 0.0058730109594762325
129 320 0.009088574908673763
129 400 0.0036268425174057484
130 0 0.004359512589871883
130 80 0.008690065704286098
130 160 0.007456623949110508
130 240 0.003417454892769456
130 320 0.008737943135201931
130 400 0.00431458093225956
131 0 0.006893523968756199
131 80 0.002411549910902977
131 160 0.0035183164291083813
131 240 0.007366576232016087
131 320 0.013866367749869823
131 400 0.007405969779938459
132 0 0.0028521029744297266
132 80 0.005922841839492321
132 160 0.00484430231153965
132 240 0.007851913571357727
132 320 0.004171133507043123
132 400 0.007116909604519606
133 0 0.006472427397966385
133 80 0.0047930218279361725
133 160 0.0045032743364572525
133 240 0.00659053772687912
133 320 0.00276894005946815
133 400 0.0029025753028690815
134 0 0.008265418000519276
134 80 0.003600036259740591
134 160 0.012333285063505173
134 240 0.005729291588068008
134 320 0.007288750726729631
134 400 0.010337796062231064
135 0 0.01170322671532631
135 80 0.003977881744503975
135 160 0.005578723736107349
135 240 0.0037570816930383444
135 320 0.004073438700288534
135 400 0.006784910801798105
136 0 0.0074605136178433895
136 80 0.006357474252581596
136 160 0.005614228546619415
136 240 0.005970978178083897
136 320 0.005290335509926081
136 400 0.003476161742582917
137 0 0.0030059213750064373
137 80 0.00699161272495985
137 160 0.005172243341803551
137 240 0.0065775359980762005
137 320 0.006165845785290003
137 400 0.008126269094645977
138 0 0.003657903987914324
138 80 0.008603843860328197
138 160 0.008374336175620556
138 240 0.005046527832746506
138 320 0.006576974410563707
138 400 0.008746202103793621
139 0 0.004324271809309721
139 80 0.009543190710246563
139 160 0.004535687156021595
139 240 0.003838632022961974
139 320 0.00772642157971859
139 400 0.001719124848023057
140 0 0.005638243164867163
140 80 0.0036004558205604553
140 160 0.00800908263772726
140 240 0.00839014071971178
140 320 0.0060220276936888695
140 400 0.0017520776018500328
141 0 0.004160281736403704
141 80 0.005447065457701683
141 160 0.003700570436194539
141 240 0.0057248882949352264
141 320 0.006141338963061571
141 400 0.007923445664346218
142 0 0.006170344538986683
142 80 0.007343233563005924
142 160 0.01026710495352745
142 240 0.006428558379411697
142 320 0.010663909837603569
142 400 0.0060163838788867
143 0 0.004235461819916964
143 80 0.005233990494161844
143 160 0.0030184276401996613
143 240 0.003159600542858243
143 320 0.005409751087427139
143 400 0.0065510268323123455
144 0 0.008871374651789665
144 80 0.0068809823133051395
144 160 0.004900448489934206
144 240 0.007317166775465012
144 320 0.0035424723755568266
144 400 0.006236142944544554
145 0 0.0072883437387645245
145 80 0.00933650229126215
145 160 0.0026697413995862007
145 240 0.005090660881251097
145 320 0.006124729290604591
145 400 0.01232186984270811
146 0 0.003289429470896721
146 80 0.007176469545811415
146 160 0.0036509870551526546
146 240 0.007179920561611652
146 320 0.0028427152428776026
146 400 0.006007014773786068
147 0 0.0061889695934951305
147 80 0.005168627947568893
147 160 0.004610852804034948
147 240 0.007610451430082321
147 320 0.0068395668640732765
147 400 0.006471193395555019
148 0 0.007669737562537193
148 80 0.004562938120216131
148 160 0.005819621495902538
148 240 0.004070992581546307
148 320 0.004879367537796497
148 400 0.0021183383651077747
149 0 0.0068804253824055195
149 80 0.0078004347160458565
149 160 0.0042190770618617535
149 240 0.007876227609813213
149 320 0.00782535970211029
149 400 0.004078956786543131
150 0 0.006066808942705393
150 80 0.005081633105874062
150 160 0.005879977717995644
150 240 0.0035255125258117914
150 320 0.0030443111900240183
150 400 0.009285933338105679
151 0 0.0049265227280557156
151 80 0.0050927577540278435
151 160 0.0048233019188046455
151 240 0.009787498973309994
151 320 0.002968826796859503
151 400 0.005230036098510027
152 0 0.005818534176796675
152 80 0.002770977560430765
152 160 0.006679350044578314
152 240 0.00709935650229454
152 320 0.006167525891214609
152 400 0.00685132248327136
153 0 0.004011793527752161
153 80 0.007711566518992186
153 160 0.011170318350195885
153 240 0.0057042548432946205
153 320 0.008554942905902863
153 400 0.0036115553230047226
154 0 0.004121785517781973
154 80 0.003341407747939229
154 160 0.005233876407146454
154 240 0.008898859843611717
154 320 0.0015187994576990604
154 400 0.005446072667837143
155 0 0.005887971259653568
155 80 0.0035919547080993652
155 160 0.005186920054256916
155 240 0.006031399127095938
155 320 0.006380928680300713
155 400 0.003860005410388112
156 0 0.0052852509543299675
156 80 0.0035802533384412527
156 160 0.005632402841001749
156 240 0.0022526539396494627
156 320 0.0056688906624913216
156 400 0.010213092900812626
157 0 0.004387086722999811
157 80 0.0035802375059574842
157 160 0.006610260810703039
157 240 0.003513637464493513
157 320 0.005538225173950195
157 400 0.005126829259097576
158 0 0.005672415252774954
158 80 0.005351038184016943
158 160 0.006692222785204649
158 240 0.006480910815298557
158 320 0.0026477547362446785
158 400 0.0040450794622302055
159 0 0.004677283111959696
159 80 0.005579344462603331
159 160 0.007855691015720367
159 240 0.008320332504808903
159 320 0.0034246882423758507
159 400 0.0077114105224609375
160 0 0.00840902328491211
160 80 0.004510761238634586
160 160 0.0036753674503415823
160 240 0.005476268939673901
160 320 0.004521392285823822
160 400 0.005611064378172159
161 0 0.004768743179738522
161 80 0.004981106147170067
161 160 0.0031388280913233757
161 240 0.004388635046780109
161 320 0.003837858559563756
161 400 0.001798488199710846
162 0 0.008305738680064678
162 80 0.008459786884486675
162 160 0.005355807486921549
162 240 0.006272173020988703
162 320 0.009269016794860363
162 400 0.0025686961598694324
163 0 0.0060845669358968735
163 80 0.004467930179089308
163 160 0.0038473838940262794
163 240 0.007100188173353672
163 320 0.002871712436899543
163 400 0.0024294888135045767
164 0 0.006419896148145199
164 80 0.00707510020583868
164 160 0.007292174734175205
164 240 0.007276690565049648
164 320 0.005086386576294899
164 400 0.0037632582243531942
165 0 0.0061379834078252316
165 80 0.006272257771342993
165 160 0.00410521449521184
165 240 0.0050124223344028
165 320 0.004111500922590494
165 400 0.007571704685688019
166 0 0.004578943829983473
166 80 0.003794205840677023
166 160 0.0031407272908836603
166 240 0.0027321623638272285
166 320 0.007923665456473827
166 400 0.0033257724717259407
167 0 0.006998439319431782
167 80 0.006964557804167271
167 160 0.004141953773796558
167 240 0.004401323385536671
167 320 0.005186939612030983
167 400 0.008772456087172031
168 0 0.004140940960496664
168 80 0.0037513701245188713
168 160 0.006825249642133713
168 240 0.00965053029358387
168 320 0.0043363021686673164
168 400 0.0036551468074321747
169 0 0.010169698856770992
169 80 0.0028196522034704685
169 160 0.0019953218288719654
169 240 0.0026634654495865107
169 320 0.005036780145019293
169 400 0.0033543838653713465
170 0 0.004281528759747744
170 80 0.005438315216451883
170 160 0.005870285909622908
170 240 0.004910403396934271
170 320 0.003514521289616823
170 400 0.004932078067213297
171 0 0.006294620223343372
171 80 0.003466437105089426
171 160 0.006226224359124899
171 240 0.0034786383621394634
171 320 0.004404911771416664
171 400 0.002995693124830723
172 0 0.0048516178503632545
172 80 0.003261517034843564
172 160 0.004073671530932188
172 240 0.00545151624828577
172 320 0.007268980611115694
172 400 0.006325069349259138
173 0 0.0020807951223105192
173 80 0.006515864282846451
173 160 0.005150675307959318
173 240 0.005623265635222197
173 320 0.0031272165942937136
173 400 0.0028414048720151186
174 0 0.004330596886575222
174 80 0.0035531288012862206
174 160 0.004434577655047178
174 240 0.004036331549286842
174 320 0.005807682406157255
174 400 0.0032787970267236233
175 0 0.002931471448391676
175 80 0.00787454005330801
175 160 0.003675002371892333
175 240 0.0029917829670011997
175 320 0.0034537434112280607
175 400 0.0032429073471575975
176 0 0.0026769707910716534
176 80 0.003820569021627307
176 160 0.0017227124189957976
176 240 0.008433508686721325
176 320 0.003606680314987898
176 400 0.0038357125595211983
177 0 0.004658802878111601
177 80 0.0028513441793620586
177 160 0.0030148050282150507
177 240 0.0050391810946166515
177 320 0.002513886196538806
177 400 0.004266342613846064
178 0 0.0013354094699025154
178 80 0.005101573653519154
178 160 0.004407254979014397
178 240 0.0033899815753102303
178 320 0.0020531390327960253
178 400 0.0028172184247523546
179 0 0.005110191181302071
179 80 0.005100340582430363
179 160 0.003642444033175707
179 240 0.003922151867300272
179 320 0.0061960648745298386
179 400 0.00368816708214581
180 0 0.004100906662642956
180 80 0.0035553877241909504
180 160 0.003034795867279172
180 240 0.0035299595911055803
180 320 0.00319224176928401
180 400 0.002247599884867668
181 0 0.0026403225492686033
181 80 0.007144262082874775
181 160 0.004768871236592531
181 240 0.0056472523137927055
181 320 0.007028562948107719
181 400 0.004625223111361265
182 0 0.004105112981051207
182 80 0.006978187244385481
182 160 0.004885503556579351
182 240 0.004699887707829475
182 320 0.005504050757735968
182 400 0.0068263099528849125
183 0 0.004522268660366535
183 80 0.006892060860991478
183 160 0.004132459405809641
183 240 0.003225154709070921
183 320 0.004335690289735794
183 400 0.004848340060561895
184 0 0.0034707277081906796
184 80 0.0076150353997945786
184 160 0.003876772942021489
184 240 0.0038442942313849926
184 320 0.00425936933606863
184 400 0.005312397610396147
185 0 0.0033048142213374376
185 80 0.005720394663512707
185 160 0.0058871046639978886
185 240 0.00194272689986974
185 320 0.0036800906527787447
185 400 0.0033321958035230637
186 0 0.0038264920003712177
186 80 0.006516650784760714
186 160 0.003590026870369911
186 240 0.004520024172961712
186 320 0.003848859341815114
186 400 0.0034249653108417988
187 0 0.0025126240216195583
187 80 0.0019499395275488496
187 160 0.003793199546635151
187 240 0.011290091089904308
187 320 0.00475668627768755
187 400 0.0096976887434721
188 0 0.005190810654312372
188 80 0.0037746920716017485
188 160 0.002067229012027383
188 240 0.005311858840286732
188 320 0.004728170111775398
188 400 0.003243535989895463
189 0 0.002808530814945698
189 80 0.0011574034579098225
189 160 0.0023046168498694897
189 240 0.003373164916411042
189 320 0.004214969929307699
189 400 0.00343140191398561
190 0 0.007223656866699457
190 80 0.00502281216904521
190 160 0.006133931688964367
190 240 0.0035255092661827803
190 320 0.0021334311459213495
190 400 0.004268370568752289
191 0 0.0050307344645261765
191 80 0.003169118659570813
191 160 0.004557130392640829
191 240 0.007503684610128403
191 320 0.003050124039873481
191 400 0.0038004082161933184
192 0 0.0016608102014288306
192 80 0.0031358220148831606
192 160 0.005461450200527906
192 240 0.0033874099608510733
192 320 0.004210522398352623
192 400 0.003596891649067402
193 0 0.006247874349355698
193 80 0.00968822930008173
193 160 0.00630571274086833
193 240 0.0045219408348202705
193 320 0.008000347763299942
193 400 0.005204352084547281
194 0 0.004939025733619928
194 80 0.00389495468698442
194 160 0.0027034382801502943
194 240 0.0042553492821753025
194 320 0.004852005280554295
194 400 0.0031308233737945557
195 0 0.0053835962899029255
195 80 0.003737926483154297
195 160 0.004927171394228935
195 240 0.004008473828434944
195 320 0.0027990343514829874
195 400 0.005610645283013582
196 0 0.005073817912489176
196 80 0.0025560115464031696
196 160 0.003228177782148123
196 240 0.00410664826631546
196 320 0.004626115318387747
196 400 0.0033695686142891645
197 0 0.0035896855406463146
197 80 0.004161442164331675
197 160 0.0036381336394697428
197 240 0.006247975863516331
197 320 0.0032493865583091974
197 400 0.00380882085300982
198 0 0.00347227044403553
198 80 0.0019640857353806496
198 160 0.004829129204154015
198 240 0.004094994161278009
198 320 0.004439817275851965
198 400 0.0032797842286527157
199 0 0.0047375052236020565
199 80 0.005126353353261948
199 160 0.006489137187600136
199 240 0.002898210659623146
199 320 0.0035178696271032095
199 400 0.004085215739905834
200 0 0.0027348471339792013
200 80 0.003322540782392025
200 160 0.006924198009073734
200 240 0.0025989231653511524
200 320 0.0028457266744226217
200 400 0.0026020805817097425
201 0 0.0027721598744392395
201 80 0.004454766400158405
201 160 0.003914208617061377
201 240 0.0045715016312897205
201 320 0.007982037961483002
201 400 0.006808244623243809
202 0 0.0030551303643733263
202 80 0.002531942445784807
202 160 0.0029893089085817337
202 240 0.005134918726980686
202 320 0.0038585972506552935
202 400 0.005151469260454178
203 0 0.002978827804327011
203 80 0.0026361404452472925
203 160 0.003233197145164013
203 240 0.005084732547402382
203 320 0.005593449342995882
203 400 0.004190712235867977
204 0 0.004171884153038263
204 80 0.0031963251531124115
204 160 0.0037655469495803118
204 240 0.0021979522425681353
204 320 0.0035386981908231974
204 400 0.004000972956418991
205 0 0.0038480947259813547
205 80 0.004319157917052507
205 160 0.007697176653891802
205 240 0.0022629450540989637
205 320 0.002162305172532797
205 400 0.0027573590632528067
206 0 0.0043181804940104485
206 80 0.0021986758802086115
206 160 0.006345762871205807
206 240 0.004905995447188616
206 320 0.002149063628166914
206 400 0.0062994807958602905
207 0 0.0035970716271549463
207 80 0.004011379089206457
207 160 0.0031476144213229418
207 240 0.00336823589168489
207 320 0.002848550211638212
207 400 0.0037182248197495937
208 0 0.003114979714155197
208 80 0.0037730145268142223
208 160 0.0014053171034902334
208 240 0.0043660178780555725
208 320 0.004380166530609131
208 400 0.0040648458525538445
209 0 0.002257315907627344
209 80 0.0038774304557591677
209 160 0.002806647913530469
209 240 0.002807396464049816
209 320 0.006965060718357563
209 400 0.0032266040798276663
210 0 0.001974059036001563
210 80 0.0037131914868950844
210 160 0.005974029656499624
210 240 0.0018709367141127586
210 320 0.004460926167666912
210 400 0.0030496958643198013
211 0 0.005197717808187008
211 80 0.005816517863422632
211 160 0.005391365848481655
211 240 0.0013495641760528088
211 320 0.0048236665315926075
211 400 0.0020413114689290524
212 0 0.002898970153182745
212 80 0.002155102789402008
212 160 0.004366828594356775
212 240 0.0034938447643071413
212 320 0.004803108051419258
212 400 0.003452757839113474
213 0 0.004963763523846865
213 80 0.0041089486330747604
213 160 0.0020853367168456316
213 240 0.0055415877141058445
213 320 0.0028963033109903336
213 400 0.004073303192853928
214 0 0.0022031618282198906
214 80 0.00328517472371459
214 160 0.002791572595015168
214 240 0.002039556857198477
214 320 0.004209142178297043
214 400 0.0028370185755193233
215 0 0.0037635513581335545
215 80 0.004079845268279314
215 160 0.0018719708314165473
215 240 0.0034134844318032265
215 320 0.0036484976299107075
215 400 0.003971921280026436
216 0 0.001600168296135962
216 80 0.003154188161715865
216 160 0.004023103043437004
216 240 0.0009938913863152266
216 320 0.0062274206429719925
216 400 0.0042949547059834
217 0 0.005922543816268444
217 80 0.0024440877605229616
217 160 0.0016977780032902956
217 240 0.006599332671612501
217 320 0.0032846585381776094
217 400 0.0024086162447929382
218 0 0.003795922501012683
218 80 0.004678917117416859
218 160 0.0014404193498194218
218 240 0.0014439906226471066
218 320 0.0036320840008556843
218 400 0.004381783772259951
219 0 0.0013436205917969346
219 80 0.001945959753356874
219 160 0.002735893940553069
219 240 0.002842352958396077
219 320 0.0023551287595182657
219 400 0.0038088459987193346
220 0 0.0031402797903865576
220 80 0.005624274257570505
220 160 0.005631824489682913
220 240 0.0025848152581602335
220 320 0.00319492956623435
220 400 0.0030009455513209105
221 0 0.0022505614906549454
221 80 0.004543013405054808
221 160 0.002113920170813799
221 240 0.0038419547490775585
221 320 0.004124739672988653
221 400 0.005743180867284536
222 0 0.00444478215649724
222 80 0.004165137652307749
222 160 0.003394389059394598
222 240 0.004562743939459324
222 320 0.0019087943946942687
222 400 0.005956348031759262
223 0 0.004478250164538622
223 80 0.0033545983023941517
223 160 0.0017267579678446054
223 240 0.003788184840232134
223 320 0.006158200558274984
223 400 0.003925703000277281
224 0 0.0029940232634544373
224 80 0.002705982653424144
224 160 0.004188410937786102
224 240 0.002608212176710367
224 320 0.004000748973339796
224 400 0.0030740592628717422
225 0 0.005317757837474346
225 80 0.003797863842919469
225 160 0.0027064348105341196
225 240 0.002568936673924327
225 320 0.002116153482347727
225 400 0.0018647968536242843
226 0 0.002112420741468668
226 80 0.0018016793765127659
226 160 0.002640367718413472
226 240 0.0027048650663346052
226 320 0.000904767366591841
226 400 0.003755602054297924
227 0 0.005315587855875492
227 80 0.0036252336576581
227 160 0.002137711038812995
227 240 0.0038113025948405266
227 320 0.0030982105527073145
227 400 0.0024731187149882317
228 0 0.003671505255624652
228 80 0.0020967931486666203
228 160 0.0026116904336959124
228 240 0.004285445436835289
228 320 0.002621418097987771
228 400 0.002554494421929121
229 0 0.002963604871183634
229 80 0.003735114121809602
229 160 0.0037279457319527864
229 240 0.005762035027146339
229 320 0.005246540065854788
229 400 0.0018442623550072312
230 0 0.0027781089302152395
230 80 0.0038155927322804928
230 160 0.002824267139658332
230 240 0.004007838200777769
230 320 0.003663708223029971
230 400 0.0022774459794163704
231 0 0.004220201633870602
231 80 0.003289900254458189
231 160 0.004720907658338547
231 240 0.00407614978030324
231 320 0.0034949160180985928
231 400 0.0037403337191790342
232 0 0.0017023836262524128
232 80 0.0021914353128522635
232 160 0.005363634787499905
232 240 0.005978525150567293
232 320 0.003235309384763241
232 400 0.00385900866240263
233 0 0.001792141585610807
233 80 0.0022590209264308214
233 160 0.001599106122739613
233 240 0.0024616869632154703
233 320 0.002841574139893055
233 400 0.004899864085018635
234 0 0.002823882969096303
234 80 0.0021806745789945126
234 160 0.0039040623232722282
234 240 0.002601067302748561
234 320 0.004464983940124512
234 400 0.001318746479228139
235 0 0.0021701548248529434
235 80 0.0042879399843513966
235 160 0.0009809160837903619
235 240 0.0021863828878849745
235 320 0.003104995470494032
235 400 0.0018259952776134014
236 0 0.0024510882794857025
236 80 0.003261866746470332
236 160 0.0027426346205174923
236 240 0.0024764053523540497
236 320 0.004904794041067362
236 400 0.0028858142904937267
237 0 0.0023658492136746645
237 80 0.0030747675336897373
237 160 0.0024106637574732304
237 240 0.004812431521713734
237 320 0.0019308488117530942
237 400 0.003779931692406535
238 0 0.0013275360688567162
238 80 0.0027391898911446333
238 160 0.002126471372321248
238 240 0.002400317694991827
238 320 0.005274607799947262
238 400 0.004041955806314945
239 0 0.0021838124375790358
239 80 0.002324707107618451
239 160 0.003536434145644307
239 240 0.006199470721185207
239 320 0.0031670823227614164
239 400 0.002805664436891675
240 0 0.0031868082005530596
240 80 0.0017116075614467263
240 160 0.0014719044556841254
240 240 0.003859300632029772
240 320 0.0026770844124257565
240 400 0.004106576554477215
241 0 0.0022159661166369915
241 80 0.003821674268692732
241 160 0.003814802272245288
241 240 0.0019895294681191444
241 320 0.006037534214556217
241 400 0.0027556652203202248
242 0 0.002112922491505742
242 80 0.0030020407866686583
242 160 0.0013484943192452192
242 240 0.002743624849244952
242 320 0.001973886741325259
242 400 0.0034721384290605783
243 0 0.0035955840721726418
243 80 0.003878227900713682
243 160 0.003070517908781767
243 240 0.0018200099002569914
243 320 0.0029819796327501535
243 400 0.002499234862625599
244 0 0.003768947208300233
244 80 0.0020629363134503365
244 160 0.004710854031145573
244 240 0.00203877966850996
244 320 0.0031366623006761074
244 400 0.0010606348514556885
245 0 0.005853339564055204
245 80 0.0037766529712826014
245 160 0.003116374835371971
245 240 0.0026515317149460316
245 320 0.002028812188655138
245 400 0.0031294533982872963
246 0 0.0012971828691661358
246 80 0.002964957384392619
246 160 0.0006750172469764948
246 240 0.002542677102610469
246 320 0.0023989661131054163
246 400 0.0023341437336057425
247 0 0.002440840005874634
247 80 0.0030815573409199715
247 160 0.0022322938311845064
247 240 0.006408020853996277
247 320 0.0014210718218237162
247 400 0.0015576301375404
248 0 0.0019176217028871179
248 80 0.003863539546728134
248 160 0.002806365955621004
248 240 0.002892350545153022
248 320 0.0036131106317043304
248 400 0.0032129862811416388
249 0 0.002911285264417529
249 80 0.0016556486953049898
249 160 0.00261531095020473
249 240 0.003013014793395996
249 320 0.0018732144962996244
249 400 0.002185068093240261
250 0 0.0025068095419555902
250 80 0.002191158477216959
250 160 0.00302493036724627
250 240 0.0020041351672261953
250 320 0.004113754723221064
250 400 0.0020716707222163677
251 0 0.0010920120403170586
251 80 0.0014217871939763427
251 160 0.002676361706107855
251 240 0.0018990900134667754
251 320 0.0021482761949300766
251 400 0.0033598365262150764
252 0 0.0019431824330240488
252 80 0.0017888139700517058
252 160 0.002165732206776738
252 240 0.0016751647926867008
252 320 0.0028113170992583036
252 400 0.002873962512239814
253 0 0.004657025448977947
253 80 0.005174535792320967
253 160 0.0019484248477965593
253 240 0.004347882699221373
253 320 0.003058960661292076
253 400 0.0035295698326081038
254 0 0.003274522488936782
254 80 0.002444805344566703
254 160 0.00464634969830513
254 240 0.00469237519428134
254 320 0.0026489682495594025
254 400 0.0028833935502916574
255 0 0.0017072404734790325
255 80 0.0024135981220752
255 160 0.006982061546295881
255 240 0.0021340164821594954
255 320 0.00227132486179471
255 400 0.0020057163201272488
256 0 0.003009137697517872
256 80 0.003796118078753352
256 160 0.002700580283999443
256 240 0.000925749191083014
256 320 0.0025644467677921057
256 400 0.002406443702057004
257 0 0.0032206017058342695
257 80 0.003499807557091117
257 160 0.002706496510654688
257 240 0.00484650582075119
257 320 0.0033760995138436556
257 400 0.0016707900213077664
258 0 0.0032008325215429068
258 80 0.001654759980738163
258 160 0.0025476133450865746
258 240 0.0014104238944128156
258 320 0.001774391857907176
258 400 0.0009641859214752913
259 0 0.0018467986956238747
259 80 0.002132849767804146
259 160 0.002635304117575288
259 240 0.0030390629544854164
259 320 0.003574125934392214
259 400 0.0014929744647815824
260 0 0.003396335057914257
260 80 0.0014115066733211279
260 160 0.0035269332583993673
260 240 0.0018235096940770745
260 320 0.0013915111776441336
260 400 0.0015872670337557793
261 0 0.0021506338380277157
261 80 0.001873787958174944
261 160 0.0016343039460480213
261 240 0.0026521377731114626
261 320 0.00200216774828732
261 400 0.0021745660342276096
262 0 0.0024866722524166107
262 80 0.003150688484311104
262 160 0.00233614444732666
262 240 0.0012781276600435376
262 320 0.0029884979594498873
262 400 0.0012364884605631232
263 0 0.0019877771846950054
263 80 0.002974791219457984
263 160 0.006701234728097916
263 240 0.002111844252794981
263 320 0.0022977699991315603
263 400 0.002536709886044264
264 0 0.003783655585721135
264 80 0.00287729618139565
264 160 0.0041140601970255375
264 240 0.002422930672764778
264 320 0.0017716040601953864
264 400 0.0012158878380432725
265 0 0.0022156706545501947
265 80 0.0035133471246808767
265 160 0.002363794483244419
265 240 0.0010399820748716593
265 320 0.0014083735877647996
265 400 0.0027408520691096783
266 0 0.0012074545957148075
266 80 0.0035918941721320152
266 160 0.002140933182090521
266 240 0.0024190007243305445
266 320 0.0028490996919572353
266 400 0.0013025118969380856
267 0 0.0023891704622656107
267 80 0.0013997912174090743
267 160 0.0018600121838971972
267 240 0.00248736166395247
267 320 0.000869857904035598
267 400 0.0023923234548419714
268 0 0.0034483671188354492
268 80 0.003498902777209878
268 160 0.0018180448096245527
268 240 0.004533443599939346
268 320 0.0029185651801526546
268 400 0.005277126561850309
269 0 0.0022009024396538734
269 80 0.0018641812494024634
269 160 0.0019229128956794739
269 240 0.005407525692135096
269 320 0.0028884734492748976
269 400 0.001912683597765863
270 0 0.002180588198825717
270 80 0.0014471823815256357
270 160 0.002617522841319442
270 240 0.0010508674895390868
270 320 0.0030129840597510338
270 400 0.0017903029220178723
271 0 0.0011919931275770068
271 80 0.0014173517702147365
271 160 0.004504167940467596
271 240 0.001910524326376617
271 320 0.0013122359523549676
271 400 0.0017758212052285671
272 0 0.0030319788493216038
272 80 0.0038276149425655603
272 160 0.001999439438804984
272 240 0.0015976241556927562
272 320 0.0018141481559723616
272 400 0.0020259798038750887
273 0 0.0024270564317703247
273 80 0.005067452788352966
273 160 0.00422821706160903
273 240 0.00280560995452106
273 320 0.0020231916569173336
273 400 0.0022723220754414797
274 0 0.003015760565176606
274 80 0.0029495167545974255
274 160 0.0023152558133006096
274 240 0.00270415679551661
274 320 0.003585380269214511
274 400 0.0015121200121939182
275 0 0.002984818071126938
275 80 0.002231905236840248
275 160 0.0024989217054098845
275 240 0.0022001119796186686
275 320 0.0021119369193911552
275 400 0.002181150484830141
276 0 0.004795737098902464
276 80 0.0008573881932534277
276 160 0.002259026048704982
276 240 0.0016527072293683887
276 320 0.0015430212952196598
276 400 0.0031942257191985846
277 0 0.002059130696579814
277 80 0.001934949541464448
277 160 0.0021639748010784388
277 240 0.004156843293458223
277 320 0.0027383710257709026
277 400 0.0025436393916606903
278 0 0.003548296866938472
278 80 0.002844452392309904
278 160 0.0047967396676540375
278 240 0.0028753746300935745
278 320 0.004247771576046944
278 400 0.0013139842776581645
279 0 0.0028541635256260633
279 80 0.003013023640960455
279 160 0.002169081475585699
279 240 0.0021365161519497633
279 320 0.002352252136915922
279 400 0.0017757086316123605
280 0 0.0021782834082841873
280 80 0.0016984296962618828
280 160 0.0017655935371294618
280 240 0.0012702172389253974
280 320 0.002924332395195961
280 400 0.002766150049865246
281 0 0.0015970459207892418
281 80 0.0018810833571478724
281 160 0.002137384843081236
281 240 0.004301408305764198
281 320 0.0031716693192720413
281 400 0.002677384065464139
282 0 0.002569663804024458
282 80 0.003190840594470501
282 160 0.001702887355349958
282 240 0.003245914587751031
282 320 0.003331870073452592
282 400 0.0013423656346276402
283 0 0.00145882205106318
283 80 0.0025646777357906103
283 160 0.0021500135771930218
283 240 0.0036213065031915903
283 320 0.002257175277918577
283 400 0.0028754500672221184
284 0 0.0019455418223515153
284 80 0.0010000342736020684
284 160 0.0013008232926949859
284 240 0.0037130459677428007
284 320 0.0012955628335475922
284 400 0.0019544220995157957
285 0 0.001722044195048511
285 80 0.001943530747666955
285 160 0.003714961465448141
285 240 0.0013349814107641578
285 320 0.0012912610545754433
285 400 0.0016625311691313982
286 0 0.0014012700412422419
286 80 0.0024001977872103453
286 160 0.003196355188265443
286 240 0.003606892190873623
286 320 0.0014925890136510134
286 400 0.0013238337123766541
287 0 0.0026316025760024786
287 80 0.0038897027261555195
287 160 0.002848907606676221
287 240 0.0020106597803533077
287 320 0.0015919017605483532
287 400 0.003253582864999771
288 0 0.0029080742970108986
288 80 0.0018716249614953995
288 160 0.003148416755720973
288 240 0.0013236314989626408
288 320 0.0008865343406796455
288 400 0.002263444010168314
289 0 0.0026943027041852474
289 80 0.0024690062273293734
289 160 0.0029941415414214134
289 240 0.0018086564959958196
289 320 0.0016075121238827705
289 400 0.002741474425420165
290 0 0.0016613055486232042
290 80 0.002304697874933481
290 160 0.0016046783421188593
290 240 0.0025930830743163824
290 320 0.0007091625011526048
290 400 0.0022941618226468563
291 0 0.0030249152332544327
291 80 0.0031414078548550606
291 160 0.00120442733168602
291 240 0.0026386778336018324
291 320 0.0017485410207882524
291 400 0.0013513669837266207
292 0 0.0018745091510936618
292 80 0.0017442660173401237
292 160 0.0018461212748661637
292 240 0.0026065234560519457
292 320 0.0029285724740475416
292 400 0.0016854266868904233
293 0 0.0017170620849356055
293 80 0.0017380811041221023
293 160 0.002571605844423175
293 240 0.0012037904234603047
293 320 0.003337917383760214
293 400 0.0016596756177023053
294 0 0.0025148934219032526
294 80 0.0031104632653295994
294 160 0.0014457975048571825
294 240 0.005034187808632851
294 320 0.002838362939655781
294 400 0.0029596290551126003
295 0 0.0017178321722894907
295 80 0.003135080449283123
295 160 0.0017670223023742437
295 240 0.0028755886014550924
295 320 0.001716537750326097
295 400 0.0014190271031111479
296 0 0.0015990926185622811
296 80 0.0034080808982253075
296 160 0.0011494187638163567
296 240 0.002195553155615926
296 320 0.0026233780663460493
296 400 0.001698859385214746
297 0 0.0019301383290439844
297 80 0.00255693681538105
297 160 0.001608164282515645
297 240 0.002065896289423108
297 320 0.002573474310338497
297 400 0.0015131047694012523
298 0 0.002286283764988184
298 80 0.0026919159572571516
298 160 0.0016220281831920147
298 240 0.002238091779872775
298 320 0.002069298643618822
298 400 0.0016839480958878994
299 0 0.0025433176197111607
299 80 0.001661378424614668
299 160 0.001968525582924485
299 240 0.002437000162899494
299 320 0.0019285526359453797
299 400 0.0021789956372231245
300 0 0.004892159253358841
300 80 0.00456807017326355
300 160 0.0022418336011469364
300 240 0.0023687605280429125
300 320 0.0010410185204818845
300 400 0.002293081721290946
