1 0.4635104409921398 0.8629333333333333
2 0.2630269849287676 0.9242333333333334
3 0.2206116556199883 0.9369333333333333
4 0.19470996839373605 0.9454
5 0.1755589318237325 0.9508666666666666
6 0.1605771155610903 0.9558166666666666
7 0.14841459770955 0.9592333333333334
8 0.1381414039556914 0.9614666666666667
9 0.12946189573801148 0.9648833333333333
10 0.12170301620830605 0.9667
11 0.11486846668077812 0.96875
12 0.10859259938809282 0.9706166666666667
13 0.10308965654579053 0.9724666666666667
14 0.09814814586184427 0.9734333333333334
15 0.09358491411388938 0.9750666666666666
16 0.08943370335312413 0.9758666666666667
17 0.08555059775964284 0.97735
18 0.0820311259375071 0.97825
19 0.07865627842750758 0.97945
20 0.07559607266537798 0.9800333333333333
21 0.07263851001350356 0.9806833333333334
22 0.06994331580227309 0.98165
23 0.06744270152581144 0.9823666666666667
24 0.06494364818768587 0.9829833333333333
25 0.06282953769048012 0.9836166666666667
26 0.06075404423958203 0.9842166666666666
27 0.05861894482734806 0.9850333333333333
28 0.05682007078009882 0.9855166666666667
29 0.054945897541320655 0.9861
30 0.053256318491420894 0.9865333333333334
31 0.05150630053823818 0.9872333333333333
32 0.05003094082392419 0.9877166666666667
33 0.04857292674037058 0.9879
34 0.04709824720528652 0.9884666666666667
35 0.04570050567174072 0.9890333333333333
36 0.04438969280832866 0.9893
37 0.04311685839981667 0.9900166666666667
38 0.041883397686567264 0.9900666666666667
39 0.0407345214350296 0.9906333333333334
40 0.039568810628405386 0.9911
41 0.03850182189520742 0.9913333333333333
42 0.0374687031618377 0.9916833333333334
43 0.036576382284646415 0.99195
44 0.03550958895940643 0.9921166666666666
45 0.03453961014648332 0.9926166666666667
46 0.03372423685809125 0.9931
47 0.03283361860834904 0.9931333333333333
48 0.03197465441040774 0.9933333333333333
49 0.03116668476812494 0.99375
50 0.030389889475029668 0.99425
51 0.029632693612332475 0.9942
52 0.02894897924871174 0.99435
53 0.02827033542120444 0.9946333333333334
54 0.027500347805215417 0.9947833333333334
55 0.02691494831755789 0.9951833333333333
56 0.0262737084996265 0.99545
57 0.02568940247998817 0.9954166666666666
58 0.02509307087972951 0.9957333333333334
59 0.02447191564672029 0.9958333333333333
60 0.02395028799577658 0.9960833333333333
61 0.023417094551614608 0.9962333333333333
62 0.022861978668632158 0.99635
63 0.02232483524515399 0.9967333333333334
64 0.021859739291003107 0.99655
65 0.021399341929735725 0.9968666666666667
66 0.020926414208530364 0.99695
67 0.020539074779243896 0.9970333333333333
68 0.02004643137266895 0.99725
69 0.01962037183253019 0.9972833333333333
70 0.019272067303112005 0.9975333333333334
71 0.018834426157625275 0.9976333333333334
72 0.018481568305262687 0.9976666666666667
73 0.018100055383403164 0.9977333333333334
74 0.017718168722191598 0.9979166666666667
75 0.01736179456315331 0.9979166666666667
76 0.017055914730830457 0.9980333333333333
77 0.01674464656296236 0.99815
78 0.016385412958663092 0.9981166666666667
79 0.016107326652457527 0.9983666666666666
80 0.015796862833543437 0.9982833333333333
81 0.015470006123884146 0.9985333333333334
82 0.015221500509122668 0.99835
83 0.014902745514536209 0.9985333333333334
84 0.014637224237694701 0.9986333333333334
85 0.014377451427320618 0.99865
86 0.014139629878612088 0.99875
87 0.013848808511142442 0.9988833333333333
88 0.013630242505942835 0.99885
89 0.013380795240656398 0.9990166666666667
90 0.013149686753432125 0.9990166666666667
91 0.012913297275518145 0.99905
92 0.012692435356631462 0.9991666666666666
93 0.012494009323735863 0.9991833333333333
94 0.012275211902748325 0.9992333333333333
95 0.01207083929677619 0.9993
96 0.011889665293247142 0.99925
97 0.011675257239736982 0.99935
98 0.011462850827298789 0.9993166666666666
99 0.011300660207617417 0.9994
100 0.011130146685737505 0.9993833333333333
101 0.01096710752693813 0.99945
102 0.010779992216574484 0.9994333333333333
103 0.010593103328302725 0.9994166666666666
104 0.010458989995720385 0.9994666666666666
105 0.010293236804077588 0.99945
106 0.010141655006187794 0.9995333333333334
107 0.009954411534717612 0.99955
108 0.00982775034478256 0.99955
109 0.009681560475923327 0.9995666666666667
110 0.00954971819180749 0.9995666666666667
111 0.009384749021613474 0.99955
112 0.00926753828601876 0.9995833333333334
113 0.009130449828082152 0.99965
114 0.009004307346843453 0.9995833333333334
115 0.008882965897021295 0.9996166666666667
116 0.008763303009689903 0.9996166666666667
117 0.008633107840538279 0.9996333333333334
118 0.008523528470840456 0.99965
119 0.008394047709753804 0.9996333333333334
120 0.008291052974589756 0.9996333333333334
121 0.00816854206062774 0.9997
122 0.008059392879302027 0.9997166666666667
123 0.007950328636481596 0.9997666666666667
124 0.00786623117878342 0.9997333333333334
125 0.007757930507533936 0.99975
126 0.00765115373320123 0.9997666666666667
127 0.007559899865006253 0.99975
128 0.007459977619361871 0.9997833333333334
129 0.007375943938147094 0.9997666666666667
130 0.007275033127844159 0.9997666666666667
131 0.007185545184516481 0.9998
132 0.007091235480646589 0.9998
133 0.007019144983570983 0.99985
134 0.006915454044570722 0.9998666666666667
135 0.006836638619094643 0.9998333333333334
136 0.006759922567959518 0.9998666666666667
137 0.006677987881805072 0.9999
138 0.006601104081652042 0.9998666666666667
139 0.006531160167688484 0.9998833333333333
140 0.006445978186589711 0.9999166666666667
141 0.00638205557465871 0.9999
142 0.0063047132530271496 0.9998833333333333
143 0.006226517630915748 0.9999
144 0.006166915353665601 0.9999333333333333
145 0.006093084934785136 0.9999166666666667
146 0.006023970486691543 0.9999333333333333
147 0.005966099605871749 0.9999333333333333
148 0.0058985652392362755 0.9999333333333333
149 0.005833699645202504 0.99995
150 0.005771815099431746 0.9999333333333333
151 0.005705429697786567 0.9999666666666667
152 0.005655014587105559 0.9999333333333333
153 0.005588234854744934 0.9999333333333333
154 0.005527027539595135 0.9999833333333333
155 0.005472666998234972 0.99995
156 0.005417008444404742 0.99995
157 0.005362118575731908 0.9999666666666667
158 0.0053066293515864685 0.9999666666666667
159 0.0052579498210890115 0.99995
160 0.005198744096870679 0.9999666666666667
161 0.0051535163099553855 0.9999666666666667
162 0.005098369197923936 0.9999666666666667
163 0.005052907827264592 0.9999833333333333
164 0.0049978780085101785 0.9999666666666667
165 0.004949120015326911 0.9999666666666667
166 0.004904552163041906 0.9999833333333333
167 0.004856998873090169 0.9999833333333333
168 0.004811773500613757 0.9999666666666667
169 0.0047690003353512605 0.9999666666666667
170 0.0047252511065493 0.9999666666666667
171 0.004670608426327072 0.9999666666666667
172 0.004637114526674167 0.9999833333333333
173 0.004596677075859024 0.9999833333333333
174 0.004551652871540932 0.9999833333333333
175 0.004510611447859119 0.9999833333333333
176 0.00447286273388049 0.9999833333333333
177 0.0044322423362629865 0.9999833333333333
178 0.004383512248750776 0.9999833333333333
179 0.004356371675198997 0.9999833333333333
180 0.004318927653999662 0.9999833333333333
181 0.004272597452212594 0.9999833333333333
182 0.004240192615413176 1.0
183 0.004209253930800489 0.9999833333333333
184 0.0041713527515967455 0.9999833333333333
185 0.004137642354444305 0.9999833333333333
186 0.00409345110597363 1.0
187 0.004069331052180912 0.9999833333333333
188 0.004033531495077071 0.9999833333333333
189 0.004001012719201564 1.0
190 0.0039711916347099805 1.0
191 0.0039373643457768425 1.0
192 0.0039058351603302875 1.0
193 0.0038735786597353656 1.0
194 0.0038404990993400434 1.0
195 0.003813277081356072 1.0
196 0.0037823106282140447 1.0
197 0.0037488892942772255 1.0
198 0.003723972881369706 1.0
199 0.0036941670279240987 1.0
200 0.0036599768730533767 1.0
201 0.003639904377576925 1.0
202 0.0036133048146951203 1.0
203 0.003584949019948827 1.0
204 0.0035616907855567296 1.0
205 0.003531367159701749 1.0
206 0.0035043638035742396 1.0
207 0.0034807946375096594 1.0
208 0.003452100084850322 1.0
209 0.0034332159813046693 1.0
210 0.003404551306550802 1.0
211 0.003377734471225678 1.0
212 0.0033595870425954443 1.0
213 0.0033337233691359126 1.0
214 0.003310725171449604 1.0
215 0.003288604571287439 1.0
216 0.0032632294373322666 1.0
217 0.003242639541280454 1.0
218 0.0032211225334011803 1.0
219 0.003198539663944195 1.0
220 0.003176828620703156 1.0
221 0.003155260103822215 1.0
222 0.0031321568772999017 1.0
223 0.0031121340267527015 1.0
224 0.003093406787144143 1.0
225 0.003068670920996881 1.0
226 0.003051483654789428 1.0
227 0.0030334943298325895 1.0
228 0.003009473499499444 1.0
229 0.002988053219907208 1.0
230 0.0029715291118430002 1.0
231 0.0029531565158745087 1.0
232 0.0029342536932911905 1.0
233 0.002913387219877298 1.0
234 0.0028948963928554674 1.0
235 0.0028787186059769172 1.0
236 0.0028605774203355095 1.0
237 0.0028432803218568694 1.0
238 0.0028258550005889477 1.0
239 0.0028069223901420744 1.0
240 0.002787984978618112 1.0
241 0.002771489934234727 1.0
242 0.0027558820208967495 1.0
243 0.002737793583620979 1.0
244 0.0027227412276555783 1.0
245 0.0027057615528032104 1.0
246 0.002689138067755173 1.0
247 0.0026735525672832356 1.0
248 0.0026579981526808696 1.0
249 0.002641429177555901 1.0
250 0.0026278035349842073 1.0
251 0.0026119634123600477 1.0
252 0.002594271685922149 1.0
253 0.0025805984101226445 1.0
254 0.002568019322305322 1.0
255 0.002552522237470715 1.0
256 0.002538323654224282 1.0
257 0.002525901609683223 1.0
258 0.002509040462135125 1.0
259 0.002495476377081436 1.0
260 0.002484897237908004 1.0
261 0.0024669182393501307 1.0
262 0.0024538473573017883 1.0
263 0.0024406902433962807 1.0
264 0.002425286220138404 1.0
265 0.0024132630594177985 1.0
266 0.0023995505583567864 1.0
267 0.0023877280801514796 1.0
268 0.0023742702140880905 1.0
269 0.002362508769345674 1.0
270 0.00234870217491819 1.0
271 0.0023355193814433525 1.0
272 0.002322744363288421 1.0
273 0.0023116454870419217 1.0
274 0.00229796258122551 1.0
275 0.002286308139663384 1.0
276 0.0022742223273937916 1.0
277 0.0022637155762107084 1.0
278 0.0022527312451322227 1.0
279 0.002240990890986296 1.0
280 0.0022280580470405978 1.0
281 0.0022176887707482935 1.0
282 0.002206774009615064 1.0
283 0.0021934626833237866 1.0
284 0.0021831520726588536 1.0
285 0.002172602561495102 1.0
286 0.0021625135843800916 1.0
287 0.002151697810214541 1.0
288 0.0021403404547205404 1.0
289 0.0021274942336410385 1.0
290 0.002119156365930192 1.0
291 0.0021092877737549282 1.0
292 0.0020994234361377028 1.0
293 0.00208830934293173 1.0
294 0.0020773770341744966 1.0
295 0.002068390690861568 1.0
296 0.0020580136650073123 1.0
297 0.0020492517935814087 1.0
298 0.0020394987993385158 1.0
299 0.0020286838096111757 1.0
300 0.0020202275304528855 1.0
9999 0.0019954671151936054 1.0
