1 0 3.273372173309326
1 80 0.5611101984977722
1 160 0.348836749792099
1 240 0.3296380043029785
1 320 0.41737115383148193
1 400 0.2783321440219879
2 0 0.21170517802238464
2 80 0.26547351479530334
2 160 0.3768543303012848
2 240 0.19059965014457703
2 320 0.24843059480190277
2 400 0.19996263086795807
3 0 0.16976958513259888
3 80 0.2250342220067978
3 160 0.2192126214504242
3 240 0.19957099854946136
3 320 0.2555534839630127
3 400 0.3256799876689911
4 0 0.2559972107410431
4 80 0.29959097504615784
4 160 0.1714647114276886
4 240 0.22068415582180023
4 320 0.15679438412189484
4 400 0.11154893785715103
5 0 0.17035338282585144
5 80 0.1999615877866745
5 160 0.206540048122406
5 240 0.10860689729452133
5 320 0.17852964997291565
5 400 0.19090956449508667
6 0 0.11113668978214264
6 80 0.12383867800235748
6 160 0.18084025382995605
6 240 0.10646051913499832
6 320 0.14605844020843506
6 400 0.20433685183525085
7 0 0.19096283614635468
7 80 0.16697970032691956
7 160 0.09117287397384644
7 240 0.14889058470726013
7 320 0.13477908074855804
7 400 0.16690929234027863
8 0 0.0892600491642952
8 80 0.13426531851291656
8 160 0.15080565214157104
8 240 0.13637353479862213
8 320 0.2464599311351776
8 400 0.10733254998922348
9 0 0.11696623265743256
9 80 0.18887931108474731
9 160 0.16629908978939056
9 240 0.12482798844575882
9 320 0.11069313436746597
9 400 0.13463126122951508
10 0 0.13432292640209198
10 80 0.20609818398952484
10 160 0.1263929307460785
10 240 0.08395632356405258
10 320 0.16410841047763824
10 400 0.09652770310640335
11 0 0.06985518336296082
11 80 0.18096479773521423
11 160 0.05439173802733421
11 240 0.07634203881025314
11 320 0.09100667387247086
11 400 0.06468077003955841
12 0 0.11223038285970688
12 80 0.15877942740917206
12 160 0.10141314566135406
12 240 0.08753406256437302
12 320 0.13496336340904236
12 400 0.038189131766557693
13 0 0.11658944189548492
13 80 0.08027154952287674
13 160 0.12908226251602173
13 240 0.1300634890794754
13 320 0.11379051953554153
13 400 0.1371932476758957
14 0 0.07907119393348694
14 80 0.10092302411794662
14 160 0.11608815938234329
14 240 0.07260463386774063
14 320 0.06812192499637604
14 400 0.1840827912092209
15 0 0.11957523226737976
15 80 0.07979428023099899
15 160 0.06327977031469345
15 240 0.058768827468156815
15 320 0.11955814808607101
15 400 0.042114123702049255
16 0 0.0705408900976181
16 80 0.07289336621761322
16 160 0.059437450021505356
16 240 0.06126752495765686
16 320 0.0942077562212944
16 400 0.08549538999795914
17 0 0.1302739381790161
17 80 0.058284301310777664
17 160 0.053105428814888
17 240 0.07456553727388382
17 320 0.18986262381076813
17 400 0.06092657521367073
18 0 0.02749013528227806
18 80 0.0510718859732151
18 160 0.10772131383419037
18 240 0.10150108486413956
18 320 0.05149582028388977
18 400 0.14230357110500336
19 0 0.051017068326473236
19 80 0.05512676015496254
19 160 0.09503886103630066
19 240 0.058836907148361206
19 320 0.08629222214221954
19 400 0.04392237588763237
20 0 0.048198629170656204
20 80 0.11281239241361618
20 160 0.04983621463179588
20 240 0.10767517238855362
20 320 0.12651683390140533
20 400 0.056088440120220184
21 0 0.05382049083709717
21 80 0.10886455327272415
21 160 0.08568300306797028
21 240 0.05185389891266823
21 320 0.04461665824055672
21 400 0.03855418786406517
22 0 0.054101258516311646
22 80 0.06788119673728943
22 160 0.03446875140070915
22 240 0.09716969728469849
22 320 0.0542713887989521
22 400 0.1003030464053154
23 0 0.08123764395713806
23 80 0.04073880612850189
23 160 0.05228639021515846
23 240 0.053769830614328384
23 320 0.10896801948547363
23 400 0.05805518105626106
24 0 0.12735159695148468
24 80 0.04426712915301323
24 160 0.12092699110507965
24 240 0.047122523188591
24 320 0.07147906720638275
24 400 0.04278042912483215
25 0 0.04623798280954361
25 80 0.030488263815641403
25 160 0.03383655101060867
25 240 0.07158127427101135
25 320 0.08259356766939163
25 400 0.1557268500328064
26 0 0.030074741691350937
26 80 0.053320497274398804
26 160 0.07795416563749313
26 240 0.02868621051311493
26 320 0.1305302381515503
26 400 0.08283571898937225
27 0 0.05836331844329834
27 80 0.04391453415155411
27 160 0.050226274877786636
27 240 0.06682797521352768
27 320 0.05556327849626541
27 400 0.050561822950839996
28 0 0.08106749504804611
28 80 0.05961532145738602
28 160 0.09831658005714417
28 240 0.06441530585289001
28 320 0.07666318863630295
28 400 0.021204249933362007
29 0 0.042672909796237946
29 80 0.05557951703667641
29 160 0.045746684074401855
29 240 0.03386552259325981
29 320 0.027722230181097984
29 400 0.04181129112839699
30 0 0.0683329850435257
30 80 0.03675425797700882
30 160 0.04246452450752258
30 240 0.035096313804388046
30 320 0.05998869612812996
30 400 0.0999404713511467
31 0 0.05497414246201515
31 80 0.04529601335525513
31 160 0.02696259506046772
31 240 0.06461874395608902
31 320 0.024477465078234673
31 400 0.03142399713397026
32 0 0.027424994856119156
32 80 0.047748271375894547
32 160 0.03728444501757622
32 240 0.0311671644449234
32 320 0.027688372880220413
32 400 0.029738597571849823
33 0 0.05318992957472801
33 80 0.06619962304830551
33 160 0.07738107442855835
33 240 0.06713487952947617
33 320 0.10199812054634094
33 400 0.07840872555971146
34 0 0.05144307389855385
34 80 0.042243894189596176
34 160 0.11121663451194763
34 240 0.02927236072719097
34 320 0.03540436923503876
34 400 0.017006950452923775
35 0 0.08301815390586853
35 80 0.042172130197286606
35 160 0.05802958086133003
35 240 0.040563128888607025
35 320 0.02675052359700203
35 400 0.08575497567653656
36 0 0.04237927496433258
36 80 0.08132696151733398
36 160 0.03103732131421566
36 240 0.022383172065019608
36 320 0.08573071658611298
36 400 0.034949399530887604
37 0 0.020360074937343597
37 80 0.059510208666324615
37 160 0.026455916464328766
37 240 0.018235307186841965
37 320 0.017216848209500313
37 400 0.05618583410978317
38 0 0.03135940432548523
38 80 0.03055099956691265
38 160 0.03596360608935356
38 240 0.059193577617406845
38 320 0.029263345524668694
38 400 0.030213534832000732
39 0 0.025629708543419838
39 80 0.060504000633955
39 160 0.04076971858739853
39 240 0.025891844183206558
39 320 0.04512965306639671
39 400 0.04056154936552048
40 0 0.06139989569783211
40 80 0.027836402878165245
40 160 0.03184758126735687
40 240 0.0676732286810875
40 320 0.017271485179662704
40 400 0.031755004078149796
41 0 0.029324674978852272
41 80 0.019341498613357544
41 160 0.022166844457387924
41 240 0.03774479031562805
41 320 0.037474922835826874
41 400 0.08458589762449265
42 0 0.04777413234114647
42 80 0.037495482712984085
42 160 0.015275763347744942
42 240 0.030869726091623306
42 320 0.026841597631573677
42 400 0.03193731606006622
43 0 0.024898279458284378
43 80 0.04312422499060631
43 160 0.013723039999604225
43 240 0.037161607295274734
43 320 0.0161619670689106
43 400 0.03030216321349144
44 0 0.05436380207538605
44 80 0.07433240860700607
44 160 0.05527934059500694
44 240 0.04521530866622925
44 320 0.02872406877577305
44 400 0.023241747170686722
45 0 0.023576676845550537
45 80 0.07896573841571808
45 160 0.024834556505084038
45 240 0.029562871903181076
45 320 0.04453422129154205
45 400 0.016076620668172836
46 0 0.02158418856561184
46 80 0.04654623568058014
46 160 0.02202341891825199
46 240 0.03083517961204052
46 320 0.048586633056402206
46 400 0.022261416539549828
47 0 0.03105110675096512
47 80 0.06045256182551384
47 160 0.028116870671510696
47 240 0.034555476158857346
47 320 0.04411753639578819
47 400 0.029596373438835144
48 0 0.027147512882947922
48 80 0.01152279507368803
48 160 0.049265291541814804
48 240 0.02347434312105179
48 320 0.02663431502878666
48 400 0.026520894840359688
49 0 0.030417485162615776
49 80 0.04980966076254845
49 160 0.03004913218319416
49 240 0.04449780657887459
49 320 0.04193590208888054
49 400 0.056224606931209564
50 0 0.016344169154763222
50 80 0.040418434888124466
50 160 0.02733217366039753
50 240 0.049162302166223526
50 320 0.03910921886563301
50 400 0.03588699921965599
51 0 0.034171439707279205
51 80 0.027319256216287613
51 160 0.019500017166137695
51 240 0.020956702530384064
51 320 0.026815839111804962
51 400 0.07798068970441818
52 0 0.022041823714971542
52 80 0.014357772655785084
52 160 0.01808658428490162
52 240 0.0267140232026577
52 320 0.013196189887821674
52 400 0.0333317331969738
53 0 0.03341600298881531
53 80 0.05990786477923393
53 160 0.01902402751147747
53 240 0.03958108276128769
53 320 0.026072967797517776
53 400 0.040938105434179306
54 0 0.026497410610318184
54 80 0.024341842159628868
54 160 0.02705777809023857
54 240 0.03700881078839302
54 320 0.07980191707611084
54 400 0.03582858294248581
55 0 0.015628164634108543
55 80 0.0667031928896904
55 160 0.029080810025334358
55 240 0.06063104793429375
55 320 0.01777678355574608
55 400 0.02341630309820175
56 0 0.015545578673481941
56 80 0.021699434146285057
56 160 0.039356477558612823
56 240 0.029427869245409966
56 320 0.03238498419523239
56 400 0.03992525860667229
57 0 0.018202679231762886
57 80 0.01608322560787201
57 160 0.031534794718027115
57 240 0.03884948045015335
57 320 0.022259535267949104
57 400 0.023994624614715576
58 0 0.02160779759287834
58 80 0.02524537406861782
58 160 0.01691359281539917
58 240 0.011755541898310184
58 320 0.020353885367512703
58 400 0.011119089089334011
59 0 0.02129817008972168
59 80 0.009725439362227917
59 160 0.015508540906012058
59 240 0.013322492130100727
59 320 0.014378930442035198
59 400 0.03393501043319702
60 0 0.0320085808634758
60 80 0.031739234924316406
60 160 0.010706750676035881
60 240 0.024960404261946678
60 320 0.013792253099381924
60 400 0.011511244811117649
61 0 0.020287727937102318
61 80 0.01491562183946371
61 160 0.027083314955234528
61 240 0.021427001804113388
61 320 0.023448728024959564
61 400 0.017584986984729767
62 0 0.005589721258729696
62 80 0.027003897354006767
62 160 0.010897503234446049
62 240 0.01949353888630867
62 320 0.050171833485364914
62 400 0.028710486367344856
63 0 0.0257609523832798
63 80 0.013561737723648548
63 160 0.030203169211745262
63 240 0.026413798332214355
63 320 0.02857484295964241
63 400 0.018082063645124435
64 0 0.013522407971322536
64 80 0.024942900985479355
64 160 0.02148478478193283
64 240 0.02605498395860195
64 320 0.029474982991814613
64 400 0.017423132434487343
65 0 0.030787376686930656
65 80 0.010311556048691273
65 160 0.03688355162739754
65 240 0.017210837453603745
65 320 0.00995855312794447
65 400 0.009843477979302406
66 0 0.027754945680499077
66 80 0.026822129264473915
66 160 0.008501843549311161
66 240 0.01938740722835064
66 320 0.012723591178655624
66 400 0.022159093990921974
67 0 0.023390427231788635
67 80 0.020377328619360924
67 160 0.01523037813603878
67 240 0.023607952520251274
67 320 0.028606537729501724
67 400 0.03604923188686371
68 0 0.02655644528567791
68 80 0.016890956088900566
68 160 0.012309294193983078
68 240 0.014063815586268902
68 320 0.018666859716176987
68 400 0.019021503627300262
69 0 0.02306603267788887
69 80 0.0425485335290432
69 160 0.06535573303699493
69 240 0.008777853101491928
69 320 0.03959933668375015
69 400 0.028635922819375992
70 0 0.01648698002099991
70 80 0.04666726291179657
70 160 0.024586087092757225
70 240 0.05801559239625931
70 320 0.014035433530807495
70 400 0.011085784062743187
71 0 0.029029982164502144
71 80 0.01503619272261858
71 160 0.01585807092487812
71 240 0.024142421782016754
71 320 0.017151303589344025
71 400 0.010903149843215942
72 0 0.010418640449643135
72 80 0.016081584617495537
72 160 0.026833584532141685
72 240 0.007174679543823004
72 320 0.008363372646272182
72 400 0.008717342279851437
73 0 0.020874962210655212
73 80 0.007237978279590607
73 160 0.02781626768410206
73 240 0.015860265120863914
73 320 0.010224445722997189
73 400 0.015692027285695076
74 0 0.014852684922516346
74 80 0.008138487115502357
74 160 0.02134140022099018
74 240 0.012973038479685783
74 320 0.008889079093933105
74 400 0.014708664268255234
75 0 0.011743944138288498
75 80 0.00816162209957838
75 160 0.007049009669572115
75 240 0.007413182407617569
75 320 0.013174178078770638
75 400 0.01600492000579834
76 0 0.03728877753019333
76 80 0.032234564423561096
76 160 0.015081098303198814
76 240 0.019389864057302475
76 320 0.012583098374307156
76 400 0.018142404034733772
77 0 0.012928059324622154
77 80 0.009543482214212418
77 160 0.006998828146606684
77 240 0.01968773454427719
77 320 0.0207513440400362
77 400 0.02322380617260933
78 0 0.00707317003980279
78 80 0.021708965301513672
78 160 0.0048513771034777164
78 240 0.007014845032244921
78 320 0.00871205236762762
78 400 0.012395787984132767
79 0 0.01892317458987236
79 80 0.013098839670419693
79 160 0.010013961233198643
79 240 0.013164101168513298
79 320 0.01409870758652687
79 400 0.01616419479250908
80 0 0.0207980889827013
80 80 0.012202796526253223
80 160 0.022987568750977516
80 240 0.02430601418018341
80 320 0.008494874462485313
80 400 0.020012225955724716
81 0 0.016545923426747322
81 80 0.028339914977550507
81 160 0.014453212730586529
81 240 0.017006201669573784
81 320 0.021711671724915504
81 400 0.017076894640922546
82 0 0.010492646135389805
82 80 0.019638802856206894
82 160 0.020604316145181656
82 240 0.024488361552357674
82 320 0.023269731551408768
82 400 0.018699778243899345
83 0 0.01491937879472971
83 80 0.011612490750849247
83 160 0.01138545386493206
83 240 0.02567594312131405
83 320 0.017394354566931725
83 400 0.02748202160000801
84 0 0.023453673347830772
84 80 0.012821980752050877
84 160 0.021008439362049103
84 240 0.012427464127540588
84 320 0.014711406081914902
84 400 0.005636359564960003
85 0 0.014260610565543175
85 80 0.018022112548351288
85 160 0.008612826466560364
85 240 0.00898528378456831
85 320 0.008978288620710373
85 400 0.014606763608753681
86 0 0.011105821467936039
86 80 0.029719166457653046
86 160 0.01436907984316349
86 240 0.016576318070292473
86 320 0.011635337956249714
86 400 0.01630261354148388
87 0 0.0311921127140522
87 80 0.02722812630236149
87 160 0.01742645725607872
87 240 0.01578027941286564
87 320 0.020640075206756592
87 400 0.015543654561042786
88 0 0.008628190495073795
88 80 0.01188609004020691
88 160 0.009022921323776245
88 240 0.009451341815292835
88 320 0.007365395314991474
88 400 0.012213646434247494
89 0 0.010348435491323471
89 80 0.02633795142173767
89 160 0.0193879846483469
89 240 0.012353837490081787
89 320 0.011662443168461323
89 400 0.008847287856042385
90 0 0.011160120368003845
90 80 0.007871253415942192
90 160 0.009883825667202473
90 240 0.045964278280735016
90 320 0.007803149055689573
90 400 0.02573847770690918
91 0 0.010252907872200012
91 80 0.010931448079645634
91 160 0.019756507128477097
91 240 0.00756741501390934
91 320 0.010715595446527004
91 400 0.007967514917254448
92 0 0.008723127655684948
92 80 0.008570860140025616
92 160 0.007501042913645506
92 240 0.012885660864412785
92 320 0.00830903835594654
92 400 0.016374900937080383
93 0 0.019774064421653748
93 80 0.012456860393285751
93 160 0.005189309362322092
93 240 0.00589550007134676
93 320 0.007147566881030798
93 400 0.016319261863827705
94 0 0.016497349366545677
94 80 0.015527601353824139
94 160 0.012060146778821945
94 240 0.012828120030462742
94 320 0.011631238274276257
94 400 0.007807831279933453
95 0 0.007455525919795036
95 80 0.011817003600299358
95 160 0.010419264435768127
95 240 0.022633597254753113
95 320 0.009081468917429447
95 400 0.004385353997349739
96 0 0.01792537420988083
96 80 0.023987600579857826
96 160 0.011495334096252918
96 240 0.00872858241200447
96 320 0.009792406111955643
96 400 0.003610775340348482
97 0 0.022455329075455666
97 80 0.008839731104671955
97 160 0.018660997971892357
97 240 0.01169620081782341
97 320 0.009863647632300854
97 400 0.009313536807894707
98 0 0.009794947691261768
98 80 0.010022452101111412
98 160 0.014855665154755116
98 240 0.014898452907800674
98 320 0.0070871831849217415
98 400 0.009625950828194618
99 0 0.014867322519421577
99 80 0.005223944783210754
99 160 0.011710785329341888
99 240 0.007575030904263258
99 320 0.012560359202325344
99 400 0.009440404362976551
100 0 0.01828876882791519
100 80 0.01699802838265896
100 160 0.016540605574846268
100 240 0.008130157366394997
100 320 0.012629025615751743
100 400 0.01300608366727829
101 0 0.007307724561542273
101 80 0.014931841753423214
101 160 0.03549107536673546
101 240 0.01494875643402338
101 320 0.01187683455646038
101 400 0.012807722203433514
102 0 0.010835248976945877
102 80 0.01600150391459465
102 160 0.009745044633746147
102 240 0.011089515872299671
102 320 0.005402596667408943
102 400 0.010466075502336025
103 0 0.011535418219864368
103 80 0.00936866644769907
103 160 0.006040104664862156
103 240 0.012947723269462585
103 320 0.0041266237385571
103 400 0.009860358200967312
104 0 0.008518765680491924
104 80 0.011556983925402164
104 160 0.006470068357884884
104 240 0.006095179822295904
104 320 0.007886715233325958
104 400 0.007341635413467884
105 0 0.008011034689843655
105 80 0.00445792730897665
105 160 0.02205614373087883
105 240 0.00592650193721056
105 320 0.0053248899057507515
105 400 0.0131187429651618
106 0 0.009732527658343315
106 80 0.012413281947374344
106 160 0.012706992216408253
106 240 0.004435885697603226
106 320 0.008177164942026138
106 400 0.012790598906576633
107 0 0.07939126342535019
107 80 0.007833827286958694
107 160 0.008741073310375214
107 240 0.007290767505764961
107 320 0.005295879673212767
107 400 0.013733770698308945
108 0 0.009510861709713936
108 80 0.007105716038495302
108 160 0.008207738399505615
108 240 0.009244980290532112
108 320 0.022693566977977753
108 400 0.01070824358612299
109 0 0.01272524893283844
109 80 0.0061215562745928764
109 160 0.009112279862165451
109 240 0.008459786884486675
109 320 0.013932771980762482
109 400 0.006645534187555313
110 0 0.007098304573446512
110 80 0.009857605211436749
110 160 0.010449542663991451
110 240 0.007613354828208685
110 320 0.010530395433306694
110 400 0.006146106868982315
111 0 0.010973015800118446
111 80 0.006881979759782553
111 160 0.00987890362739563
111 240 0.015751536935567856
111 320 0.012303326278924942
111 400 0.012633690610527992
112 0 0.013011457398533821
112 80 0.006777624599635601
112 160 0.01120416633784771
112 240 0.009472955949604511
112 320 0.07131005823612213
112 400 0.009649190120398998
113 0 0.008411581628024578
113 80 0.009124844335019588
113 160 0.016627909615635872
113 240 0.005206868518143892
113 320 0.013332443311810493
113 400 0.008861446753144264
114 0 0.009060012176632881
114 80 0.005176659673452377
114 160 0.009505808353424072
114 240 0.009360269643366337
114 320 0.012566564604640007
114 400 0.003861452452838421
115 0 0.00936825480312109
115 80 0.006734337657690048
115 160 0.004829472862184048
115 240 0.008182850666344166
115 320 0.00847804918885231
115 400 0.013691643252968788
116 0 0.006556650158017874
116 80 0.02088349312543869
116 160 0.010834839195013046
116 240 0.009957137517631054
116 320 0.005994900595396757
116 400 0.003979518543928862
117 0 0.008410322479903698
117 80 0.00899592600762844
117 160 0.0061166733503341675
117 240 0.005204233340919018
117 320 0.009507500566542149
117 400 0.006962400861084461
118 0 0.004166846629232168
118 80 0.004766581114381552
118 160 0.010988401249051094
118 240 0.010556655004620552
118 320 0.010013923980295658
118 400 0.010840670205652714
119 0 0.010785187594592571
119 80 0.007444949354976416
119 160 0.005811209324747324
119 240 0.0070715658366680145
119 320 0.005801356863230467
119 400 0.004362406209111214
120 0 0.007135143969208002
120 80 0.00648133922368288
120 160 0.00884577538818121
120 240 0.003937819041311741
120 320 0.006770000793039799
120 400 0.01334462221711874
121 0 0.013371782377362251
121 80 0.004133202601224184
121 160 0.006582410074770451
121 240 0.009483152069151402
121 320 0.015091960318386555
121 400 0.00503999600186944
122 0 0.004965915810316801
122 80 0.005585039965808392
122 160 0.011713714338839054
122 240 0.009548857808113098
122 320 0.006808781065046787
122 400 0.004223904572427273
123 0 0.007572331000119448
123 80 0.008345142938196659
123 160 0.005239685066044331
123 240 0.009436903521418571
123 320 0.011616694740951061
123 400 0.005697399843484163
124 0 0.005208729766309261
124 80 0.006786951329559088
124 160 0.00492738327011466
124 240 0.004045258741825819
124 320 0.00745801068842411
124 400 0.004169541411101818
125 0 0.009680446237325668
125 80 0.006514565087854862
125 160 0.005737734492868185
125 240 0.004814730491489172
125 320 0.007747252471745014
125 400 0.006224012468010187
126 0 0.004472207278013229
126 80 0.007041732780635357
126 160 0.0093191247433424
126 240 0.005853644572198391
126 320 0.005105062387883663
126 400 0.0032317601144313812
127 0 0.00406023720279336
127 80 0.00602544192224741
127 160 0.007333158515393734
127 240 0.005943174473941326
127 320 0.007469031494110823
127 400 0.010824022814631462
128 0 0.006545483134686947
128 80 0.009134234860539436
128 160 0.004200740251690149
128 240 0.0035358050372451544
128 320 0.010775478556752205
128 400 0.0065637924708426
129 0 0.0035267698112875223
129 80 0.01486313994973898
129 160 0.008285382762551308
129 240 0.006568329408764839
129 320 0.006193434353917837
129 400 0.007269095163792372
130 0 0.008835233747959137
130 80 0.002575808437541127
130 160 0.009026174433529377
130 240 0.0028274105861783028
130 320 0.005158125888556242
130 400 0.011122952215373516
131 0 0.009931333363056183
131 80 0.006486833561211824
131 160 0.00768449530005455
131 240 0.005416989326477051
131 320 0.0066534653306007385
131 400 0.005937617272138596
132 0 0.005326186306774616
132 80 0.011718452908098698
132 160 0.012826325371861458
132 240 0.008098158985376358
132 320 0.010240563191473484
132 400 0.006999243050813675
133 0 0.006999933626502752
133 80 0.004206283017992973
133 160 0.003001047531142831
133 240 0.0033734161406755447
133 320 0.0045766099356114864
133 400 0.005735219921916723
134 0 0.004120972473174334
134 80 0.008024415001273155
134 160 0.008325334638357162
134 240 0.0032632348593324423
134 320 0.01807800494134426
134 400 0.005127602722495794
135 0 0.011846647597849369
135 80 0.008304700255393982
135 160 0.003996054641902447
135 240 0.004990365821868181
135 320 0.006440629716962576
135 400 0.004436442628502846
136 0 0.009848680347204208
136 80 0.011551517993211746
136 160 0.009638749994337559
136 240 0.007121048402041197
136 320 0.007829136215150356
136 400 0.0032432458829134703
137 0 0.004322204738855362
137 80 0.0028651750180870295
137 160 0.00977742113173008
137 240 0.004415296018123627
137 320 0.008887496776878834
137 400 0.007096502929925919
138 0 0.003219025209546089
138 80 0.0051426044665277
138 160 0.0061011710204184055
138 240 0.008243327029049397
138 320 0.007019845303148031
138 400 0.003024311736226082
139 0 0.006506531499326229
139 80 0.008339024148881435
139 160 0.007664775010198355
139 240 0.005365694407373667
139 320 0.006387753877788782
139 400 0.0035944103728979826
140 0 0.004465735517442226
140 80 0.007180555257946253
140 160 0.011073064059019089
140 240 0.006786628160625696
140 320 0.006160152610391378
140 400 0.00497880345210433
141 0 0.0033610318787395954
141 80 0.006103632040321827
141 160 0.00898857694119215
141 240 0.006893246900290251
141 320 0.004826955497264862
141 400 0.0015657161129638553
142 0 0.006369350012391806
142 80 0.008757359348237514
142 160 0.005059937480837107
142 240 0.007678488735109568
142 320 0.006802460644394159
142 400 0.005636528600007296
143 0 0.006608349736779928
143 80 0.005484479013830423
143 160 0.005336536560207605
143 240 0.005717072635889053
143 320 0.0027256531175225973
143 400 0.003371421480551362
144 0 0.005760492291301489
144 80 0.008472979068756104
144 160 0.006163499783724546
144 240 0.005392901133745909
144 320 0.005148060154169798
144 400 0.0054735708981752396
145 0 0.0075393845327198505
145 80 0.009786644019186497
145 160 0.002988404594361782
145 240 0.005097828805446625
145 320 0.005641022697091103
145 400 0.005305514205247164
146 0 0.005326516926288605
146 80 0.005048341117799282
146 160 0.004324638284742832
146 240 0.008769934065639973
146 320 0.004846225026994944
146 400 0.00671998830512166
147 0 0.010006440803408623
147 80 0.003978399094194174
147 160 0.004096949473023415
147 240 0.003126814728602767
147 320 0.00449734553694725
147 400 0.0037787598557770252
148 0 0.003473458345979452
148 80 0.005147726275026798
148 160 0.004415469244122505
148 240 0.0068746027536690235
148 320 0.006423009559512138
148 400 0.005862401332706213
149 0 0.0043440526351332664
149 80 0.00964270532131195
149 160 0.0061471653170883656
149 240 0.0027355423662811518
149 320 0.010996605269610882
149 400 0.003240412101149559
150 0 0.0028987345285713673
150 80 0.006512104067951441
150 160 0.0023589858319610357
150 240 0.0022118091583251953
150 320 0.00722670229151845
150 400 0.006933394353836775
151 0 0.002444818615913391
151 80 0.005013600457459688
151 160 0.005470224656164646
151 240 0.007602462079375982
151 320 0.008174988441169262
151 400 0.004121328704059124
152 0 0.007685000076889992
152 80 0.0034056142903864384
152 160 0.0045717861503362656
152 240 0.005796724930405617
152 320 0.005822103004902601
152 400 0.002385594416409731
153 0 0.004352631978690624
153 80 0.007438438944518566
153 160 0.004849073477089405
153 240 0.006528669036924839
153 320 0.007691642735153437
153 400 0.006674124859273434
154 0 0.004236376378685236
154 80 0.0047067804262042046
154 160 0.007916970178484917
154 240 0.005725658964365721
154 320 0.0025092377327382565
154 400 0.0030386769212782383
155 0 0.003152203978970647
155 80 0.006267847027629614
155 160 0.006205971818417311
155 240 0.004244713112711906
155 320 0.00743061164394021
155 400 0.007231377996504307
156 0 0.0028568622656166553
156 80 0.005133289378136396
156 160 0.005153891164809465
156 240 0.00630712928250432
156 320 0.00576601829379797
156 400 0.002736576134338975
157 0 0.007032777648419142
157 80 0.003495605895295739
157 160 0.006457493174821138
157 240 0.004928402602672577
157 320 0.004545506089925766
157 400 0.005634116940200329
158 0 0.007474612910300493
158 80 0.003721504006534815
158 160 0.004986274521797895
158 240 0.0062613156624138355
158 320 0.004941978957504034
158 400 0.005439410917460918
159 0 0.004867473617196083
159 80 0.009865459986031055
159 160 0.008578837849199772
159 240 0.004362032283097506
159 320 0.0046671293675899506
159 400 0.00884868111461401
160 0 0.006289168260991573
160 80 0.007096491288393736
160 160 0.004282873589545488
160 240 0.004920592065900564
160 320 0.0033171139657497406
160 400 0.008677626959979534
161 0 0.005961824208498001
161 80 0.00536298705264926
161 160 0.005777921061962843
161 240 0.005666613578796387
161 320 0.006554991938173771
161 400 0.006385330110788345
162 0 0.004162668250501156
162 80 0.007525869645178318
162 160 0.005054414737969637
162 240 0.005789255257695913
162 320 0.0026970773469656706
162 400 0.0027629851829260588
163 0 0.003921544644981623
163 80 0.004114578943699598
163 160 0.005460032261908054
163 240 0.0040507386438548565
163 320 0.004481435753405094
163 400 0.005734025035053492
164 0 0.005308367311954498
164 80 0.00851893424987793
164 160 0.010548763908445835
164 240 0.0016352719394490123
164 320 0.0027914901729673147
164 400 0.003863795893266797
165 0 0.004049557261168957
165 80 0.005025005433708429
165 160 0.005213615018874407
165 240 0.006335536018013954
165 320 0.004218745045363903
165 400 0.0028271772898733616
166 0 0.007824590429663658
166 80 0.0036055026575922966
166 160 0.00522998720407486
166 240 0.004548034630715847
166 320 0.006350672338157892
166 400 0.0027326212730258703
167 0 0.005647280719131231
167 80 0.005337427370250225
167 160 0.0023840456269681454
167 240 0.009492666460573673
167 320 0.005402556620538235
167 400 0.00892697088420391
168 0 0.003585465718060732
168 80 0.006549487821757793
168 160 0.0020196896512061357
168 240 0.003056715475395322
168 320 0.005042368546128273
168 400 0.0007151658646762371
169 0 0.003953945357352495
169 80 0.003703287336975336
169 160 0.004658745601773262
169 240 0.0032673398964107037
169 320 0.0042370338924229145
169 400 0.0037899636663496494
170 0 0.0034183680545538664
170 80 0.0032160605769604445
170 160 0.0031321016140282154
170 240 0.004203031305223703
170 320 0.0033593785483390093
170 400 0.010760067030787468
171 0 0.009917747229337692
171 80 0.004451418295502663
171 160 0.004823203198611736
171 240 0.0038940298836678267
171 320 0.0038890938740223646
171 400 0.002765168435871601
172 0 0.0031456726137548685
172 80 0.0060899811796844006
172 160 0.0038366522639989853
172 240 0.003312074113637209
172 320 0.004287998657673597
172 400 0.004041725769639015
173 0 0.004411511588841677
173 80 0.0026641436852514744
173 160 0.005512535572052002
173 240 0.001854567090049386
173 320 0.005000903736799955
173 400 0.004441299010068178
174 0 0.0025113816373050213
174 80 0.008668226189911366
174 160 0.005603988654911518
174 240 0.003566225292161107
174 320 0.0025769025087356567
174 400 0.005900041200220585
175 0 0.00444405572488904
175 80 0.008956602774560452
175 160 0.0030123204924166203
175 240 0.002588704228401184
175 320 0.006131791975349188
175 400 0.006222863681614399
176 0 0.0031602694652974606
176 80 0.006419927813112736
176 160 0.0030387421138584614
176 240 0.0038913621101528406
176 320 0.005643671378493309
176 400 0.004874329082667828
177 0 0.008382956497371197
177 80 0.003617257345467806
177 160 0.0023890722077339888
177 240 0.0030678603798151016
177 320 0.0035082658287137747
177 400 0.005396772641688585
178 0 0.00563823152333498
178 80 0.002419125521555543
178 160 0.004738478921353817
178 240 0.0037746448069810867
178 320 0.0027116388082504272
178 400 0.009039784781634808
179 0 0.008265836164355278
179 80 0.0024672383442521095
179 160 0.006775765214115381
179 240 0.0034266822040081024
179 320 0.0031832351814955473
179 400 0.003493128577247262
180 0 0.0030342936515808105
180 80 0.00495303375646472
180 160 0.004573737736791372
180 240 0.003048665588721633
180 320 0.0042304084636271
180 400 0.005835508927702904
181 0 0.0031669591553509235
181 80 0.0032361666671931744
181 160 0.0038584298454225063
181 240 0.0023228900972753763
181 320 0.00131446891464293
181 400 0.0043824478052556515
182 0 0.007533604744821787
182 80 0.003734627738595009
182 160 0.007821564562618732
182 240 0.0037689630407840014
182 320 0.004377671983093023
182 400 0.005087698344141245
183 0 0.005263614468276501
183 80 0.004853779915720224
183 160 0.003967829514294863
183 240 0.0030752115417271852
183 320 0.00286642974242568
183 400 0.0028112034779042006
184 0 0.004384143278002739
184 80 0.002487664809450507
184 160 0.0057632350362837315
184 240 0.00470746448263526
184 320 0.005055427551269531
184 400 0.005989930126816034
185 0 0.0023726921062916517
185 80 0.004250133875757456
185 160 0.0032848927658051252
185 240 0.0034506283700466156
185 320 0.002071899827569723
185 400 0.0027232153806835413
186 0 0.005106708966195583
186 80 0.00732845114544034
186 160 0.0043849460780620575
186 240 0.003929923288524151
186 320 0.0022889012470841408
186 400 0.005797503050416708
187 0 0.004230331163853407
187 80 0.0020071850158274174
187 160 0.00262759393081069
187 240 0.002030304865911603
187 320 0.005217133089900017
187 400 0.00448576221242547
188 0 0.003276654053479433
188 80 0.0052680037915706635
188 160 0.003686159383505583
188 240 0.006063305307179689
188 320 0.001761545310728252
188 400 0.004676203243434429
189 0 0.003066337900236249
189 80 0.002896317047998309
189 160 0.0050735799595713615
189 240 0.004737467505037785
189 320 0.003802479477599263
189 400 0.005822033155709505
190 0 0.0047164540737867355
190 80 0.0028251672629266977
190 160 0.004265096504241228
190 240 0.00245909602381289
190 320 0.002805698662996292
190 400 0.005753338802605867
191 0 0.003088260069489479
191 80 0.004297257866710424
191 160 0.002182772383093834
191 240 0.005404864437878132
191 320 0.002019541570916772
191 400 0.005615361034870148
192 0 0.004966866225004196
192 80 0.004625327885150909
192 160 0.002045679371803999
192 240 0.005017491988837719
192 320 0.0038872077129781246
192 400 0.0029693807009607553
193 0 0.0022322002332657576
193 80 0.0022347262129187584
193 160 0.0035926944110542536
193 240 0.0014319524634629488
193 320 0.0021729092113673687
193 400 0.003568344982340932
194 0 0.007153996732085943
194 80 0.0048334430903196335
194 160 0.002772425301373005
194 240 0.0038666408509016037
194 320 0.0037913077976554632
194 400 0.003896660404279828
195 0 0.0028923512436449528
195 80 0.002714238129556179
195 160 0.0032486857380717993
195 240 0.005034211091697216
195 320 0.0031156702898442745
195 400 0.003339327871799469
196 0 0.001438668929040432
196 80 0.0022067450918257236
196 160 0.002257289132103324
196 240 0.0032590716145932674
196 320 0.003548008156940341
196 400 0.0037604933604598045
197 0 0.00438443711027503
197 80 0.004933512769639492
197 160 0.006177104543894529
197 240 0.003638152964413166
197 320 0.002608229871839285
197 400 0.005337114911526442
198 0 0.0028132677543908358
198 80 0.0037837158888578415
198 160 0.0039042930584400892
198 240 0.002660848665982485
198 320 0.0030208120588213205
198 400 0.00335802068002522
199 0 0.004554077982902527
199 80 0.00391353340819478
199 160 0.0031026157084852457
199 240 0.0012940008891746402
199 320 0.0022669623140245676
199 400 0.0039631687104702
200 0 0.0037697250954806805
200 80 0.0033198075834661722
200 160 0.0038056110497564077
200 240 0.005612616892904043
200 320 0.0031804204918444157
200 400 0.00395759753882885
201 0 0.00556783564388752
201 80 0.001536202384158969
201 160 0.0072097075171768665
201 240 0.0041869087144732475
201 320 0.0024935093242675066
201 400 0.005196568556129932
202 0 0.0025091259740293026
202 80 0.0054941326379776
202 160 0.0022511666174978018
202 240 0.003554987022653222
202 320 0.0019843417685478926
202 400 0.0028615889605134726
203 0 0.002794593572616577
203 80 0.005895224865525961
203 160 0.003128825919702649
203 240 0.0021218922920525074
203 320 0.0014357942854985595
203 400 0.0037732501514256
204 0 0.0020069293677806854
204 80 0.0030085609760135412
204 160 0.006321920547634363
204 240 0.003612483385950327
204 320 0.005112202372401953
204 400 0.003526766784489155
205 0 0.002894248114898801
205 80 0.005416058469563723
205 160 0.003599551972001791
205 240 0.0041181715205311775
205 320 0.0035307270009070635
205 400 0.007028760388493538
206 0 0.005571386311203241
206 80 0.004694973584264517
206 160 0.0008232701802626252
206 240 0.004044925328344107
206 320 0.003852661233395338
206 400 0.0030146464705467224
207 0 0.003063115756958723
207 80 0.0023340717889368534
207 160 0.0032333023846149445
207 240 0.0037522311322391033
207 320 0.004951785784214735
207 400 0.003449664916843176
208 0 0.0038624401204288006
208 80 0.0018939132569357753
208 160 0.00447982968762517
208 240 0.0032653342932462692
208 320 0.003949380945414305
208 400 0.0028603454120457172
209 0 0.0026724503841251135
209 80 0.002366404514759779
209 160 0.0038559369277209044
209 240 0.0030200083274394274
209 320 0.00814286433160305
209 400 0.002463053446263075
210 0 0.0037476113066077232
210 80 0.0015577856684103608
210 160 0.003798580029979348
210 240 0.0020190563518553972
210 320 0.0033029906917363405
210 400 0.0038975831121206284
211 0 0.0015395478112623096
211 80 0.0033135656267404556
211 160 0.001718305516988039
211 240 0.002519784029573202
211 320 0.003479096805676818
211 400 0.004923385567963123
212 0 0.0027197683230042458
212 80 0.0024757813662290573
212 160 0.0025627734139561653
212 240 0.00454630795866251
212 320 0.0026980906259268522
212 400 0.002487272024154663
213 0 0.004104800522327423
213 80 0.003131469711661339
213 160 0.005201720632612705
213 240 0.003534904448315501
213 320 0.003023865632712841
213 400 0.002291084034368396
214 0 0.002820745576173067
214 80 0.003645802615210414
214 160 0.004003779496997595
214 240 0.0047283475287258625
214 320 0.0031340215355157852
214 400 0.003853356000036001
215 0 0.0033123167231678963
215 80 0.0017042838735505939
215 160 0.0016115003963932395
215 240 0.0041908021084964275
215 320 0.002541976049542427
215 400 0.004148522857576609
216 0 0.0027221664786338806
216 80 0.00310638640075922
216 160 0.002735726535320282
216 240 0.003233828116208315
216 320 0.0023603502195328474
216 400 0.003068954451009631
217 0 0.007786124013364315
217 80 0.0025842231698334217
217 160 0.0019290741765871644
217 240 0.002690336899831891
217 320 0.0032866939436644316
217 400 0.0034834311809390783
218 0 0.003231171052902937
218 80 0.0024857292883098125
218 160 0.002723144367337227
218 240 0.0012975097633898258
218 320 0.0031550684943795204
218 400 0.001131238415837288
219 0 0.003983573522418737
219 80 0.0011086697923019528
219 160 0.0034819645807147026
219 240 0.0024403766728937626
219 320 0.00413677329197526
219 400 0.0024433385115116835
220 0 0.005103818140923977
220 80 0.00467831501737237
220 160 0.004336043260991573
220 240 0.002065790817141533
220 320 0.0017035522032529116
220 400 0.0020423249807208776
221 0 0.0038767880760133266
221 80 0.0023638675920665264
221 160 0.00464094802737236
221 240 0.001102749607525766
221 320 0.0032142323907464743
221 400 0.0040843551978468895
222 0 0.0033795528579503298
222 80 0.005109981633722782
222 160 0.0038989910390228033
222 240 0.004067454021424055
222 320 0.002444561803713441
222 400 0.003689451841637492
223 0 0.0026436687912791967
223 80 0.0034966529347002506
223 160 0.0032583114225417376
223 240 0.0034734040964394808
223 320 0.001711245276965201
223 400 0.0025943573564291
224 0 0.003360181348398328
224 80 0.002350480994209647
224 160 0.0023601523134857416
224 240 0.0032538059167563915
224 320 0.0012987813679501414
224 400 0.004375387914478779
225 0 0.0019995556212961674
225 80 0.001975518884137273
225 160 0.0030406946316361427
225 240 0.0023679083678871393
225 320 0.0026209051720798016
225 400 0.003464061999693513
226 0 0.0014856376219540834
226 80 0.003219792852178216
226 160 0.004250314552336931
226 240 0.004061561077833176
226 320 0.00276650651358068
226 400 0.004094550386071205
227 0 0.0017326060915365815
227 80 0.00553344190120697
227 160 0.0026582018472254276
227 240 0.00410348130390048
227 320 0.0014897920191287994
227 400 0.0035111410543322563
228 0 0.00430205836892128
228 80 0.0034647411666810513
228 160 0.0025578688364475965
228 240 0.0028490046970546246
228 320 0.0035655763931572437
228 400 0.002788796089589596
229 0 0.003089361824095249
229 80 0.0015594327123835683
229 160 0.004658655729144812
229 240 0.0020038362126797438
229 320 0.0029130473267287016
229 400 0.0021759860683232546
230 0 0.0017474440392106771
230 80 0.0034283699933439493
230 160 0.003381263231858611
230 240 0.003304350422695279
230 320 0.003578109899535775
230 400 0.004152149893343449
231 0 0.004784075077623129
231 80 0.0018595551373437047
231 160 0.004089204128831625
231 240 0.004987939726561308
231 320 0.003411536104977131
231 400 0.0035911465529352427
232 0 0.002994170179590583
232 80 0.0018342183902859688
232 160 0.0018894149689003825
232 240 0.003369277575984597
232 320 0.0025496382731944323
232 400 0.00231972080655396
233 0 0.0021232175640761852
233 80 0.0025451795663684607
233 160 0.0020049770828336477
233 240 0.0036948048509657383
233 320 0.0020291979890316725
233 400 0.002770412480458617
234 0 0.0056913490407168865
234 80 0.0038763443008065224
234 160 0.003080346854403615
234 240 0.004285039380192757
234 320 0.002720476360991597
234 400 0.0021539810113608837
235 0 0.0035653850063681602
235 80 0.0017013691831380129
235 160 0.002796864602714777
235 240 0.0029084160923957825
235 320 0.001619696500711143
235 400 0.0036828441079705954
236 0 0.0026278169825673103
236 80 0.002177848946303129
236 160 0.0023749936372041702
236 240 0.0018893374362960458
236 320 0.0028737622778862715
236 400 0.002455847105011344
237 0 0.0024928369093686342
237 80 0.001783342333510518
237 160 0.0015801724512130022
237 240 0.0015561613254249096
237 320 0.002660810248926282
237 400 0.0016968441195786
238 0 0.0015875970711931586
238 80 0.002887097653001547
238 160 0.0029172918293625116
238 240 0.0029857042245566845
238 320 0.004008128773421049
238 400 0.0017086297739297152
239 0 0.0025664281565696
239 80 0.002065451117232442
239 160 0.0014394866302609444
239 240 0.0015425659948959947
239 320 0.0023518053349107504
239 400 0.002130025764927268
240 0 0.0028309291228652
240 80 0.0011606588959693909
240 160 0.003067662473767996
240 240 0.00463967164978385
240 320 0.003084814175963402
240 400 0.0022794974502176046
241 0 0.002754579298198223
241 80 0.005956840235739946
241 160 0.0031614829786121845
241 240 0.001893423730507493
241 320 0.001006225124001503
241 400 0.0022020568139851093
242 0 0.000938328739721328
242 80 0.003856197465211153
242 160 0.002458964241668582
242 240 0.0019867245573550463
242 320 0.0035551744513213634
242 400 0.0024754696059972048
243 0 0.0007985212141647935
243 80 0.0018277822528034449
243 160 0.0028767655603587627
243 240 0.0025142382364720106
243 320 0.0009993145940825343
243 400 0.0020464418921619654
244 0 0.003895011730492115
244 80 0.002350608818233013
244 160 0.004368841648101807
244 240 0.004261709749698639
244 320 0.0018658528570085764
244 400 0.00267468998208642
245 0 0.003998837899416685
245 80 0.003391067497432232
245 160 0.003910553641617298
245 240 0.003476595738902688
245 320 0.002204009797424078
245 400 0.0010641366243362427
246 0 0.004732188303023577
246 80 0.0013302300358191133
246 160 0.0022406678181141615
246 240 0.0028141567017883062
246 320 0.0041719465516507626
246 400 0.0021597975865006447
247 0 0.002937452169135213
247 80 0.004583549220114946
247 160 0.0021195756271481514
247 240 0.002081633312627673
247 320 0.0034512276761233807
247 400 0.002858322812244296
248 0 0.0016246008453890681
248 80 0.003511156653985381
248 160 0.004030188079923391
248 240 0.003810728434473276
248 320 0.002295851008966565
248 400 0.0020809464622288942
249 0 0.0027994676493108273
249 80 0.0035236377734690905
249 160 0.0026628782507032156
249 240 0.0022106238175183535
249 320 0.0028169869910925627
249 400 0.002363076200708747
250 0 0.0019241205882281065
250 80 0.004470679443329573
250 160 0.0027125044725835323
250 240 0.0013276578392833471
250 320 0.0013379051815718412
250 400 0.0019430473912507296
251 0 0.0026874125469475985
251 80 0.0026121195405721664
251 160 0.0021747034043073654
251 240 0.002546298084780574
251 320 0.0009225729154422879
251 400 0.001882985350675881
252 0 0.0023261290043592453
252 80 0.0015400347765535116
252 160 0.0035488978028297424
252 240 0.0022256963420659304
252 320 0.002939978614449501
252 400 0.005333520006388426
253 0 0.0026881438679993153
253 80 0.002290276810526848
253 160 0.0035804500803351402
253 240 0.003089889185503125
253 320 0.0013431075494736433
253 400 0.002081480575725436
254 0 0.0024575202260166407
254 80 0.0024456020910292864
254 160 0.001311937696300447
254 240 0.0023313616402447224
254 320 0.005257399287074804
254 400 0.00244661676697433
255 0 0.0023490318562835455
255 80 0.0022812294773757458
255 160 0.0014197308337315917
255 240 0.0020439240615814924
255 320 0.005643539596349001
255 400 0.004300301428884268
256 0 0.003506446722894907
256 80 0.001584576559253037
256 160 0.0026003143284469843
256 240 0.0019073716830462217
256 320 0.0024914077948778868
256 400 0.00215244316495955
257 0 0.002347438596189022
257 80 0.0025514711160212755
257 160 0.0028595528565347195
257 240 0.002823609858751297
257 320 0.0020983198191970587
257 400 0.0018396595260128379
258 0 0.000884982873685658
258 80 0.003935420420020819
258 160 0.001805720734409988
258 240 0.0021591773256659508
258 320 0.0034242102410644293
258 400 0.00281193177215755
259 0 0.0031502663623541594
259 80 0.0034606291446834803
259 160 0.001438839826732874
259 240 0.0014179794816300273
259 320 0.0021797691006213427
259 400 0.0013355712871998549
260 0 0.002697848482057452
260 80 0.0016689231852069497
260 160 0.0030601494945585728
260 240 0.001419450738467276
260 320 0.0029873133171349764
260 400 0.004165579564869404
261 0 0.0030109144281595945
261 80 0.0026787216775119305
261 160 0.0016959176864475012
261 240 0.0024096528068184853
261 320 0.0020989670883864164
261 400 0.003990465309470892
262 0 0.0023462206590920687
262 80 0.0009241785737685859
262 160 0.0030968296341598034
262 240 0.0025812548119574785
262 320 0.0033220115583389997
262 400 0.0021985447965562344
263 0 0.003095463616773486
263 80 0.0036251165438443422
263 160 0.0012827825266867876
263 240 0.00482948450371623
263 320 0.0016860741889104247
263 400 0.0028652180917561054
264 0 0.001150364987552166
264 80 0.0017055072821676731
264 160 0.001827057683840394
264 240 0.001675521256402135
264 320 0.002307227812707424
264 400 0.0019436862785369158
265 0 0.0022315504029393196
265 80 0.0013030261034145951
265 160 0.001635325257666409
265 240 0.00296527286991477
265 320 0.004264232702553272
265 400 0.0016539506614208221
266 0 0.001610760809853673
266 80 0.002287915674969554
266 160 0.0033696554601192474
266 240 0.002184876473620534
266 320 0.0026202937588095665
266 400 0.003090317826718092
267 0 0.0030180003959685564
267 80 0.001560637610964477
267 160 0.0030006153974682093
267 240 0.00321207195520401
267 320 0.0013051551068201661
267 400 0.00158978090621531
268 0 0.0017828448908403516
268 80 0.0014732535928487778
268 160 0.003610142506659031
268 240 0.002726833103224635
268 320 0.0027475699316710234
268 400 0.0023510020691901445
269 0 0.001545018283650279
269 80 0.002247737254947424
269 160 0.0021163744386285543
269 240 0.0026127903256565332
269 320 0.0016971963923424482
269 400 0.0030928112100809813
270 0 0.003510153852403164
270 80 0.003658557077869773
270 160 0.004154984839260578
270 240 0.0024962034076452255
270 320 0.0014226674102246761
270 400 0.0019326539477333426
271 0 0.0015994799323379993
271 80 0.0011224823538213968
271 160 0.0019886803347617388
271 240 0.0029533803462982178
271 320 0.002122769597917795
271 400 0.0017738888273015618
272 0 0.0016603562980890274
272 80 0.0017431925516575575
272 160 0.002402945188805461
272 240 0.0023884985130280256
272 320 0.0038309558294713497
272 400 0.0029019045177847147
273 0 0.003217435907572508
273 80 0.0035322816111147404
273 160 0.004580257460474968
273 240 0.0019131741719320416
273 320 0.0035964727867394686
273 400 0.004372325260192156
274 0 0.004855710081756115
274 80 0.001519726007245481
274 160 0.001844360725954175
274 240 0.0011180243454873562
274 320 0.002933038165792823
274 400 0.0038754544220864773
275 0 0.002276796381920576
275 80 0.0015981851611286402
275 160 0.0017848688876256347
275 240 0.0015869124326854944
275 320 0.0029471672605723143
275 400 0.0025145024992525578
276 0 0.0015743235126137733
276 80 0.0018407738534733653
276 160 0.0020510093308985233
276 240 0.00262972223572433
276 320 0.0017443445976823568
276 400 0.003192018484696746
277 0 0.0030815282370895147
277 80 0.0025134461466223
277 160 0.002131736371666193
277 240 0.002109360648319125
277 320 0.0015472123632207513
277 400 0.00137447495944798
278 0 0.003106393851339817
278 80 0.002012538257986307
278 160 0.0029044158291071653
278 240 0.002358583267778158
278 320 0.0015253645833581686
278 400 0.0014279723400250077
279 0 0.003029417945072055
279 80 0.0022317925468087196
279 160 0.001236964832060039
279 240 0.0013601720565930009
279 320 0.003209126414731145
279 400 0.0016007967060431838
280 0 0.003463141154497862
280 80 0.0010969610884785652
280 160 0.0017934207571670413
280 240 0.003650986822322011
280 320 0.006153574213385582
280 400 0.0007785179186612368
281 0 0.00236939056776464
281 80 0.0009257640340365469
281 160 0.0019328845664858818
281 240 0.002510152757167816
281 320 0.004087991546839476
281 400 0.0010125142289325595
282 0 0.0019627229776233435
282 80 0.0012733119074255228
282 160 0.0012328510638326406
282 240 0.0019922845531255007
282 320 0.002599193248897791
282 400 0.003583993297070265
283 0 0.0033162718173116446
283 80 0.0030707609839737415
283 160 0.001899556489661336
283 240 0.0018349111778661609
283 320 0.0017120738048106432
283 400 0.002369317691773176
284 0 0.0029070267919451
284 80 0.002059749560430646
284 160 0.004613950382918119
284 240 0.0018912317464128137
284 320 0.0012317082146182656
284 400 0.0028285791631788015
285 0 0.0028964723460376263
285 80 0.0016285271849483252
285 160 0.0015589750837534666
285 240 0.0016457674792036414
285 320 0.001934856758452952
285 400 0.001658277353271842
286 0 0.002075839089229703
286 80 0.002475291257724166
286 160 0.0024825972504913807
286 240 0.003717561485245824
286 320 0.0015175023581832647
286 400 0.0032903295941650867
287 0 0.0026866733096539974
287 80 0.002049668924883008
287 160 0.0027465277817100286
287 240 0.001961848698556423
287 320 0.0018858177354559302
287 400 0.0025934414006769657
288 0 0.0006508608930744231
288 80 0.003062239848077297
288 160 0.0017636929405853152
288 240 0.0014846365666016936
288 320 0.002378361765295267
288 400 0.0013885097578167915
289 0 0.002738454844802618
289 80 0.0033469349145889282
289 160 0.0013349282089620829
289 240 0.0021863975562155247
289 320 0.0013704898301512003
289 400 0.001994571415707469
290 0 0.0021814676001667976
290 80 0.0019956629257649183
290 160 0.0011420197552070022
290 240 0.0010656180093064904
290 320 0.0018195270095020533
290 400 0.0037766038440167904
291 0 0.002147940220311284
291 80 0.0015205983072519302
291 160 0.002412272384390235
291 240 0.0015084713231772184
291 320 0.002264196751639247
291 400 0.001946456846781075
292 0 0.0027671470306813717
292 80 0.0025536823086440563
292 160 0.001838145893998444
292 240 0.002942456863820553
292 320 0.0014776196330785751
292 400 0.002250001532956958
293 0 0.0032131641637533903
293 80 0.0006668184651061893
293 160 0.002846716670319438
293 240 0.0017524082213640213
293 320 0.0044419108889997005
293 400 0.002641198690980673
294 0 0.003730270778760314
294 80 0.0007436716114170849
294 160 0.0034861110616475344
294 240 0.0012074282858520746
294 320 0.0016466109082102776
294 400 0.0015058034332469106
295 0 0.0013593595940619707
295 80 0.0010598558001220226
295 160 0.0037758706603199244
295 240 0.0024045545142143965
295 320 0.0017399549251422286
295 400 0.001676982268691063
296 0 0.0010246168822050095
296 80 0.0027942610904574394
296 160 0.002258715219795704
296 240 0.002317052101716399
296 320 0.001868529594503343
296 400 0.001201382838189602
297 0 0.0016999415820464492
297 80 0.0019998305942863226
297 160 0.003245786763727665
297 240 0.0016055188607424498
297 320 0.0024874319788068533
297 400 0.0014899723464623094
298 0 0.001948965829797089
298 80 0.0036404705606400967
298 160 0.00182088534347713
298 240 0.0009166151285171509
298 320 0.0022638512309640646
298 400 0.001924750511534512
299 0 0.0037859624717384577
299 80 0.0017100709956139326
299 160 0.0015160387847572565
299 240 0.0016708775656297803
299 320 0.0015091255772858858
299 400 0.0017808708362281322
300 0 0.0013968279818072915
300 80 0.002836700761690736
300 160 0.0017050866736099124
300 240 0.0020583970472216606
300 320 0.0019406583160161972
300 400 0.0024638634640723467
