1 0.4316824729572227 0.8761
2 0.24156413918365038 0.93175
3 0.19850830346155268 0.9445
4 0.17225490772584354 0.9525666666666667
5 0.15328908226351495 0.9579333333333333
6 0.13924960109756698 0.9626
7 0.12786368464927939 0.9654333333333334
8 0.11830815338472059 0.9684833333333334
9 0.11029070247210927 0.97105
10 0.1034395590639 0.97255
11 0.09751127697209687 0.9739
12 0.09212916327326663 0.9757666666666667
13 0.08743155823111026 0.977
14 0.08303467843975466 0.9780833333333333
15 0.07908399636620905 0.9795166666666667
16 0.07559291520384329 0.9803833333333334
17 0.07235472581025634 0.98135
18 0.06930042409709394 0.9822
19 0.06649584899038903 0.9832833333333333
20 0.06391770036013396 0.9839333333333333
21 0.061450556127120186 0.9846333333333334
22 0.05921473146986161 0.9851833333333333
23 0.05718862973272737 0.9855666666666667
24 0.055151860382574705 0.9863833333333333
25 0.05323497969895474 0.9873666666666666
26 0.051524625979919934 0.9872166666666666
27 0.049857918192932345 0.9882
28 0.04828090409337203 0.9884666666666667
29 0.04667322314195414 0.9889166666666667
30 0.045298978805478445 0.98945
31 0.04393384310958991 0.9899833333333333
32 0.04258164549385434 0.9904666666666667
33 0.041369465044709536 0.99065
34 0.040227636228253975 0.99075
35 0.039062348091160694 0.9911666666666666
36 0.03799791458739973 0.9916666666666667
37 0.03705888919369466 0.9917166666666667
38 0.035955199055365726 0.9920833333333333
39 0.03504699306177305 0.9924833333333334
40 0.03415013130293536 0.99245
41 0.033133839213374705 0.9930166666666667
42 0.03236879015277857 0.9933
43 0.03144815422570718 0.9936333333333334
44 0.03080002204783118 0.9939
45 0.029991668874401845 0.9940666666666667
46 0.029276273226234387 0.9945166666666667
47 0.028546206671982877 0.9947166666666667
48 0.027935797560102206 0.9948
49 0.02725982694709892 0.9950666666666667
50 0.026631293356664844 0.9952833333333333
51 0.026046490295728576 0.9953333333333333
52 0.025403779588822426 0.9958333333333333
53 0.024872565275626077 0.9956333333333334
54 0.024307877420068486 0.9959666666666667
55 0.023763792083930296 0.9962166666666666
56 0.023249831331619765 0.9960833333333333
57 0.022739587535362826 0.99655
58 0.022283461228855002 0.9967
59 0.02183686639331202 0.9969
60 0.021340788210005457 0.9968166666666667
61 0.020948855157719173 0.99695
62 0.02047266842110325 0.9971833333333333
63 0.02007914647392468 0.9972833333333333
64 0.019662712270747434 0.9973166666666666
65 0.019245424137603658 0.9974666666666666
66 0.018914652170180513 0.9975666666666667
67 0.018544496915765853 0.99755
68 0.018167290656861148 0.9977666666666667
69 0.017833400152321818 0.9979333333333333
70 0.017484892440189335 0.9979833333333333
71 0.017169276246431667 0.99805
72 0.016856627249375367 0.9982
73 0.01656710073502778 0.99815
74 0.016217791079196024 0.9982
75 0.01594440884906044 0.9983166666666666
76 0.01567725203325674 0.9984
77 0.015385341904521274 0.9984
78 0.015104036040500856 0.9984666666666666
79 0.014809184714154934 0.9985
80 0.014588206791992126 0.9985833333333334
81 0.014323575969245324 0.9985333333333334
82 0.014073073823275025 0.99875
83 0.0138425737235155 0.9987166666666667
84 0.013609886865443321 0.9986833333333334
85 0.013381154984851349 0.9989
86 0.01316462748392082 0.9988666666666667
87 0.012962847894955196 0.9989
88 0.012742330225359307 0.9989166666666667
89 0.012528287599792581 0.999
90 0.012339243289532025 0.9991
91 0.012141105893657788 0.9990666666666667
92 0.011946735939364444 0.99905
93 0.011763768581880022 0.99915
94 0.011579477468005089 0.9991833333333333
95 0.011421341812913256 0.9991833333333333
96 0.011230327539952166 0.9991666666666666
97 0.011060247047325727 0.9992666666666666
98 0.010908309586230975 0.9992166666666666
99 0.010737830086418593 0.99925
100 0.010571465659727738 0.9993
101 0.010427372532088492 0.99935
102 0.010258319766334156 0.9993333333333333
103 0.010123058908811605 0.9994166666666666
104 0.009975596967496787 0.9994333333333333
105 0.009854765388983559 0.9994666666666666
106 0.009698581667110594 0.9994833333333333
107 0.009574868325600778 0.9994666666666666
108 0.009441673442888172 0.9995666666666667
109 0.009293362292756976 0.99955
110 0.009196511983597425 0.9995166666666667
111 0.009057901314904552 0.9996
112 0.008939816200210135 0.9995666666666667
113 0.008836666378242248 0.9996333333333334
114 0.008710066957433007 0.9996333333333334
115 0.008587963003387203 0.9997
116 0.008477527051985359 0.9996666666666667
117 0.00836362164151837 0.99975
118 0.008270211941274657 0.9997333333333334
119 0.008164219444554085 0.9997166666666667
120 0.008063183946739525 0.9997333333333334
121 0.007970019034407874 0.9997
122 0.00785559504655307 0.9997166666666667
123 0.007773266191771036 0.9997833333333334
124 0.007673719248770158 0.99975
125 0.007587993889352057 0.9997833333333334
126 0.007487468305540317 0.99975
127 0.007409149510805795 0.9997666666666667
128 0.007322415111284616 0.9997833333333334
129 0.0072297218401155775 0.9998333333333334
130 0.007140052309488135 0.9998
131 0.007069244400473006 0.9998166666666667
132 0.0069752564588720515 0.9998166666666667
133 0.006908402156416398 0.9998166666666667
134 0.006828575868155561 0.99985
135 0.006756209922499701 0.9998666666666667
136 0.006677512770026191 0.99985
137 0.006596625876624876 0.9998666666666667
138 0.006543383773501669 0.99985
139 0.006460982570444533 0.9999
140 0.006388780792732277 0.9998666666666667
141 0.006309232742303232 0.9998833333333333
142 0.0062619918616794385 0.9998833333333333
143 0.006187979271685057 0.9999166666666667
144 0.006125552432814132 0.9999
145 0.006061783401486176 0.9999
146 0.005998427890040584 0.9999
147 0.0059363979231645625 0.9999166666666667
148 0.005878759075208371 0.9999
149 0.005816384619012523 0.9999333333333333
150 0.005760583964520013 0.9999333333333333
151 0.005705644213495208 0.9999166666666667
152 0.005646427297271661 0.9999166666666667
153 0.005590085891871723 0.99995
154 0.005530861948034974 0.9999166666666667
155 0.0054843601979700516 0.99995
156 0.005438904856830073 0.99995
157 0.0053767548341091586 0.99995
158 0.005330753254779636 0.9999333333333333
159 0.005277910661984926 0.99995
160 0.005230254094267308 0.9999666666666667
161 0.005178468184235857 0.9999666666666667
162 0.005135762023437681 0.99995
163 0.005092149843890737 0.99995
164 0.005039471094863914 0.9999666666666667
165 0.0049919100063267165 0.9999666666666667
166 0.004947972520421356 0.9999666666666667
167 0.004907645537693705 0.9999666666666667
168 0.004861902640655891 0.9999666666666667
169 0.0048220264693118456 0.9999666666666667
170 0.004775492201642648 0.9999666666666667
171 0.004731733062521004 0.9999666666666667
172 0.00469518725652057 0.9999666666666667
173 0.004652649919534209 0.9999666666666667
174 0.004616244449597924 0.9999666666666667
175 0.00457424124633806 0.9999833333333333
176 0.004540435184460522 0.9999833333333333
177 0.004496681147755415 0.9999833333333333
178 0.004462913803404757 0.9999666666666667
179 0.00443203517048161 0.9999666666666667
180 0.004386095366111077 0.9999833333333333
181 0.004354148912283261 0.9999833333333333
182 0.00431829401545588 0.9999833333333333
183 0.004279175384922314 0.9999833333333333
184 0.004251523529673849 0.9999833333333333
185 0.004217120707715188 0.9999833333333333
186 0.004181623267112121 0.9999833333333333
187 0.004147103423305325 0.9999833333333333
188 0.00411628005092344 0.9999833333333333
189 0.004085114999696104 0.9999833333333333
190 0.004054401473858074 0.9999833333333333
191 0.004021315874511015 0.9999833333333333
192 0.003989554240307741 0.9999833333333333
193 0.0039606601005293 0.9999833333333333
194 0.003931017717404136 0.9999833333333333
195 0.003903711099487378 0.9999833333333333
196 0.0038775804952513784 0.9999833333333333
197 0.0038409537253732574 1.0
198 0.0038149107069120622 1.0
199 0.003790900717600624 0.9999833333333333
200 0.0037570620383342492 1.0
201 0.00373751851049925 0.9999833333333333
202 0.0037096257193454866 0.9999833333333333
203 0.0036828174347133397 0.9999833333333333
204 0.0036515131235809756 0.9999833333333333
205 0.003626775160965039 1.0
206 0.0036030032035054716 0.9999833333333333
207 0.0035770072384294607 1.0
208 0.003558081770335624 0.9999833333333333
209 0.0035258857679785665 0.9999833333333333
210 0.003504682759216218 1.0
211 0.003482940646612258 1.0
212 0.0034589604137024517 1.0
213 0.003431758763435394 1.0
214 0.003407660036979279 1.0
215 0.0033892607234462077 1.0
216 0.0033645737006007307 1.0
217 0.0033427225927244435 1.0
218 0.0033173481189111655 1.0
219 0.0032984139217780645 1.0
220 0.003280523258372089 1.0
221 0.003253570109578981 1.0
222 0.0032358408303879726 1.0
223 0.0032114232942434167 1.0
224 0.0031944298220655397 1.0
225 0.0031696147911413424 1.0
226 0.0031532182732769754 1.0
227 0.0031343397587837614 1.0
228 0.003111310834278549 1.0
229 0.0030946112337158814 1.0
230 0.0030732589604671617 1.0
231 0.0030555120770579206 1.0
232 0.003036819890375807 1.0
233 0.003014903206170709 1.0
234 0.0029967756577527153 1.0
235 0.0029823384446296484 1.0
236 0.0029614374308642357 1.0
237 0.002942751560147717 1.0
238 0.002927393330091577 1.0
239 0.002909745241248253 1.0
240 0.002888931002073697 1.0
241 0.002875007125042649 1.0
242 0.0028558255858105747 1.0
243 0.0028399626608006656 1.0
244 0.002825508395253099 1.0
245 0.0028096903170119407 1.0
246 0.0027906460591208644 1.0
247 0.0027781968980631444 1.0
248 0.0027609014061283567 1.0
249 0.0027448043215032945 1.0
250 0.0027251688407054905 1.0
251 0.002713821217681327 1.0
252 0.0026978600393808973 1.0
253 0.002681581969080028 1.0
254 0.0026670050892809126 1.0
255 0.0026539479855692254 1.0
256 0.0026343513688723893 1.0
257 0.002625298569786118 1.0
258 0.002609408511566733 1.0
259 0.0025899027528088372 1.0
260 0.002582518009544372 1.0
261 0.0025680659331137074 1.0
262 0.002554219929245251 1.0
263 0.0025411671073337807 1.0
264 0.002524099700939236 1.0
265 0.002512510746408667 1.0
266 0.0024996719746066057 1.0
267 0.0024852862441117987 1.0
268 0.002475103442577014 1.0
269 0.002457505697496176 1.0
270 0.00244705043024451 1.0
271 0.0024358408334704718 1.0
272 0.002421398287272152 1.0
273 0.0024087880579218555 1.0
274 0.0023954543213087964 1.0
275 0.002383737140389751 1.0
276 0.0023726115715248124 1.0
277 0.00236299032020742 1.0
278 0.0023493353809380946 1.0
279 0.0023349856393464377 1.0
280 0.002323872667413626 1.0
281 0.002314537716681944 1.0
282 0.0023036569321919272 1.0
283 0.002290085256809611 1.0
284 0.002280136822153931 1.0
285 0.0022685494075821186 1.0
286 0.002256114404576062 1.0
287 0.002246045928596378 1.0
288 0.002234245391204151 1.0
289 0.0022250149917326122 1.0
290 0.00221499536476378 1.0
291 0.0022042153173807396 1.0
292 0.002192405197381683 1.0
293 0.0021823580239165715 1.0
294 0.00217199409745439 1.0
295 0.0021601934627598044 1.0
296 0.00215115951122726 1.0
297 0.002140520690336649 1.0
298 0.002133150773270846 1.0
299 0.0021204513252905404 1.0
300 0.0021128182116745 1.0
9999 0.0020823092199862003 1.0
