1 0 2.828029155731201
1 80 0.5281886458396912
1 160 0.3924575448036194
1 240 0.4193853437900543
1 320 0.21036848425865173
1 400 0.3040653169155121
2 0 0.25307509303092957
2 80 0.22765083611011505
2 160 0.17400957643985748
2 240 0.09354279190301895
2 320 0.21888720989227295
2 400 0.19461506605148315
3 0 0.19364246726036072
3 80 0.23721718788146973
3 160 0.21867072582244873
3 240 0.17855623364448547
3 320 0.22715222835540771
3 400 0.14872562885284424
4 0 0.2006351500749588
4 80 0.1377761960029602
4 160 0.09575102478265762
4 240 0.21431925892829895
4 320 0.15288180112838745
4 400 0.1465482860803604
5 0 0.19846609234809875
5 80 0.14985314011573792
5 160 0.1241990178823471
5 240 0.09041880816221237
5 320 0.1645176112651825
5 400 0.18000240623950958
6 0 0.12652826309204102
6 80 0.1386725902557373
6 160 0.07138044387102127
6 240 0.16239947080612183
6 320 0.23853309452533722
6 400 0.07730862498283386
7 0 0.15501070022583008
7 80 0.15081271529197693
7 160 0.08250594139099121
7 240 0.1308116614818573
7 320 0.14765135943889618
7 400 0.10338771343231201
8 0 0.07888583838939667
8 80 0.10068544745445251
8 160 0.15214765071868896
8 240 0.0926629975438118
8 320 0.05579546466469765
8 400 0.06365334987640381
9 0 0.12517902255058289
9 80 0.13417793810367584
9 160 0.10673648864030838
9 240 0.1153794378042221
9 320 0.09242071211338043
9 400 0.07175026834011078
10 0 0.09213972091674805
10 80 0.09446598589420319
10 160 0.10977508872747421
10 240 0.11618713289499283
10 320 0.12101534754037857
10 400 0.05987891927361488
11 0 0.04748464375734329
11 80 0.12797854840755463
11 160 0.0905517041683197
11 240 0.1397562474012375
11 320 0.12409466505050659
11 400 0.047920744866132736
12 0 0.05749022960662842
12 80 0.047612160444259644
12 160 0.044470373541116714
12 240 0.09192744642496109
12 320 0.04297554865479469
12 400 0.058994852006435394
13 0 0.07254455238580704
13 80 0.1093812808394432
13 160 0.08452057093381882
13 240 0.13640567660331726
13 320 0.07483454793691635
13 400 0.048651691526174545
14 0 0.027192095294594765
14 80 0.10185196995735168
14 160 0.07675302028656006
14 240 0.11636555194854736
14 320 0.052737705409526825
14 400 0.1713024377822876
15 0 0.11051997542381287
15 80 0.04814768210053444
15 160 0.10146275162696838
15 240 0.04157140478491783
15 320 0.11553104966878891
15 400 0.09100298583507538
16 0 0.09610433131456375
16 80 0.12020798772573471
16 160 0.05906618386507034
16 240 0.031988583505153656
16 320 0.028413454070687294
16 400 0.09253977239131927
17 0 0.07489527016878128
17 80 0.0692516416311264
17 160 0.047994550317525864
17 240 0.04869622737169266
17 320 0.04120676964521408
17 400 0.02928568795323372
18 0 0.09816417843103409
18 80 0.07088103145360947
18 160 0.034531306475400925
18 240 0.09201722592115402
18 320 0.05189063772559166
18 400 0.062022220343351364
19 0 0.08109375834465027
19 80 0.08233829587697983
19 160 0.05100332945585251
19 240 0.05180523544549942
19 320 0.0662873238325119
19 400 0.06150570139288902
20 0 0.04378929361701012
20 80 0.038253046572208405
20 160 0.04483748972415924
20 240 0.046514950692653656
20 320 0.07167870551347733
20 400 0.03685036674141884
21 0 0.03395034372806549
21 80 0.028341548517346382
21 160 0.043741412460803986
21 240 0.046135131269693375
21 320 0.07430770248174667
21 400 0.15779508650302887
22 0 0.04936182126402855
22 80 0.07122993469238281
22 160 0.0932057797908783
22 240 0.03230836242437363
22 320 0.04625952988862991
22 400 0.04152512550354004
23 0 0.0320453979074955
23 80 0.021286187693476677
23 160 0.08128029853105545
23 240 0.032795634120702744
23 320 0.07068118453025818
23 400 0.038448866456747055
24 0 0.032179154455661774
24 80 0.04159340262413025
24 160 0.03492658957839012
24 240 0.03725876286625862
24 320 0.045001666992902756
24 400 0.08338997513055801
25 0 0.06743058562278748
25 80 0.06037340313196182
25 160 0.07213867455720901
25 240 0.04967420548200607
25 320 0.07156317681074142
25 400 0.041702862828969955
26 0 0.040271662175655365
26 80 0.05968909710645676
26 160 0.07191339135169983
26 240 0.05984724685549736
26 320 0.05938386172056198
26 400 0.06245747581124306
27 0 0.06069783866405487
27 80 0.05747295543551445
27 160 0.04278983920812607
27 240 0.031183622777462006
27 320 0.032343264669179916
27 400 0.055495813488960266
28 0 0.01818627491593361
28 80 0.027931930497288704
28 160 0.030598122626543045
28 240 0.04494156315922737
28 320 0.038437508046627045
28 400 0.028413930907845497
29 0 0.04349309206008911
29 80 0.015946196392178535
29 160 0.022438982501626015
29 240 0.06007827818393707
29 320 0.03322913125157356
29 400 0.045331813395023346
30 0 0.07354810833930969
30 80 0.02393938973546028
30 160 0.10407433658838272
30 240 0.02409340813755989
30 320 0.03710789233446121
30 400 0.04183770343661308
31 0 0.01931924745440483
31 80 0.027987290173768997
31 160 0.05811348930001259
31 240 0.06367329508066177
31 320 0.050257571041584015
31 400 0.19753646850585938
32 0 0.03723181039094925
32 80 0.027010511606931686
32 160 0.03374507650732994
32 240 0.06706015020608902
32 320 0.0543060302734375
32 400 0.013774646446108818
33 0 0.05050895735621452
33 80 0.03667270019650459
33 160 0.03253742679953575
33 240 0.023351285606622696
33 320 0.024391932412981987
33 400 0.017692597582936287
34 0 0.06343226879835129
34 80 0.049756329506635666
34 160 0.07255188375711441
34 240 0.04268987104296684
34 320 0.05915228649973869
34 400 0.028240270912647247
35 0 0.019176503643393517
35 80 0.06328010559082031
35 160 0.04608610272407532
35 240 0.05419306457042694
35 320 0.01233828067779541
35 400 0.038398511707782745
36 0 0.04282401129603386
36 80 0.0213709007948637
36 160 0.027739714831113815
36 240 0.06569558382034302
36 320 0.022585544735193253
36 400 0.031800948083400726
37 0 0.03288077190518379
37 80 0.021733520552515984
37 160 0.034276872873306274
37 240 0.02834518998861313
37 320 0.044798627495765686
37 400 0.01951233111321926
38 0 0.04377753660082817
38 80 0.034091196954250336
38 160 0.05675564706325531
38 240 0.020461540669202805
38 320 0.03112625516951084
38 400 0.017822468653321266
39 0 0.02529921382665634
39 80 0.02097860909998417
39 160 0.020913321524858475
39 240 0.018068084493279457
39 320 0.021240131929516792
39 400 0.03825677931308746
40 0 0.0230855755507946
40 80 0.01487965788692236
40 160 0.022617191076278687
40 240 0.02755672112107277
40 320 0.0631939172744751
40 400 0.0462242029607296
41 0 0.0227521825581789
41 80 0.032140109688043594
41 160 0.035509612411260605
41 240 0.03430384770035744
41 320 0.03428357467055321
41 400 0.10515309870243073
42 0 0.028230348601937294
42 80 0.020008042454719543
42 160 0.04354380816221237
42 240 0.03359215706586838
42 320 0.05905674397945404
42 400 0.034263331443071365
43 0 0.06645391136407852
43 80 0.07109159976243973
43 160 0.018229681998491287
43 240 0.05215498432517052
43 320 0.030468124896287918
43 400 0.06001921743154526
44 0 0.018923204392194748
44 80 0.027973389253020287
44 160 0.015713438391685486
44 240 0.010379640385508537
44 320 0.018490653485059738
44 400 0.03220755606889725
45 0 0.0529523603618145
45 80 0.05075953155755997
45 160 0.043225545436143875
45 240 0.012738674879074097
45 320 0.021458322182297707
45 400 0.027804093435406685
46 0 0.04201791435480118
46 80 0.026301367208361626
46 160 0.05903170257806778
46 240 0.02908894792199135
46 320 0.021071389317512512
46 400 0.03188543766736984
47 0 0.027339356020092964
47 80 0.02261687070131302
47 160 0.01711004599928856
47 240 0.0151575468480587
47 320 0.03329669311642647
47 400 0.021902527660131454
48 0 0.011208847165107727
48 80 0.04352869838476181
48 160 0.02359800599515438
48 240 0.01968379318714142
48 320 0.017382370308041573
48 400 0.037404973059892654
49 0 0.05850718915462494
49 80 0.012859852984547615
49 160 0.022212009876966476
49 240 0.03310340270400047
49 320 0.014620237983763218
49 400 0.057584188878536224
50 0 0.010921345092356205
50 80 0.04334581643342972
50 160 0.011305494233965874
50 240 0.010452061891555786
50 320 0.021834086626768112
50 400 0.032972872257232666
51 0 0.05579057335853577
51 80 0.043199580162763596
51 160 0.011038905009627342
51 240 0.024994006380438805
51 320 0.019582701846957207
51 400 0.016318429261446
52 0 0.0234066192060709
52 80 0.024476053193211555
52 160 0.04370960593223572
52 240 0.017172498628497124
52 320 0.027043677866458893
52 400 0.03511717543005943
53 0 0.012759911827743053
53 80 0.014338906854391098
53 160 0.014503410086035728
53 240 0.01352258212864399
53 320 0.04211282730102539
53 400 0.03388422355055809
54 0 0.05138162523508072
54 80 0.03225076198577881
54 160 0.017731796950101852
54 240 0.04137445613741875
54 320 0.02607312984764576
54 400 0.028372013941407204
55 0 0.028086448088288307
55 80 0.026982087641954422
55 160 0.01798086427152157
55 240 0.028202246874570847
55 320 0.014958870597183704
55 400 0.03199942409992218
56 0 0.013466567732393742
56 80 0.03580682724714279
56 160 0.0066354465670883656
56 240 0.022080469876527786
56 320 0.019923748448491096
56 400 0.0105051314458251
57 0 0.01058525126427412
57 80 0.013230880722403526
57 160 0.014764395542442799
57 240 0.03825492411851883
57 320 0.02059650607407093
57 400 0.015147973783314228
58 0 0.013159694150090218
58 80 0.01735038496553898
58 160 0.06608068943023682
58 240 0.029229087755084038
58 320 0.03824429214000702
58 400 0.018909767270088196
59 0 0.021473191678524017
59 80 0.022005630657076836
59 160 0.01675521396100521
59 240 0.08629929274320602
59 320 0.01214894000440836
59 400 0.009423770010471344
60 0 0.014020608738064766
60 80 0.025003880262374878
60 160 0.013267348520457745
60 240 0.024716142565011978
60 320 0.011390992440283298
60 400 0.02970035746693611
61 0 0.013762162998318672
61 80 0.01777515932917595
61 160 0.018487488850951195
61 240 0.012678520753979683
61 320 0.012901374138891697
61 400 0.009325199760496616
62 0 0.034203920513391495
62 80 0.02604021690785885
62 160 0.011553834192454815
62 240 0.009871436282992363
62 320 0.011616231873631477
62 400 0.010505163110792637
63 0 0.01765403524041176
63 80 0.01821123994886875
63 160 0.017394091933965683
63 240 0.01048287283629179
63 320 0.015513190999627113
63 400 0.015322426334023476
64 0 0.017323087900877
64 80 0.02466254122555256
64 160 0.019642183557152748
64 240 0.03984645754098892
64 320 0.017156165093183517
64 400 0.016570623964071274
65 0 0.016711808741092682
65 80 0.020578790456056595
65 160 0.03988064453005791
65 240 0.029289938509464264
65 320 0.020849741995334625
65 400 0.012904783710837364
66 0 0.021218540146946907
66 80 0.028431151062250137
66 160 0.015458038076758385
66 240 0.015211006626486778
66 320 0.01578560099005699
66 400 0.025239473208785057
67 0 0.021010715514421463
67 80 0.016487309709191322
67 160 0.014201449230313301
67 240 0.005961761809885502
67 320 0.04404856637120247
67 400 0.05250619724392891
68 0 0.02491946704685688
68 80 0.008475707843899727
68 160 0.015894262120127678
68 240 0.03645201772451401
68 320 0.013615361414849758
68 400 0.02565128542482853
69 0 0.025339186191558838
69 80 0.009121354669332504
69 160 0.006972679402679205
69 240 0.01007921528071165
69 320 0.018467582762241364
69 400 0.03137775510549545
70 0 0.015742823481559753
70 80 0.023768626153469086
70 160 0.010778823867440224
70 240 0.017552077770233154
70 320 0.007020305376499891
70 400 0.013848340138792992
71 0 0.006231329403817654
71 80 0.0165720172226429
71 160 0.021520240232348442
71 240 0.01619322970509529
71 320 0.009763369336724281
71 400 0.01829920895397663
72 0 0.018062403425574303
72 80 0.020228035748004913
72 160 0.014077486470341682
72 240 0.013784706592559814
72 320 0.01898094266653061
72 400 0.016551190987229347
73 0 0.009823689237236977
73 80 0.010419678874313831
73 160 0.012104814872145653
73 240 0.010098708793520927
73 320 0.020035788416862488
73 400 0.0348135270178318
74 0 0.017467252910137177
74 80 0.01738172583281994
74 160 0.01739361695945263
74 240 0.02100229449570179
74 320 0.014152579009532928
74 400 0.03190768137574196
75 0 0.0310507919639349
75 80 0.028177959844470024
75 160 0.0077535794116556644
75 240 0.016521111130714417
75 320 0.01121680811047554
75 400 0.009954951703548431
76 0 0.011418229900300503
76 80 0.009467718191444874
76 160 0.011130581609904766
76 240 0.016800159588456154
76 320 0.00924556516110897
76 400 0.01232196856290102
77 0 0.012776988558471203
77 80 0.01262514479458332
77 160 0.01788662001490593
77 240 0.02200312353670597
77 320 0.039740800857543945
77 400 0.01750781573355198
78 0 0.027103401720523834
78 80 0.020349793136119843
78 160 0.015422656200826168
78 240 0.004561244510114193
78 320 0.02133580483496189
78 400 0.026628954336047173
79 0 0.009980928152799606
79 80 0.008287222124636173
79 160 0.011903696693480015
79 240 0.014249919913709164
79 320 0.01058827992528677
79 400 0.011181040666997433
80 0 0.020102104172110558
80 80 0.020017240196466446
80 160 0.037616197019815445
80 240 0.015436837449669838
80 320 0.01271050889045
80 400 0.013307170011103153
81 0 0.012457963079214096
81 80 0.019475463777780533
81 160 0.009530198760330677
81 240 0.015669982880353928
81 320 0.00823934469372034
81 400 0.00846139807254076
82 0 0.010517441667616367
82 80 0.00912100076675415
82 160 0.01370646245777607
82 240 0.02111402526497841
82 320 0.017408721148967743
82 400 0.010873367078602314
83 0 0.030949361622333527
83 80 0.00882796198129654
83 160 0.009916257113218307
83 240 0.037480223923921585
83 320 0.008386058732867241
83 400 0.019184650853276253
84 0 0.012567440047860146
84 80 0.014420414343476295
84 160 0.014429057948291302
84 240 0.01936541683971882
84 320 0.010868063196539879
84 400 0.012595603242516518
85 0 0.015323152765631676
85 80 0.007795802783221006
85 160 0.0146908825263381
85 240 0.010099746286869049
85 320 0.020124832168221474
85 400 0.027140792459249496
86 0 0.01205145101994276
86 80 0.008015885017812252
86 160 0.020664798095822334
86 240 0.006501410622149706
86 320 0.008963179774582386
86 400 0.014785814099013805
87 0 0.008862038142979145
87 80 0.019273024052381516
87 160 0.006228708196431398
87 240 0.004631162621080875
87 320 0.01073420885950327
87 400 0.014515358954668045
88 0 0.010624139569699764
88 80 0.009085873141884804
88 160 0.015463486313819885
88 240 0.00772265437990427
88 320 0.008365197107195854
88 400 0.012613823637366295
89 0 0.006360482890158892
89 80 0.01444439496845007
89 160 0.010023943148553371
89 240 0.010621005669236183
89 320 0.005207018461078405
89 400 0.0063105979934334755
90 0 0.023925621062517166
90 80 0.012424473650753498
90 160 0.03931659832596779
90 240 0.01353497989475727
90 320 0.012249749153852463
90 400 0.014612286351621151
91 0 0.010844891890883446
91 80 0.007051429245620966
91 160 0.017319507896900177
91 240 0.013612642884254456
91 320 0.016768982633948326
91 400 0.012488664127886295
92 0 0.01573469117283821
92 80 0.004737155046314001
92 160 0.007390015758574009
92 240 0.0035174014046788216
92 320 0.03478337451815605
92 400 0.008251207880675793
93 0 0.007611108012497425
93 80 0.005372924264520407
93 160 0.008955886587500572
93 240 0.008575132116675377
93 320 0.005962688941508532
93 400 0.012093549594283104
94 0 0.008994911797344685
94 80 0.008840221911668777
94 160 0.011208846233785152
94 240 0.00704831350594759
94 320 0.008262001909315586
94 400 0.010762061923742294
95 0 0.016706885769963264
95 80 0.005759709049016237
95 160 0.012365945614874363
95 240 0.008070284500718117
95 320 0.0031037889420986176
95 400 0.0127252833917737
96 0 0.008748474530875683
96 80 0.009512756951153278
96 160 0.008994346484541893
96 240 0.011984548531472683
96 320 0.01219286397099495
96 400 0.005651610903441906
97 0 0.012783904559910297
97 80 0.005063290242105722
97 160 0.015844572335481644
97 240 0.011459535919129848
97 320 0.010610808618366718
97 400 0.01956718973815441
98 0 0.00946896243840456
98 80 0.004920766688883305
98 160 0.009334096685051918
98 240 0.0040111481212079525
98 320 0.007831101305782795
98 400 0.006517584901303053
99 0 0.010717016644775867
99 80 0.01730644889175892
99 160 0.006295827683061361
99 240 0.005798094440251589
99 320 0.006769784260541201
99 400 0.01245134137570858
100 0 0.006447863299399614
100 80 0.007042172830551863
100 160 0.006989094894379377
100 240 0.010148542001843452
100 320 0.012339960783720016
100 400 0.007050801068544388
101 0 0.00963780377060175
101 80 0.003081210423260927
101 160 0.007961034774780273
101 240 0.006228218320757151
101 320 0.007630448322743177
101 400 0.0069003333337605
102 0 0.0108474837616086
102 80 0.005422645714133978
102 160 0.007475848309695721
102 240 0.009987419471144676
102 320 0.010230112820863724
102 400 0.017722979187965393
103 0 0.013184343464672565
103 80 0.005491040647029877
103 160 0.011215894483029842
103 240 0.004691470880061388
103 320 0.007887043990194798
103 400 0.004720620345324278
104 0 0.006987627130001783
104 80 0.007287212647497654
104 160 0.009314481168985367
104 240 0.02239888533949852
104 320 0.008244704455137253
104 400 0.008850513026118279
105 0 0.007830949500203133
105 80 0.009772523306310177
105 160 0.010791593231260777
105 240 0.01136796548962593
105 320 0.005950551945716143
105 400 0.0072906166315078735
106 0 0.01710774563252926
106 80 0.00721659604460001
106 160 0.008145776577293873
106 240 0.010693985037505627
106 320 0.012069902382791042
106 400 0.01069413498044014
107 0 0.00451918039470911
107 80 0.006295674946159124
107 160 0.012633850798010826
107 240 0.005017751362174749
107 320 0.006186898797750473
107 400 0.009336194954812527
108 0 0.00711367791518569
108 80 0.009267964400351048
108 160 0.017579911276698112
108 240 0.00742373988032341
108 320 0.00957897026091814
108 400 0.006129620596766472
109 0 0.013180181384086609
109 80 0.010363765060901642
109 160 0.015535106882452965
109 240 0.021927237510681152
109 320 0.005881727207452059
109 400 0.010900614783167839
110 0 0.007194045465439558
110 80 0.005229198839515448
110 160 0.0054245940409600735
110 240 0.01045647170394659
110 320 0.013508605770766735
110 400 0.007934859953820705
111 0 0.008705809712409973
111 80 0.006478486116975546
111 160 0.0057014222256839275
111 240 0.018621323630213737
111 320 0.004493599757552147
111 400 0.012601449154317379
112 0 0.00799961294978857
112 80 0.009938148781657219
112 160 0.008861314505338669
112 240 0.01082896813750267
112 320 0.008675293996930122
112 400 0.015343919396400452
113 0 0.011256163008511066
113 80 0.010182163678109646
113 160 0.005747639574110508
113 240 0.0053223371505737305
113 320 0.037581901997327805
113 400 0.011820539832115173
114 0 0.009175065904855728
114 80 0.014676076360046864
114 160 0.010104985907673836
114 240 0.008911564946174622
114 320 0.004637153819203377
114 400 0.00909318309277296
115 0 0.004948137793689966
115 80 0.0038982941769063473
115 160 0.004349790047854185
115 240 0.0055488175712525845
115 320 0.00904141552746296
115 400 0.010564112104475498
116 0 0.01930537261068821
116 80 0.0033942728769034147
116 160 0.004486672580242157
116 240 0.008200806565582752
116 320 0.00456971162930131
116 400 0.005189894232898951
117 0 0.006595952901989222
117 80 0.009331723675131798
117 160 0.011946853250265121
117 240 0.013777187094092369
117 320 0.01259555108845234
117 400 0.0037811866495758295
118 0 0.01419620867818594
118 80 0.0075989048928022385
118 160 0.010102394036948681
118 240 0.005856955423951149
118 320 0.015177873894572258
118 400 0.004226575139909983
119 0 0.011689995415508747
119 80 0.00574183976277709
119 160 0.005018302239477634
119 240 0.011552534997463226
119 320 0.008817615918815136
119 400 0.008273184299468994
120 0 0.005874455440789461
120 80 0.008486580103635788
120 160 0.005396125838160515
120 240 0.007011537905782461
120 320 0.00625189021229744
120 400 0.008631334640085697
121 0 0.0018617726163938642
121 80 0.010780290700495243
121 160 0.008184380829334259
121 240 0.004941548686474562
121 320 0.004381008446216583
121 400 0.00856205727905035
122 0 0.008536439388990402
122 80 0.0058864811435341835
122 160 0.0062136538326740265
122 240 0.006047917529940605
122 320 0.007215048652142286
122 400 0.010037235915660858
123 0 0.025716131553053856
123 80 0.0037640880327671766
123 160 0.004241552669554949
123 240 0.011432487517595291
123 320 0.005483143962919712
123 400 0.006922829430550337
124 0 0.0044695353135466576
124 80 0.0036048151087015867
124 160 0.008453200571238995
124 240 0.006497479509562254
124 320 0.0062844338826835155
124 400 0.004974327515810728
125 0 0.008012339472770691
125 80 0.0038778134621679783
125 160 0.012381419539451599
125 240 0.008136436343193054
125 320 0.004954195115715265
125 400 0.003580991644412279
126 0 0.006766101345419884
126 80 0.0058781239204108715
126 160 0.005228272173553705
126 240 0.0047218999825417995
126 320 0.002814994426444173
126 400 0.006669309921562672
127 0 0.004006651695817709
127 80 0.004301799461245537
127 160 0.005210220813751221
127 240 0.00402267649769783
127 320 0.005366502795368433
127 400 0.0038102692924439907
128 0 0.003096044296398759
128 80 0.01337234117090702
128 160 0.007348037324845791
128 240 0.02467735856771469
128 320 0.00390476081520319
128 400 0.011765647679567337
129 0 0.006580739747732878
129 80 0.006288356613367796
129 160 0.007003176957368851
129 240 0.01108479406684637
129 320 0.0035204922314733267
129 400 0.003345683217048645
130 0 0.0036429811734706163
130 80 0.010251984931528568
130 160 0.0027336340863257647
130 240 0.008789844810962677
130 320 0.006330096162855625
130 400 0.007995235733687878
131 0 0.005365564953535795
131 80 0.006890264805406332
131 160 0.004100254736840725
131 240 0.00689801387488842
131 320 0.003983562812209129
131 400 0.007306355983018875
132 0 0.0026571531780064106
132 80 0.006097929086536169
132 160 0.004324559587985277
132 240 0.011397512629628181
132 320 0.006644546985626221
132 400 0.007929127663373947
133 0 0.007806668523699045
133 80 0.004786160308867693
133 160 0.005517682526260614
133 240 0.009859375655651093
133 320 0.01114499568939209
133 400 0.00462875422090292
134 0 0.005216607358306646
134 80 0.008471849374473095
134 160 0.003043878125026822
134 240 0.0082698417827487
134 320 0.006759181153029203
134 400 0.0061562322080135345
135 0 0.004450529348105192
135 80 0.009644925594329834
135 160 0.00578057998791337
135 240 0.004154962487518787
135 320 0.006242686882615089
135 400 0.00564701808616519
136 0 0.0060858046635985374
136 80 0.007780028507113457
136 160 0.005562875885516405
136 240 0.013193815015256405
136 320 0.012638755142688751
136 400 0.00565378786996007
137 0 0.0028216280043125153
137 80 0.0018786494620144367
137 160 0.006552388891577721
137 240 0.00718210032209754
137 320 0.0023917825892567635
137 400 0.005547144915908575
138 0 0.003788825124502182
138 80 0.006389422807842493
138 160 0.004448594991117716
138 240 0.009687556885182858
138 320 0.004831795580685139
138 400 0.00343078700825572
139 0 0.00220025097951293
139 80 0.0045136683620512486
139 160 0.006683473475277424
139 240 0.006686023436486721
139 320 0.005918543320149183
139 400 0.006556754931807518
140 0 0.006803868338465691
140 80 0.0028684502467513084
140 160 0.0056128292344510555
140 240 0.00595296174287796
140 320 0.006018517073243856
140 400 0.0036511230282485485
141 0 0.003494531847536564
141 80 0.004333966411650181
141 160 0.006353216711431742
141 240 0.0035284932237118483
141 320 0.005171373952180147
141 400 0.007016009651124477
142 0 0.006723466794937849
142 80 0.005053521133959293
142 160 0.010938302613794804
142 240 0.007449934259057045
142 320 0.0016397456638514996
142 400 0.004441564437001944
143 0 0.0034238731022924185
143 80 0.003686176845803857
143 160 0.0029525079298764467
143 240 0.009389949031174183
143 320 0.003213641932234168
143 400 0.0031209366861730814
144 0 0.004063669592142105
144 80 0.0050530522130429745
144 160 0.00599316181614995
144 240 0.0075139920227229595
144 320 0.005850115790963173
144 400 0.003915857058018446
145 0 0.009783144108951092
145 80 0.007560766767710447
145 160 0.004805655684322119
145 240 0.005945419427007437
145 320 0.006353123113512993
145 400 0.007047412451356649
146 0 0.005182765424251556
146 80 0.005826007574796677
146 160 0.005948652978986502
146 240 0.0031006287317723036
146 320 0.007839536294341087
146 400 0.004266687668859959
147 0 0.007786101195961237
147 80 0.005100988317281008
147 160 0.0016350388759747148
147 240 0.0064657023176550865
147 320 0.008232122287154198
147 400 0.007183648180216551
148 0 0.00758381886407733
148 80 0.003907476551830769
148 160 0.007227063644677401
148 240 0.002455085748806596
148 320 0.004658926278352737
148 400 0.0025742121506482363
149 0 0.00454287976026535
149 80 0.0036913256626576185
149 160 0.006680316757410765
149 240 0.0058625563979148865
149 320 0.004989778157323599
149 400 0.009167680516839027
150 0 0.0035891644656658173
150 80 0.007345075253397226
150 160 0.010884441435337067
150 240 0.004174612462520599
150 320 0.0057127466425299644
150 400 0.00381665863096714
151 0 0.00976773165166378
151 80 0.00664421496912837
151 160 0.003831220557913184
151 240 0.007658794522285461
151 320 0.0029786520171910524
151 400 0.004516586661338806
152 0 0.0065655214712023735
152 80 0.0051344698294997215
152 160 0.004036379978060722
152 240 0.010807590559124947
152 320 0.003806200809776783
152 400 0.005572780966758728
153 0 0.005033539142459631
153 80 0.005384823773056269
153 160 0.006480701733380556
153 240 0.005565077066421509
153 320 0.004198586568236351
153 400 0.0020084150601178408
154 0 0.0032432060688734055
154 80 0.0029020258225500584
154 160 0.005378157831728458
154 240 0.0048103635199368
154 320 0.005602709017693996
154 400 0.006692218128591776
155 0 0.007283635437488556
155 80 0.01156520750373602
155 160 0.002820379100739956
155 240 0.005744701251387596
155 320 0.006688093766570091
155 400 0.004721868317574263
156 0 0.006007834803313017
156 80 0.006371479481458664
156 160 0.004738046322017908
156 240 0.006790538784116507
156 320 0.00417151115834713
156 400 0.005367739126086235
157 0 0.0024517434649169445
157 80 0.0029282616451382637
157 160 0.0047994027845561504
157 240 0.005208501126617193
157 320 0.00513495784252882
157 400 0.0049259113147854805
158 0 0.0047940416261553764
158 80 0.0053442600183188915
158 160 0.00505835423246026
158 240 0.004598929081112146
158 320 0.003836745163425803
158 400 0.00352061097510159
159 0 0.00950059574097395
159 80 0.0032308546360582113
159 160 0.0028296366799622774
159 240 0.0029603615403175354
159 320 0.004645537585020065
159 400 0.0037317732349038124
160 0 0.008155637420713902
160 80 0.005806605797261
160 160 0.012126772664487362
160 240 0.0029307317454367876
160 320 0.006191522814333439
160 400 0.008069763891398907
161 0 0.0012313671177253127
161 80 0.0026866064872592688
161 160 0.004894634243100882
161 240 0.005603529047220945
161 320 0.0045073311775922775
161 400 0.008057434111833572
162 0 0.0016796652926132083
162 80 0.007842007093131542
162 160 0.0015561924083158374
162 240 0.004596867132931948
162 320 0.004145164508372545
162 400 0.01697608269751072
163 0 0.0038986492436379194
163 80 0.005212770309299231
163 160 0.004056364297866821
163 240 0.0038119095843285322
163 320 0.0025079441256821156
163 400 0.00399867445230484
164 0 0.0057081375271081924
164 80 0.00530836870893836
164 160 0.009606554172933102
164 240 0.00706581911072135
164 320 0.00475225318223238
164 400 0.004716409835964441
165 0 0.004436261020600796
165 80 0.0035721049644052982
165 160 0.0065635452046990395
165 240 0.004253089427947998
165 320 0.006135111209005117
165 400 0.004146028310060501
166 0 0.003816085634753108
166 80 0.004402029328048229
166 160 0.006855213548988104
166 240 0.00491473451256752
166 320 0.007851947098970413
166 400 0.00740079814568162
167 0 0.004429519642144442
167 80 0.0028275956865400076
167 160 0.007208274677395821
167 240 0.0023687873035669327
167 320 0.013410371728241444
167 400 0.005313535686582327
168 0 0.004166077822446823
168 80 0.008670873008668423
168 160 0.003745513968169689
168 240 0.004141504876315594
168 320 0.008392374031245708
168 400 0.003707289230078459
169 0 0.006228773854672909
169 80 0.004750370979309082
169 160 0.0038701859302818775
169 240 0.004848763812333345
169 320 0.00665177870541811
169 400 0.006266715005040169
170 0 0.010480894707143307
170 80 0.002555142855271697
170 160 0.005066532641649246
170 240 0.005605835933238268
170 320 0.004243604373186827
170 400 0.0036620963364839554
171 0 0.0049795289523899555
171 80 0.004621809348464012
171 160 0.004062193911522627
171 240 0.00470911618322134
171 320 0.0033691765274852514
171 400 0.00225661788135767
172 0 0.003975633531808853
172 80 0.005035172216594219
172 160 0.004790169652551413
172 240 0.004670861642807722
172 320 0.006794831715524197
172 400 0.0054422724060714245
173 0 0.006489891093224287
173 80 0.0011200536973774433
173 160 0.001959898741915822
173 240 0.003763090120628476
173 320 0.002583102323114872
173 400 0.0022007455118000507
174 0 0.0036055955570191145
174 80 0.005329957697540522
174 160 0.006700363475829363
174 240 0.0032531204633414745
174 320 0.00393598061054945
174 400 0.007037712261080742
175 0 0.004490329418331385
175 80 0.0009021065779961646
175 160 0.0022351315710693598
175 240 0.007289784029126167
175 320 0.005048577208071947
175 400 0.003888989333063364
176 0 0.004761156626045704
176 80 0.006217427551746368
176 160 0.002439461648464203
176 240 0.006617492530494928
176 320 0.007681768387556076
176 400 0.003205615561455488
177 0 0.006328176707029343
177 80 0.003311105305328965
177 160 0.003643308999016881
177 240 0.004053502343595028
177 320 0.004863327834755182
177 400 0.005126772448420525
178 0 0.0037856174167245626
178 80 0.0029177642427384853
178 160 0.0022553340531885624
178 240 0.004211848136037588
178 320 0.0017945660511031747
178 400 0.0015385918086394668
179 0 0.002619762672111392
179 80 0.008514058776199818
179 160 0.0019790208898484707
179 240 0.007259767968207598
179 320 0.004691838286817074
179 400 0.0028298250399529934
180 0 0.00368831236846745
180 80 0.0037457761354744434
180 160 0.004030492156744003
180 240 0.003805786371231079
180 320 0.0026364955119788647
180 400 0.004367026034742594
181 0 0.0035819443874061108
181 80 0.0031212707981467247
181 160 0.003291287226602435
181 240 0.008364738896489143
181 320 0.003841210389509797
181 400 0.005706437863409519
182 0 0.0031792232766747475
182 80 0.004757758695632219
182 160 0.004065791144967079
182 240 0.00534845981746912
182 320 0.0071328869089484215
182 400 0.004467342980206013
183 0 0.005842139944434166
183 80 0.002132707741111517
183 160 0.0034174686297774315
183 240 0.0034300461411476135
183 320 0.005352504085749388
183 400 0.0032587884925305843
184 0 0.0034419584553688765
184 80 0.005969396326690912
184 160 0.004105142783373594
184 240 0.004919597413390875
184 320 0.004153928719460964
184 400 0.00534829031676054
185 0 0.004022883251309395
185 80 0.003873188514262438
185 160 0.0035666944459080696
185 240 0.0057989186607301235
185 320 0.006555239204317331
185 400 0.0055622318759560585
186 0 0.0028912739362567663
186 80 0.005192458629608154
186 160 0.004568187985569239
186 240 0.0033812758047133684
186 320 0.003065260825678706
186 400 0.004254485014826059
187 0 0.006127192173153162
187 80 0.0037601699586957693
187 160 0.00531711196526885
187 240 0.0032753802370280027
187 320 0.00465847784653306
187 400 0.006606444250792265
188 0 0.0034003392793238163
188 80 0.0031474512070417404
188 160 0.006943682674318552
188 240 0.006017501465976238
188 320 0.002108978573232889
188 400 0.003614244982600212
189 0 0.0016432697884738445
189 80 0.0019352430244907737
189 160 0.00288735912181437
189 240 0.004207850433886051
189 320 0.0026247617788612843
189 400 0.008016638457775116
190 0 0.003198357066139579
190 80 0.003489154390990734
190 160 0.003360698465257883
190 240 0.004664238542318344
190 320 0.002158470917493105
190 400 0.0021184233482927084
191 0 0.002839211840182543
191 80 0.007022827863693237
191 160 0.006232446990907192
191 240 0.0022554374299943447
191 320 0.0064047942869365215
191 400 0.007441564928740263
192 0 0.0030828809831291437
192 80 0.004491925239562988
192 160 0.003357286797836423
192 240 0.004748675972223282
192 320 0.0046669370494782925
192 400 0.0019395340932533145
193 0 0.0039901044219732285
193 80 0.0020598466508090496
193 160 0.0058153122663497925
193 240 0.003031521337106824
193 320 0.004751408472657204
193 400 0.0024815346114337444
194 0 0.004384073428809643
194 80 0.005080487113445997
194 160 0.005654708947986364
194 240 0.0021054206881672144
194 320 0.003176613710820675
194 400 0.007893521338701248
195 0 0.004307345487177372
195 80 0.002083743689581752
195 160 0.003632356645539403
195 240 0.0045258053578436375
195 320 0.004245811607688665
195 400 0.0026873380411416292
196 0 0.0015171163249760866
196 80 0.004569470416754484
196 160 0.004392519593238831
196 240 0.0036642446648329496
196 320 0.00407209899276495
196 400 0.0037912079133093357
197 0 0.0036174850538372993
197 80 0.0025888984091579914
197 160 0.0010854045394808054
197 240 0.0029201405122876167
197 320 0.0048671141266822815
197 400 0.003952537197619677
198 0 0.002869788557291031
198 80 0.007402237970381975
198 160 0.00233715889044106
198 240 0.005025923717767
198 320 0.0035029586870223284
198 400 0.001306752092204988
199 0 0.003773289732635021
199 80 0.002475430490449071
199 160 0.004676473326981068
199 240 0.004010004457086325
199 320 0.0032385329250246286
199 400 0.002255871659144759
200 0 0.006814233493059874
200 80 0.0017710597021505237
200 160 0.0040343087166547775
200 240 0.0038061849772930145
200 320 0.005583887454122305
200 400 0.005391522776335478
201 0 0.0020834130700677633
201 80 0.0020133904181420803
201 160 0.002652845811098814
201 240 0.005681470036506653
201 320 0.0019157958449795842
201 400 0.002119780983775854
202 0 0.004744693636894226
202 80 0.004373650532215834
202 160 0.0040731108747422695
202 240 0.004164850804954767
202 320 0.0034349835477769375
202 400 0.004728298634290695
203 0 0.0056952801533043385
203 80 0.0033321280498057604
203 160 0.0022555256728082895
203 240 0.003962654620409012
203 320 0.0015759386587888002
203 400 0.002810567384585738
204 0 0.00263101514428854
204 80 0.005534693598747253
204 160 0.004889774136245251
204 240 0.00470337737351656
204 320 0.003865398233756423
204 400 0.005757416598498821
205 0 0.0021394388750195503
205 80 0.002135037211701274
205 160 0.002103306818753481
205 240 0.003265331033617258
205 320 0.0017700919415801764
205 400 0.0029812799766659737
206 0 0.0022877829615026712
206 80 0.004765373654663563
206 160 0.0034152332227677107
206 240 0.005296450573951006
206 320 0.002135230926796794
206 400 0.005940873175859451
207 0 0.0030292216688394547
207 80 0.003293053712695837
207 160 0.0019436173606663942
207 240 0.005404813680797815
207 320 0.0023582405410706997
207 400 0.005660814233124256
208 0 0.001490074093453586
208 80 0.005565904080867767
208 160 0.0045332033187150955
208 240 0.005052838008850813
208 320 0.006496849469840527
208 400 0.0012729461304843426
209 0 0.0036287992261350155
209 80 0.002122376812621951
209 160 0.0030584484338760376
209 240 0.005865258630365133
209 320 0.0062097348272800446
209 400 0.002547335112467408
210 0 0.0019273592624813318
210 80 0.00559968501329422
210 160 0.004041336011141539
210 240 0.002901183208450675
210 320 0.0032919140066951513
210 400 0.005318810231983662
211 0 0.00509305763989687
211 80 0.003192467847838998
211 160 0.0017119217664003372
211 240 0.005180114880204201
211 320 0.002698778873309493
211 400 0.003028271719813347
212 0 0.00556065421551466
212 80 0.0021291240118443966
212 160 0.0035250212531536818
212 240 0.0028512016870081425
212 320 0.0016963945236057043
212 400 0.002992489840835333
213 0 0.002610650612041354
213 80 0.002056773519143462
213 160 0.0011270438553765416
213 240 0.0037063141353428364
213 320 0.004232528153806925
213 400 0.0032405785750597715
214 0 0.00533914752304554
214 80 0.0015790036413818598
214 160 0.004064883105456829
214 240 0.0017572338692843914
214 320 0.004161453805863857
214 400 0.006266090553253889
215 0 0.0035615682136267424
215 80 0.0042697833850979805
215 160 0.006688528228551149
215 240 0.0033725358080118895
215 320 0.0021874720696359873
215 400 0.0028167455457150936
216 0 0.0023931553587317467
216 80 0.002333878306671977
216 160 0.003417872590944171
216 240 0.0033828478772193193
216 320 0.004173769149929285
216 400 0.0037566511891782284
217 0 0.0038701212033629417
217 80 0.00629539554938674
217 160 0.0025451001711189747
217 240 0.004303012043237686
217 320 0.0036060058046132326
217 400 0.0025697683449834585
218 0 0.0055999658070504665
218 80 0.005059098359197378
218 160 0.003892706474289298
218 240 0.0026426257099956274
218 320 0.0019050692208111286
218 400 0.004244236275553703
219 0 0.0031222132965922356
219 80 0.0021179316099733114
219 160 0.0037851317320019007
219 240 0.003206969704478979
219 320 0.003274370916187763
219 400 0.006798651535063982
220 0 0.005315035115927458
220 80 0.001654402120038867
220 160 0.0018790055764839053
220 240 0.002020103158429265
220 320 0.002350521506741643
220 400 0.00228803139179945
221 0 0.0032805788796395063
221 80 0.005695126950740814
221 160 0.003226072061806917
221 240 0.0018243894446641207
221 320 0.0037915229331701994
221 400 0.0045485589653253555
222 0 0.0030093376990407705
222 80 0.004193631000816822
222 160 0.0011392466258257627
222 240 0.0012121738400310278
222 320 0.0034646764397621155
222 400 0.0018102216999977827
223 0 0.004359622485935688
223 80 0.0015672920271754265
223 160 0.0017873996403068304
223 240 0.004232517909258604
223 320 0.003045372199267149
223 400 0.0021648402325809
224 0 0.0014495111536234617
224 80 0.002210083184763789
224 160 0.003005492500960827
224 240 0.0036918434780091047
224 320 0.002553969854488969
224 400 0.002124458784237504
225 0 0.0031490568071603775
225 80 0.003797314828261733
225 160 0.004234513733536005
225 240 0.00221719266846776
225 320 0.001514415256679058
225 400 0.006323633249849081
226 0 0.0015579753089696169
226 80 0.004355288110673428
226 160 0.002787432400509715
226 240 0.002021598629653454
226 320 0.003797456854954362
226 400 0.003732588142156601
227 0 0.0016839213203638792
227 80 0.004263418726623058
227 160 0.004113446921110153
227 240 0.002710050204768777
227 320 0.004995713941752911
227 400 0.004777503665536642
228 0 0.0020121876150369644
228 80 0.0027496658731251955
228 160 0.0026009853463619947
228 240 0.004063855390995741
228 320 0.0029647760093212128
228 400 0.003242459148168564
229 0 0.0029156378004699945
229 80 0.003124156268313527
229 160 0.0029204157181084156
229 240 0.002315984573215246
229 320 0.0020267292857170105
229 400 0.00278534647077322
230 0 0.004782082047313452
230 80 0.004313135985285044
230 160 0.0039858329109847546
230 240 0.0005907723680138588
230 320 0.0023208267521113157
230 400 0.004434692673385143
231 0 0.003204313339665532
231 80 0.0015545187052339315
231 160 0.0035879607312381268
231 240 0.002169060055166483
231 320 0.0011897461954504251
231 400 0.0031023051124066114
232 0 0.001661376329138875
232 80 0.0011368824634701014
232 160 0.0052857897244393826
232 240 0.0027053251396864653
232 320 0.0016943381633609533
232 400 0.001296121859923005
233 0 0.0032068926375359297
233 80 0.0035773450508713722
233 160 0.003280895994976163
233 240 0.0027853515930473804
233 320 0.002995069371536374
233 400 0.001764070475474
234 0 0.0015440401621162891
234 80 0.0026641678996384144
234 160 0.0025283577851951122
234 240 0.0018492511007934809
234 320 0.002265532035380602
234 400 0.0025656684301793575
235 0 0.004122448619455099
235 80 0.0013680041301995516
235 160 0.0043465755879879
235 240 0.0017784165684133768
235 320 0.004044884350150824
235 400 0.0023624568711966276
236 0 0.002139673102647066
236 80 0.0020126739982515574
236 160 0.004475742112845182
236 240 0.002549209399148822
236 320 0.0012644194066524506
236 400 0.004028423223644495
237 0 0.002332439413294196
237 80 0.005051981657743454
237 160 0.004260946996510029
237 240 0.0028810622170567513
237 320 0.003222906030714512
237 400 0.003606596263125539
238 0 0.004575465805828571
238 80 0.002464127726852894
238 160 0.004346874542534351
238 240 0.0029571300838142633
238 320 0.0019827934447675943
238 400 0.00212074420414865
239 0 0.0018317587673664093
239 80 0.00279699987731874
239 160 0.0017419051146134734
239 240 0.0026225324254482985
239 320 0.0017537581734359264
239 400 0.0039029051549732685
240 0 0.0021767348516732454
240 80 0.001860794727690518
240 160 0.004067831207066774
240 240 0.0021806329023092985
240 320 0.0024269104469567537
240 400 0.0018929416546598077
241 0 0.002591493772342801
241 80 0.002572208410128951
241 160 0.0009828661568462849
241 240 0.003137847874313593
241 320 0.002638236153870821
241 400 0.0030425763688981533
242 0 0.002410310786217451
242 80 0.0031518200412392616
242 160 0.0019202566472813487
242 240 0.0017298310995101929
242 320 0.0030238309409469366
242 400 0.002979961922392249
243 0 0.0020710027310997248
243 80 0.006112733390182257
243 160 0.003495863638818264
243 240 0.002554188249632716
243 320 0.0042618317529559135
243 400 0.001992566278204322
244 0 0.004438977688550949
244 80 0.002315035555511713
244 160 0.004547737073153257
244 240 0.0016728393966332078
244 320 0.0037087108939886093
244 400 0.003503198968246579
245 0 0.0023837056942284107
245 80 0.0015941401943564415
245 160 0.005006976891309023
245 240 0.0038729540538042784
245 320 0.0019269546028226614
245 400 0.001417416031472385
246 0 0.004984809085726738
246 80 0.0014970829943194985
246 160 0.0031831194646656513
246 240 0.002356886165216565
246 320 0.0034028252121061087
246 400 0.0016500127967447042
247 0 0.0016046478413045406
247 80 0.0019006304210051894
247 160 0.0020914054475724697
247 240 0.003759001148864627
247 320 0.00307615683414042
247 400 0.002423696219921112
248 0 0.0011135617969557643
248 80 0.0012770264875143766
248 160 0.0020246519707143307
248 240 0.002260400215163827
248 320 0.0033139088191092014
248 400 0.0016667093150317669
249 0 0.0024329260922968388
249 80 0.0022253894712775946
249 160 0.00315292552113533
249 240 0.0027600403409451246
249 320 0.003584432415664196
249 400 0.0028631023596972227
250 0 0.004293548874557018
250 80 0.003997319843620062
250 160 0.0030947483610361814
250 240 0.0020001016091555357
250 320 0.005179957952350378
250 400 0.0017362578073516488
251 0 0.0037551764398813248
251 80 0.0027163452468812466
251 160 0.0018999467138200998
251 240 0.003310414496809244
251 320 0.0038070690352469683
251 400 0.002585344249382615
252 0 0.0027318510692566633
252 80 0.0010956263868138194
252 160 0.0032748868688941
252 240 0.005396732594817877
252 320 0.007405073847621679
252 400 0.0015055763069540262
253 0 0.0014035876374691725
253 80 0.00194115552585572
253 160 0.0021283042151480913
253 240 0.0052666328847408295
253 320 0.0017358673503622413
253 400 0.002816805150359869
254 0 0.0022407325450330973
254 80 0.0023080201353877783
254 160 0.0025751274079084396
254 240 0.0026529242750257254
254 320 0.003655065782368183
254 400 0.0030721549410372972
255 0 0.004374500829726458
255 80 0.003910102415829897
255 160 0.003224537940695882
255 240 0.0015695340698584914
255 320 0.0035179760307073593
255 400 0.0032486889977008104
256 0 0.0019301573047414422
256 80 0.002531140111386776
256 160 0.0011407634010538459
256 240 0.0021111497189849615
256 320 0.0020946322474628687
256 400 0.002094749826937914
257 0 0.003379600588232279
257 80 0.002311257878318429
257 160 0.0018837280804291368
257 240 0.006848848890513182
257 320 0.002451820531859994
257 400 0.0020056080538779497
258 0 0.0013625940773636103
258 80 0.002333491574972868
258 160 0.0014998544938862324
258 240 0.001965448958799243
258 320 0.0028538801707327366
258 400 0.0028496826998889446
259 0 0.0010614963248372078
259 80 0.0015040498692542315
259 160 0.0010909835109487176
259 240 0.0017362732905894518
259 320 0.0022503011859953403
259 400 0.0029607051983475685
260 0 0.001638786168769002
260 80 0.0023763033095747232
260 160 0.0043633184395730495
260 240 0.001141978777013719
260 320 0.003080758498981595
260 400 0.0033032128121703863
261 0 0.0015172794228419662
261 80 0.0034965286031365395
261 160 0.002411802764981985
261 240 0.00403292803093791
261 320 0.00312318024225533
261 400 0.0040619331412017345
262 0 0.0034152199514210224
262 80 0.0033785603009164333
262 160 0.00380405830219388
262 240 0.0015811126213520765
262 320 0.003064560703933239
262 400 0.003309024265035987
263 0 0.004112509544938803
263 80 0.0028417683206498623
263 160 0.004654793068766594
263 240 0.0033720291685312986
263 320 0.0015313647454604506
263 400 0.00355321541428566
264 0 0.0017578699626028538
264 80 0.002061581239104271
264 160 0.0015667787520214915
264 240 0.0016909836558625102
264 320 0.0038133212365210056
264 400 0.002291836543008685
265 0 0.002037960570305586
265 80 0.0017991418717429042
265 160 0.001972538884729147
265 240 0.0014180621365085244
265 320 0.001744714449159801
265 400 0.0033852194901555777
266 0 0.00174295948818326
266 80 0.0009974970016628504
266 160 0.0031326517928391695
266 240 0.003283146768808365
266 320 0.0024791834875941277
266 400 0.0023547939490526915
267 0 0.0020683608017861843
267 80 0.00038672517985105515
267 160 0.0021116926800459623
267 240 0.0033697709441184998
267 320 0.0018995215650647879
267 400 0.003565411316230893
268 0 0.002099445555359125
268 80 0.0015404026489704847
268 160 0.001938501838594675
268 240 0.002074373187497258
268 320 0.00371280568651855
268 400 0.0019025232177227736
269 0 0.004037471953779459
269 80 0.0019024459179490805
269 160 0.0021266371477395296
269 240 0.0020840326324105263
269 320 0.0019355131080374122
269 400 0.003430591430515051
270 0 0.0020713205449283123
270 80 0.0017792334547266364
270 160 0.0033455409575253725
270 240 0.0032024355605244637
270 320 0.0039101350121200085
270 400 0.002346495632082224
271 0 0.0019225676078349352
271 80 0.0024828759487718344
271 160 0.002271438715979457
271 240 0.0042275539599359035
271 320 0.0018214264418929815
271 400 0.0021344153210520744
272 0 0.001926326542161405
272 80 0.0028707250021398067
272 160 0.003028739942237735
272 240 0.0022317373659461737
272 320 0.002973812399432063
272 400 0.0021317219361662865
273 0 0.0017028950387611985
273 80 0.0020656760316342115
273 160 0.002554494421929121
273 240 0.0036377906799316406
273 320 0.0020570422057062387
273 400 0.0017161272699013352
274 0 0.005431313533335924
274 80 0.0030394967179745436
274 160 0.0022502406500279903
274 240 0.0027030841447412968
274 320 0.0031047931406646967
274 400 0.003569232067093253
275 0 0.0017779737245291471
275 80 0.0010229318868368864
275 160 0.0019385451450943947
275 240 0.0025435895659029484
275 320 0.004044187720865011
275 400 0.003229403868317604
276 0 0.0017954267095774412
276 80 0.0010279876878485084
276 160 0.0038915188051760197
276 240 0.002105538733303547
276 320 0.001027663005515933
276 400 0.002050558337941766
277 0 0.004254981409758329
277 80 0.0012212300207465887
277 160 0.00329506304115057
277 240 0.0035505997948348522
277 320 0.002000094624236226
277 400 0.0020553350914269686
278 0 0.003142693778499961
278 80 0.0020374557934701443
278 160 0.002110586501657963
278 240 0.005117716267704964
278 320 0.0014012606116011739
278 400 0.001726279966533184
279 0 0.0017194550018757582
279 80 0.003225509077310562
279 160 0.0024884045124053955
279 240 0.00313332537189126
279 320 0.0021518066059798002
279 400 0.0017045843414962292
280 0 0.002058503683656454
280 80 0.0026912882458418608
280 160 0.0023809371050447226
280 240 0.0030865208245813847
280 320 0.0033155009150505066
280 400 0.0021163763012737036
281 0 0.0018340442329645157
281 80 0.0033889736514538527
281 160 0.002189514460042119
281 240 0.0018916323315352201
281 320 0.0025299766566604376
281 400 0.0011118946131318808
282 0 0.0026081360410898924
282 80 0.003150027710944414
282 160 0.0017138825496658683
282 240 0.0021012481302022934
282 320 0.0011339716147631407
282 400 0.0016484711086377501
283 0 0.0028349501080811024
283 80 0.003155661979690194
283 160 0.0017202888848260045
283 240 0.0012551373802125454
283 320 0.0006699259392917156
283 400 0.0023306182119995356
284 0 0.0014721198240295053
284 80 0.0036013575736433268
284 160 0.003385273739695549
284 240 0.002835782477632165
284 320 0.0024738607462495565
284 400 0.0024503180757164955
285 0 0.002400000812485814
285 80 0.001284622005186975
285 160 0.0027182172052562237
285 240 0.0018797555239871144
285 320 0.0025237547233700752
285 400 0.0020415280014276505
286 0 0.0027493268717080355
286 80 0.0017947742016986012
286 160 0.0018655476160347462
286 240 0.0014397896593436599
286 320 0.0025543568190187216
286 400 0.0017569077899679542
287 0 0.0016132534947246313
287 80 0.003505048109218478
287 160 0.0024822731502354145
287 240 0.0010280261049047112
287 320 0.002419597003608942
287 400 0.0011695853900164366
288 0 0.006392262876033783
288 80 0.0019705956801772118
288 160 0.002073966432362795
288 240 0.00256215943954885
288 320 0.0010430993279442191
288 400 0.0008594876853749156
289 0 0.003959916066378355
289 80 0.0036738559138029814
289 160 0.0011931289918720722
289 240 0.001619206159375608
289 320 0.0025668013840913773
289 400 0.002331267576664686
290 0 0.002289039082825184
290 80 0.0033146284986287355
290 160 0.0017406359547749162
290 240 0.0039918506518006325
290 320 0.0017551498021930456
290 400 0.0009573653806000948
291 0 0.0017939283279702067
291 80 0.0015937380958348513
291 160 0.0026774865109473467
291 240 0.0014902516268193722
291 320 0.0011027238797396421
291 400 0.0024384877178817987
292 0 0.002089429646730423
292 80 0.0015589921968057752
292 160 0.001887787482701242
292 240 0.0029669126961380243
292 320 0.0013526689726859331
292 400 0.002297146711498499
293 0 0.0016588674625381827
293 80 0.0024133098777383566
293 160 0.0016495672753080726
293 240 0.0020851704757660627
293 320 0.00200425717048347
293 400 0.0033116883132606745
294 0 0.0020216782577335835
294 80 0.002935306867584586
294 160 0.0023069579619914293
294 240 0.002149873413145542
294 320 0.0020474987104535103
294 400 0.002136576920747757
295 0 0.0025845104828476906
295 80 0.0023575385566800833
295 160 0.0020402963273227215
295 240 0.0013733968371525407
295 320 0.000838116800878197
295 400 0.0029124366119503975
296 0 0.001847049337811768
296 80 0.0018981893081218004
296 160 0.0021558667067438364
296 240 0.0026945092249661684
296 320 0.000640957267023623
296 400 0.0022632612381130457
297 0 0.002008917508646846
297 80 0.0014015075284987688
297 160 0.0006896095001138747
297 240 0.002275519073009491
297 320 0.003170211100950837
297 400 0.0014777588658034801
298 0 0.0021420775447040796
298 80 0.002142252866178751
298 160 0.0017958905082195997
298 240 0.0020566564053297043
298 320 0.0018354514613747597
298 400 0.0029560266993939877
299 0 0.0018326420104131103
299 80 0.0017213040264323354
299 160 0.001844867947511375
299 240 0.001438757637515664
299 320 0.0011187467025592923
299 400 0.0011496326187625527
300 0 0.0016508247936144471
300 80 0.002902890322729945
300 160 0.002193373627960682
300 240 0.0030594547279179096
300 320 0.0019128182902932167
300 400 0.002539032604545355
