1 16.92506518572378 0.8553666666666667
2 4.283226186691571 0.9172333333333333
3 3.2233523852281225 0.9288
4 2.400166078798298 0.9405
5 1.922098474310977 0.9461833333333334
6 1.7276506182179858 0.9506666666666667
7 1.8094051032543563 0.9514833333333333
8 1.4022373235601837 0.9550166666666666
9 1.157498261700744 0.9588166666666667
10 1.0748335777788807 0.9609
11 1.236288936036235 0.9608
12 1.0569661780564075 0.96115
13 0.956479270323502 0.9634166666666667
14 0.8156138433776172 0.9665166666666667
15 0.8516354786579803 0.9671166666666666
16 0.7253326742941044 0.9688333333333333
17 0.6608666284413384 0.9700833333333333
18 0.6248728986569397 0.9713166666666667
19 0.6050439548229302 0.9713166666666667
20 0.5573934226035268 0.9735333333333334
21 0.5248303830937479 0.9741833333333333
22 0.5040640643844745 0.97475
23 0.4674817842766574 0.9754
24 0.4489003214337459 0.97635
25 0.4343821656475709 0.9759333333333333
26 0.5094481753450646 0.9749833333333333
27 0.37852511289021434 0.9787333333333333
28 0.3596610209919643 0.9786333333333334
29 0.3579809576510905 0.9794333333333334
30 0.29684415479420373 0.9815666666666667
31 0.3143176361607811 0.9802833333333333
32 0.2985207318397669 0.9816333333333334
33 0.2824365777698416 0.9819
34 0.24720883932881405 0.9831166666666666
35 0.24591429406650173 0.9832166666666666
36 0.23688233201642706 0.9836333333333334
37 0.2301973209995428 0.9839
38 0.22910272977776297 0.9843833333333334
39 0.19157588559110922 0.9862666666666666
40 0.20344773329228896 0.9856666666666667
41 0.17444287979916973 0.9865666666666667
42 0.1638636955461646 0.9869166666666667
43 0.14653392974472068 0.9879333333333333
44 0.14550824531621767 0.9875333333333334
45 0.12701009538545924 0.9888666666666667
46 0.13934119779427245 0.9883833333333333
47 0.10172409791723692 0.9900833333333333
48 0.10160063689186294 0.9906333333333334
49 0.0994960744766969 0.9909166666666667
50 0.09863762178241837 0.9908
51 0.07298862602161564 0.9922666666666666
52 0.07476588851088774 0.9920333333333333
53 0.07755174566928939 0.9925
54 0.0704947016587903 0.9924
55 0.06764451573626762 0.9921333333333333
56 0.07117440266715863 0.9922666666666666
57 0.0563457590518842 0.9934
58 0.051914882600750195 0.9936
59 0.041792044003656555 0.9945833333333334
60 0.05426380787590248 0.9938
61 0.04863393321353966 0.9944333333333333
62 0.043573294025102294 0.9946166666666667
63 0.035435600704674323 0.9954666666666667
64 0.030965201160648385 0.9958666666666667
65 0.023586541063345998 0.9965166666666667
66 0.02125377443039094 0.9969166666666667
67 0.031576550764093665 0.9958333333333333
68 0.03072585628833913 0.99595
69 0.02724337158139716 0.9962833333333333
70 0.022092341562257502 0.9967
71 0.020739377983564167 0.99675
72 0.016508974031961995 0.9974333333333333
73 0.017023422517006486 0.9971666666666666
74 0.011974166323501574 0.9977666666666667
75 0.00805063478255901 0.99825
76 0.007515045098582882 0.9986
77 0.006129981670171711 0.9987666666666667
78 0.004146945412893129 0.9990166666666667
79 0.003222936719097072 0.9992833333333333
80 0.004837151357326907 0.9991333333333333
81 0.0016959530957613494 0.9995833333333334
82 0.002653180762558293 0.9995333333333334
83 0.00010559817016545296 0.99995
84 8.43465255844575e-06 1.0
85 3.1434556682632995e-06 1.0
86 2.659502062363585e-06 1.0
87 2.367367021631439e-06 1.0
88 2.1490210298351567e-06 1.0
89 1.984986476311565e-06 1.0
90 1.8504985355294843e-06 1.0
91 1.7393552881406607e-06 1.0
92 1.6477321603555852e-06 1.0
93 1.5670600063049441e-06 1.0
94 1.4976195903146463e-06 1.0
95 1.43334788558422e-06 1.0
96 1.3761292013776064e-06 1.0
97 1.3285272372574439e-06 1.0
98 1.2822230808718136e-06 1.0
99 1.2468954317452138e-06 1.0
100 1.21135147362468e-06 1.0
101 1.1676489786489291e-06 1.0
102 1.1347158323058976e-06 1.0
103 1.1047004950588379e-06 1.0
104 1.0763667357684974e-06 1.0
105 1.050377866048046e-06 1.0
106 1.0277697445819075e-06 1.0
107 1.0096450191986104e-06 1.0
108 9.80168227005755e-07 1.0
109 9.594209485521088e-07 1.0
110 9.404708073189508e-07 1.0
111 9.21947264766007e-07 1.0
112 9.039718532803691e-07 1.0
113 8.874806687600618e-07 1.0
114 8.713033275556955e-07 1.0
115 8.564189005429344e-07 1.0
116 8.41797713347348e-07 1.0
117 8.280548350354512e-07 1.0
118 8.168750605026427e-07 1.0
119 8.021452144801546e-07 1.0
120 7.94720521943938e-07 1.0
121 7.800321730561288e-07 1.0
122 7.66845687274362e-07 1.0
123 7.559357433725031e-07 1.0
124 7.456178019167612e-07 1.0
125 7.371064503432126e-07 1.0
126 7.258457604657354e-07 1.0
127 7.161721274646047e-07 1.0
128 7.073463434842682e-07 1.0
129 6.987294295019882e-07 1.0
130 6.900869599954157e-07 1.0
131 6.817051433042137e-07 1.0
132 6.739786711610075e-07 1.0
133 6.667313589019241e-07 1.0
134 6.586464840856251e-07 1.0
135 6.513975833930584e-07 1.0
136 6.44320451433465e-07 1.0
137 6.375680027555535e-07 1.0
138 6.32222088372978e-07 1.0
139 6.243867639326597e-07 1.0
140 6.180964828734228e-07 1.0
141 6.157889403234667e-07 1.0
142 6.059042371295032e-07 1.0
143 6.001900869703018e-07 1.0
144 5.947773162828227e-07 1.0
145 5.8894906739659e-07 1.0
146 5.835735285529923e-07 1.0
147 5.801264695861316e-07 1.0
148 5.73103655656593e-07 1.0
149 5.691024680958573e-07 1.0
150 5.637089931741451e-07 1.0
151 5.584996820354484e-07 1.0
152 5.537722098598185e-07 1.0
153 5.491843440096223e-07 1.0
154 5.446684737041098e-07 1.0
155 5.439541055494531e-07 1.0
156 5.360196699418635e-07 1.0
157 5.317836782180449e-07 1.0
158 5.276522938608237e-07 1.0
159 5.263481839159389e-07 1.0
160 5.198092705495877e-07 1.0
161 5.15859553450836e-07 1.0
162 5.122045159041066e-07 1.0
163 5.088754615732778e-07 1.0
164 5.051641181429964e-07 1.0
165 5.029283661886598e-07 1.0
166 4.98013710994241e-07 1.0
167 4.941948770227346e-07 1.0
168 4.908797496285058e-07 1.0
169 4.874806752736645e-07 1.0
170 4.856261163960763e-07 1.0
171 4.809952020492247e-07 1.0
172 4.779056467929603e-07 1.0
173 4.7589034736443857e-07 1.0
174 4.7295758009020306e-07 1.0
175 4.6898484643998143e-07 1.0
176 4.666182762129413e-07 1.0
177 4.6293689725161395e-07 1.0
178 4.601913271620449e-07 1.0
179 4.573301212325532e-07 1.0
180 4.545574941530733e-07 1.0
181 4.5210052438257934e-07 1.0
182 4.492265474676813e-07 1.0
183 4.4668418551913947e-07 1.0
184 4.4548588995626824e-07 1.0
185 4.416145863181498e-07 1.0
186 4.391212510034623e-07 1.0
187 4.365252013029744e-07 1.0
188 4.3413174609756376e-07 1.0
189 4.317765158081598e-07 1.0
190 4.3021357704763337e-07 1.0
191 4.2714367564501425e-07 1.0
192 4.248613060985172e-07 1.0
193 4.249668334085774e-07 1.0
194 4.203640367888963e-07 1.0
195 4.181505190802764e-07 1.0
196 4.161845130419014e-07 1.0
197 4.139410382336992e-07 1.0
198 4.1279578317328483e-07 1.0
199 4.0975344129687384e-07 1.0
200 4.0766566407699296e-07 1.0
201 4.0584318066760435e-07 1.0
202 4.036837790990066e-07 1.0
203 4.0171577863018755e-07 1.0
204 3.997801374660144e-07 1.0
205 3.979616019254286e-07 1.0
206 3.9599814909239087e-07 1.0
207 3.942557461828029e-07 1.0
208 3.92266444734998e-07 1.0
209 3.908609765847022e-07 1.0
210 3.886326505668008e-07 1.0
211 3.8688561107457644e-07 1.0
212 3.8525836634494787e-07 1.0
213 3.834298533950345e-07 1.0
214 3.8191444715069224e-07 1.0
215 3.8002835149340135e-07 1.0
216 3.7837586836060254e-07 1.0
217 3.7673670558600565e-07 1.0
218 3.751755716776484e-07 1.0
219 3.7347013622830713e-07 1.0
220 3.718885779031131e-07 1.0
221 3.703941864917387e-07 1.0
222 3.687595879495737e-07 1.0
223 3.6809334021798615e-07 1.0
224 3.6571805793167966e-07 1.0
225 3.66320353291203e-07 1.0
226 3.6274799048359663e-07 1.0
227 3.6126492812103236e-07 1.0
228 3.5993077664469597e-07 1.0
229 3.583305543410605e-07 1.0
230 3.569011138982413e-07 1.0
231 3.555735530842965e-07 1.0
232 3.541494247359989e-07 1.0
233 3.528536470319578e-07 1.0
234 3.5184112022258204e-07 1.0
235 3.500258046994732e-07 1.0
236 3.4870615364437483e-07 1.0
237 3.481119702329465e-07 1.0
238 3.473423984746967e-07 1.0
239 3.449558442019661e-07 1.0
240 3.4350648217131335e-07 1.0
241 3.421875339352073e-07 1.0
242 3.409684847854984e-07 1.0
243 3.397157403861666e-07 1.0
244 3.3892363179600414e-07 1.0
245 3.372875980407205e-07 1.0
246 3.3608245030005705e-07 1.0
247 3.3493820272821524e-07 1.0
248 3.336867340136059e-07 1.0
249 3.3251467746465774e-07 1.0
250 3.328529988277644e-07 1.0
251 3.302473682182419e-07 1.0
252 3.2906009117314383e-07 1.0
253 3.280938814954901e-07 1.0
254 3.2681592052425737e-07 1.0
255 3.256597281304776e-07 1.0
256 3.2454722923730405e-07 1.0
257 3.234870186003003e-07 1.0
258 3.224917235224839e-07 1.0
259 3.2132888490592324e-07 1.0
260 3.202634011951864e-07 1.0
261 3.192124466815321e-07 1.0
262 3.181562081127606e-07 1.0
263 3.171489363633352e-07 1.0
264 3.161112097134036e-07 1.0
265 3.1508342720552283e-07 1.0
266 3.1408674281153895e-07 1.0
267 3.130754961128644e-07 1.0
268 3.1209665003984535e-07 1.0
269 3.1113241584202823e-07 1.0
270 3.1014368290061817e-07 1.0
271 3.096857681822736e-07 1.0
272 3.082138190122836e-07 1.0
273 3.0725023449638566e-07 1.0
274 3.06459357321572e-07 1.0
275 3.0540375883543325e-07 1.0
276 3.0466720214914376e-07 1.0
277 3.035897481497518e-07 1.0
278 3.026545938227606e-07 1.0
279 3.017823060551572e-07 1.0
280 3.0094977817767463e-07 1.0
281 2.999563691778613e-07 1.0
282 2.9911320191418127e-07 1.0
283 2.9822108304653693e-07 1.0
284 2.9737196321546744e-07 1.0
285 2.966995640680899e-07 1.0
286 2.9562742467282075e-07 1.0
287 2.947729889019284e-07 1.0
288 2.9393711185666546e-07 1.0
289 2.93135680652157e-07 1.0
290 2.924434160485438e-07 1.0
291 2.917180738311956e-07 1.0
292 2.9064788778634323e-07 1.0
293 2.899039727060128e-07 1.0
294 2.890138306808913e-07 1.0
295 2.881858914748322e-07 1.0
296 2.874142116500773e-07 1.0
297 2.8668688140879266e-07 1.0
298 2.858490095397732e-07 1.0
299 2.8509055241857114e-07 1.0
300 2.8432017573335995e-07 1.0
9999 2.8322367029431916e-07 1.0
