1 0 2.7811784744262695
1 80 10.652684211730957
1 160 6.491513252258301
1 240 2.4062037467956543
1 320 10.362850189208984
1 400 18.665939331054688
2 0 2.0384573936462402
2 80 1.6584742069244385
2 160 4.809942245483398
2 240 3.413198232650757
2 320 4.046688556671143
2 400 3.361823320388794
3 0 3.3244056701660156
3 80 3.2892048358917236
3 160 1.0707178115844727
3 240 0.5914373397827148
3 320 2.9341330528259277
3 400 4.02736234664917
4 0 1.6972899436950684
4 80 0.5060814619064331
4 160 0.9075871706008911
4 240 2.952629566192627
4 320 2.2782399654388428
4 400 0.9472575187683105
5 0 0.45047470927238464
5 80 2.1542153358459473
5 160 1.7578814029693604
5 240 2.9170618057250977
5 320 4.0811076164245605
5 400 2.1338677406311035
6 0 2.090543031692505
6 80 0.07127037644386292
6 160 0.27488863468170166
6 240 0.644978404045105
6 320 1.44752836227417
6 400 1.7392034530639648
7 0 0.1619289368391037
7 80 0.4801870882511139
7 160 1.9135468006134033
7 240 3.4048824310302734
7 320 0.4261764585971832
7 400 0.0103620495647192
8 0 2.7774806022644043
8 80 0.7306512594223022
8 160 0.6188981533050537
8 240 1.3510034084320068
8 320 0.852368950843811
8 400 2.1136624813079834
9 0 0.513677716255188
9 80 2.958704710006714
9 160 1.709605097770691
9 240 1.2329764366149902
9 320 1.162548542022705
9 400 0.3292049765586853
10 0 1.159982681274414
10 80 0.6648731827735901
10 160 0.25448787212371826
10 240 2.4330806732177734
10 320 2.950727939605713
10 400 0.8488969802856445
11 0 0.446407288312912
11 80 0.7298485636711121
11 160 0.2762761116027832
11 240 0.8966026306152344
11 320 0.7862914800643921
11 400 1.3641817569732666
12 0 0.7621940970420837
12 80 1.2723162174224854
12 160 1.120854377746582
12 240 0.6502611637115479
12 320 0.9300353527069092
12 400 2.159785270690918
13 0 1.581658959388733
13 80 1.543272852897644
13 160 0.6972510814666748
13 240 0.8004522919654846
13 320 0.6365090608596802
13 400 0.43266016244888306
14 0 0.1919027417898178
14 80 0.4859498143196106
14 160 0.6559969782829285
14 240 0.31051626801490784
14 320 0.49495378136634827
14 400 0.9357662796974182
15 0 0.8450267910957336
15 80 0.2871357202529907
15 160 0.7311645150184631
15 240 0.2495914101600647
15 320 0.7436017990112305
15 400 1.1028132438659668
16 0 1.542106032371521
16 80 0.33667051792144775
16 160 1.379136323928833
16 240 0.34354475140571594
16 320 2.638627767562866
16 400 0.34046438336372375
17 0 1.1052889823913574
17 80 0.19736145436763763
17 160 0.6051204204559326
17 240 0.40606236457824707
17 320 0.6396716833114624
17 400 0.1974942535161972
18 0 0.732480525970459
18 80 0.7401828169822693
18 160 0.19599969685077667
18 240 0.031596239656209946
18 320 0.06605643033981323
18 400 0.1439659595489502
19 0 0.40699997544288635
19 80 0.7263583540916443
19 160 0.24858476221561432
19 240 0.31042325496673584
19 320 0.35699763894081116
19 400 0.4526000916957855
20 0 0.08002813905477524
20 80 0.4197651147842407
20 160 1.1987231969833374
20 240 0.1451209932565689
20 320 0.3050103783607483
20 400 0.7208399176597595
21 0 0.1974640190601349
21 80 1.0277942419052124
21 160 0.2833881676197052
21 240 0.27997657656669617
21 320 0.16929948329925537
21 400 1.686202049255371
22 0 1.0806735190271866e-05
22 80 0.407866507768631
22 160 0.10250026732683182
22 240 0.7750972509384155
22 320 0.6863669157028198
22 400 7.90119229350239e-05
23 0 0.5618302822113037
23 80 0.1351493000984192
23 160 1.6005215644836426
23 240 1.291020154953003
23 320 0.6389100551605225
23 400 0.13983900845050812
24 0 0.32508036494255066
24 80 1.4268006086349487
24 160 0.36725878715515137
24 240 0.016775978729128838
24 320 0.7960324883460999
24 400 0.94034343957901
25 0 0.6780349016189575
25 80 0.23381194472312927
25 160 0.06866227090358734
25 240 0.25439709424972534
25 320 0.4236520528793335
25 400 3.2561563330091303e-06
26 0 0.1366559863090515
26 80 0.8172352910041809
26 160 0.6519914865493774
26 240 0.5337210893630981
26 320 4.412877082824707
26 400 0.4232516884803772
27 0 1.2524372339248657
27 80 0.04967520013451576
27 160 0.049955375492572784
27 240 0.8336506485939026
27 320 0.3545050621032715
27 400 0.03193606063723564
28 0 0.5396581292152405
28 80 0.21061736345291138
28 160 0.4083198308944702
28 240 0.8916659951210022
28 320 0.12733276188373566
28 400 0.25353461503982544
29 0 0.16483166813850403
29 80 0.3413819968700409
29 160 0.34526485204696655
29 240 0.20960557460784912
29 320 0.25999563932418823
29 400 0.12065530568361282
30 0 0.24883058667182922
30 80 0.7449067234992981
30 160 0.00024046521866694093
30 240 0.505890965461731
30 320 0.008218547329306602
30 400 0.20775282382965088
31 0 0.014062783680856228
31 80 0.008125975728034973
31 160 0.442965567111969
31 240 0.43252331018447876
31 320 0.4027962386608124
31 400 0.40351465344429016
32 0 0.005186977796256542
32 80 0.36157214641571045
32 160 0.1488155573606491
32 240 0.32423800230026245
32 320 0.19335800409317017
32 400 0.8701357245445251
33 0 0.10985924303531647
33 80 0.6277456283569336
33 160 0.3525862395763397
33 240 0.21621370315551758
33 320 0.791418194770813
33 400 0.28765183687210083
34 0 0.03210297226905823
34 80 0.3625333309173584
34 160 2.195485467382241e-05
34 240 0.3964710533618927
34 320 1.080328999591984e-07
34 400 0.15943987667560577
35 0 0.05591338127851486
35 80 0.00018922555318567902
35 160 0.1950395554304123
35 240 0.9158722758293152
35 320 0.04360288381576538
35 400 0.05112238973379135
36 0 0.5596851110458374
36 80 1.5598186564602656e-06
36 160 0.4659281075000763
36 240 0.11149179935455322
36 320 0.024060899391770363
36 400 0.5311276912689209
37 0 0.14089243113994598
37 80 0.07984600961208344
37 160 0.020639920607209206
37 240 0.4449099898338318
37 320 0.04141378030180931
37 400 0.04081801325082779
38 0 0.05145043879747391
38 80 0.14396239817142487
38 160 5.3704068704973906e-05
38 240 0.6473289132118225
38 320 0.0049393679946660995
38 400 0.0
39 0 0.31507420539855957
39 80 0.06639986485242844
39 160 0.11361510306596756
39 240 0.13228195905685425
39 320 2.9802265544276452e-08
39 400 0.12165969610214233
40 0 0.4826115071773529
40 80 0.010408416390419006
40 160 0.35185152292251587
40 240 0.1317204385995865
40 320 0.6647388935089111
40 400 0.10935784131288528
41 0 0.00013673883222509176
41 80 0.09552346915006638
41 160 0.46713703870773315
41 240 1.1120965480804443
41 320 0.7339898347854614
41 400 0.13165487349033356
42 0 0.012553250417113304
42 80 0.029574144631624222
42 160 3.725290076417309e-09
42 240 0.40744107961654663
42 320 0.021749436855316162
42 400 0.062468577176332474
43 0 0.421354204416275
43 80 0.6945497393608093
43 160 0.2646050453186035
43 240 0.07415711134672165
43 320 0.22285252809524536
43 400 0.020155277103185654
44 0 4.790352249983698e-05
44 80 0.004148601554334164
44 160 0.36112475395202637
44 240 0.01316393818706274
44 320 0.014190016314387321
44 400 0.14719301462173462
45 0 0.03023357316851616
45 80 0.21147866547107697
45 160 0.0063292114064097404
45 240 0.042271699756383896
45 320 0.2979447841644287
45 400 0.16445061564445496
46 0 0.09346839785575867
46 80 0.09111686795949936
46 160 0.12501239776611328
46 240 0.24185514450073242
46 320 0.40681979060173035
46 400 0.019564751535654068
47 0 0.054247863590717316
47 80 0.09751266241073608
47 160 0.42222100496292114
47 240 0.24761053919792175
47 320 0.33580881357192993
47 400 0.01612316258251667
48 0 0.000265538168605417
48 80 6.813471372879576e-06
48 160 5.492781929206103e-05
48 240 0.1115921139717102
48 320 0.05666303634643555
48 400 5.579811113420874e-05
49 0 0.0047295368276536465
49 80 0.035148922353982925
49 160 0.3960058093070984
49 240 0.1307162493467331
49 320 4.954482619723422e-07
49 400 0.20189456641674042
50 0 0.03819933906197548
50 80 0.12311272323131561
50 160 0.11373334378004074
50 240 0.013843164779245853
50 320 0.06083949655294418
50 400 0.16260181367397308
51 0 4.097808670167069e-08
51 80 0.08889351040124893
51 160 0.0014278527814894915
51 240 5.569112886405492e-07
51 320 0.0007769824005663395
51 400 3.2954827474895865e-05
52 0 4.855909719481133e-05
52 80 1.6054357274697395e-06
52 160 0.05482105165719986
52 240 0.07017136365175247
52 320 9.603117359802127e-05
52 400 0.011624655686318874
53 0 0.5262384414672852
53 80 0.338703453540802
53 160 1.4226969142328016e-05
53 240 0.0770612582564354
53 320 0.000274994206847623
53 400 0.0038727628998458385
54 0 0.2021671086549759
54 80 0.00560997286811471
54 160 0.0382293164730072
54 240 0.0006523138144984841
54 320 0.0008882278925739229
54 400 0.08870692551136017
55 0 0.0004585265414789319
55 80 0.013322031125426292
55 160 0.13340207934379578
55 240 0.002204609801992774
55 320 1.1177580745425075e-05
55 400 0.013730516657233238
56 0 0.12446437031030655
56 80 1.4697113329020794e-05
56 160 1.3038510715546181e-08
56 240 0.00017843549721874297
56 320 0.005056125111877918
56 400 0.20741011202335358
57 0 0.019297562539577484
57 80 0.4491437077522278
57 160 0.10363638401031494
57 240 0.000234756909776479
57 320 0.003871247172355652
57 400 0.018289033323526382
58 0 2.1420399676230772e-08
58 80 3.653753765320289e-06
58 160 0.02715134434401989
58 240 0.03981228917837143
58 320 0.035539936274290085
58 400 0.001834861934185028
59 0 0.06833082437515259
59 80 3.297462626505876e-06
59 160 6.96042479830794e-06
59 240 0.234626904129982
59 320 0.0831417590379715
59 400 0.09062093496322632
60 0 0.0011504366993904114
60 80 0.058841608464717865
60 160 0.033923812210559845
60 240 0.0002602992462925613
60 320 0.00017499954265076667
60 400 0.13599301874637604
61 0 0.14434269070625305
61 80 0.0002509461191948503
61 160 0.007120148278772831
61 240 0.22709256410598755
61 320 3.818413318867897e-08
61 400 1.7601801971522946e-07
62 0 0.058887988328933716
62 80 0.023336831480264664
62 160 8.809814744381583e-07
62 240 3.872301385854371e-05
62 320 0.022682422772049904
62 400 2.0489069996187936e-08
63 0 0.00027744320686906576
63 80 1.359672660328215e-05
63 160 0.0
63 240 4.873953457718017e-06
63 320 2.5039846605068306e-06
63 400 0.35023459792137146
64 0 0.000987705308943987
64 80 1.672162579779979e-05
64 160 0.1450907588005066
64 240 5.164084086572984e-06
64 320 2.2537680877121602e-07
64 400 0.08816409111022949
65 0 1.949431862158235e-05
65 80 1.2293418194531114e-07
65 160 0.0009084775228984654
65 240 3.539021875553772e-08
65 320 0.12696509063243866
65 400 0.0
66 0 8.678598533151671e-05
66 80 0.0016046750824898481
66 160 0.00582491047680378
66 240 8.381900507004048e-09
66 320 1.6763802790364934e-08
66 400 0.00030853290809318423
67 0 0.00047920417273417115
67 80 5.122259594259049e-08
67 160 0.04549891874194145
67 240 1.3038439306001237e-07
67 320 0.0239483043551445
67 400 0.0001616129738977179
68 0 0.20072856545448303
68 80 2.2033826098777354e-05
68 160 9.313225191043273e-10
68 240 0.035156529396772385
68 320 0.043569669127464294
68 400 0.00021947114146314561
69 0 8.400218689530448e-07
69 80 9.313225191043273e-10
69 160 4.284072119276061e-08
69 240 0.04847453534603119
69 320 1.7115834225478466e-06
69 400 3.7252898543727042e-09
70 0 7.555897173006088e-05
70 80 0.00018678144260775298
70 160 0.10798300802707672
70 240 0.0
70 320 4.8292247811332345e-05
70 400 0.002341442508623004
71 0 0.06666353344917297
71 80 0.00012482749298214912
71 160 0.0
71 240 0.03840596601366997
71 320 0.0
71 400 2.4120882358147355e-07
72 0 0.03589390963315964
72 80 2.6106039513251744e-05
72 160 3.4831134598789504e-07
72 240 8.672317562741227e-06
72 320 5.356992915039882e-06
72 400 0.007189096417278051
73 0 1.8624233462105622e-06
73 80 0.009523103944957256
73 160 0.0853843167424202
73 240 0.0252376776188612
73 320 0.0
73 400 3.2008560083340853e-05
74 0 0.00039361228118650615
74 80 0.00043507199734449387
74 160 1.769510937776886e-08
74 240 0.0005710535915568471
74 320 0.0189809650182724
74 400 8.251082022070477e-07
75 0 1.3996559573570266e-06
75 80 0.0003712600446306169
75 160 0.0
75 240 0.02260407991707325
75 320 1.2400425475789234e-05
75 400 5.936787601967808e-06
76 0 0.0013126382837072015
76 80 9.313222193441106e-09
76 160 1.8626449271863521e-09
76 240 1.8626449271863521e-09
76 320 3.352757715902044e-08
76 400 1.1547546137080644e-06
77 0 0.0005548220360651612
77 80 4.598923624143936e-05
77 160 0.01450878195464611
77 240 0.0
77 320 5.028985015087528e-07
77 400 3.5047351047978736e-06
78 0 0.023808203637599945
78 80 0.001054345048032701
78 160 0.002978613367304206
78 240 1.1938644775000284e-06
78 320 1.8626449271863521e-09
78 400 0.016857484355568886
79 0 0.0
79 80 6.59404176985845e-05
79 160 0.00010263154399581254
79 240 2.1114603441674262e-05
79 320 1.0337613076671914e-07
79 400 6.51925624595151e-09
80 0 0.0011814942117780447
80 80 0.0
80 160 0.0
80 240 1.8626449271863521e-09
80 320 2.1420392570803415e-08
80 400 1.7534848666400649e-06
81 0 0.0011697618756443262
81 80 3.638942143879831e-05
81 160 3.826812644547317e-06
81 240 0.00022153400641400367
81 320 1.7916609067469835e-06
81 400 4.656611540809763e-09
82 0 2.9802279755131167e-08
82 80 1.4549003026331775e-05
82 160 0.0
82 240 3.770957118831575e-05
82 320 2.5774775167519692e-06
82 400 2.7939675018018306e-09
83 0 3.296845534350723e-07
83 80 0.0007429991965182126
83 160 2.6262856067660323e-07
83 240 6.51925669004072e-09
83 320 1.676378857951022e-08
83 400 9.313225191043273e-10
84 0 2.1508139980142005e-05
84 80 1.2386547609821719e-07
84 160 4.656611540809763e-09
84 240 0.0
84 320 3.073358456617825e-08
84 400 1.9464404488189757e-07
85 0 9.313220417084267e-09
85 80 1.8626449271863521e-09
85 160 0.0
85 240 1.1268923572060885e-07
85 320 0.0
85 400 1.5925554919249407e-07
86 0 1.0244543879878165e-08
86 80 4.656611540809763e-09
86 160 1.1082661188765996e-07
86 240 5.578423269980703e-07
86 320 0.0
86 400 1.9557749197929297e-08
87 0 0.0
87 80 9.313225191043273e-10
87 160 5.718117677133705e-07
87 240 0.0
87 320 5.466886250360403e-06
87 400 9.313225191043273e-10
88 0 0.0
88 80 1.5832333133403154e-07
88 160 1.7695121812266734e-08
88 240 9.313225191043273e-10
88 320 9.406301160197472e-08
88 400 2.3606853574165143e-05
89 0 6.044049882802938e-07
89 80 3.445886775921281e-08
89 160 2.3283028838250175e-08
89 240 1.9371285020497453e-07
89 320 9.313225191043273e-10
89 400 9.313225191043273e-10
90 0 6.770522986698779e-07
90 80 4.532364528131438e-06
90 160 2.5145688198335847e-08
90 240 0.0
90 320 1.0244544768056585e-08
90 400 0.0
91 0 4.842862821874405e-08
91 80 1.2107189029109122e-08
91 160 2.4575681436544983e-06
91 240 3.7252894102834944e-09
91 320 1.066581353370566e-05
91 400 3.352757360630676e-08
92 0 3.278499889347586e-06
92 80 3.985965122410562e-07
92 160 1.8626450382086546e-09
92 240 5.7741800674193655e-08
92 320 9.313225191043273e-10
92 400 1.7508668292975926e-07
93 0 1.6018586279642477e-07
93 80 8.288726860428142e-08
93 160 2.0675089729138563e-07
93 240 7.066526904964121e-06
93 320 5.44269732927205e-06
93 400 3.911550550128595e-08
94 0 3.073359167160561e-08
94 80 6.4261058696502e-08
94 160 0.0
94 240 0.0
94 320 6.065215075068409e-06
94 400 2.7939675018018306e-09
95 0 3.1478077744395705e-07
95 80 0.0
95 160 1.8626449271863521e-09
95 240 1.3038506274654083e-08
95 320 1.4117917999101337e-06
95 400 5.2153890095496536e-08
96 0 1.8478020137990825e-05
96 80 6.082893833081471e-06
96 160 3.6490082493401133e-06
96 240 1.6175449673028197e-06
96 320 1.490115231206346e-08
96 400 3.017446488229325e-07
97 0 0.0
97 80 7.450578820566989e-09
97 160 2.3096458789950702e-07
97 240 6.6307376300756e-07
97 320 4.377204376737609e-08
97 400 1.589845669514034e-05
98 0 4.656606478192771e-08
98 80 9.313220417084267e-09
98 160 9.313225191043273e-10
98 240 1.8626449271863521e-09
98 320 1.303846062228331e-07
98 400 2.6538609745330177e-06
99 0 0.0
99 80 1.3038508051010922e-08
99 160 1.676378857951022e-08
99 240 1.8626449271863521e-09
99 320 0.0
99 400 1.8626449271863521e-09
100 0 0.0
100 80 1.2945277205744787e-07
100 160 4.084964984940598e-06
100 240 7.450577932388569e-09
100 320 1.8626449271863521e-09
100 400 1.2107120994642173e-07
101 0 1.4901146982992941e-08
101 80 1.2107183700038604e-08
101 160 2.0199106529616984e-06
101 240 0.0
101 320 9.313225191043273e-10
101 400 3.073358456617825e-08
102 0 1.8626449271863521e-09
102 80 0.0
102 160 0.0
102 240 7.4505792646561986e-09
102 320 2.2351716921775733e-08
102 400 9.313225191043273e-10
103 0 1.58324731103221e-08
103 80 5.587933671336032e-09
103 160 2.5145672211124293e-08
103 240 2.3283028838250175e-08
103 320 1.490114875934978e-08
103 400 1.0587569704512134e-05
104 0 8.009332930214441e-08
104 80 2.700831380764157e-08
104 160 1.4848867067485116e-05
104 240 6.15585975083377e-07
104 320 8.059431820583995e-06
104 400 0.0
105 0 1.2107186364573863e-08
105 80 2.7101253863293095e-07
105 160 2.728728247802792e-07
105 240 5.690173452421732e-07
105 320 1.4249135915633815e-07
105 400 2.7939675018018306e-09
106 0 0.0
106 80 1.0244541215342906e-08
106 160 3.7252894102834944e-09
106 240 5.7741864623039874e-08
106 320 7.450578820566989e-09
106 400 9.592579175432547e-08
107 0 5.6810485205005534e-08
107 80 3.115619392701774e-06
107 160 4.656611984898973e-09
107 240 1.8626450382086546e-09
107 320 9.313225191043273e-10
107 400 7.325311798922485e-06
108 0 4.926541237182391e-07
108 80 9.313225191043273e-10
108 160 6.798627794069034e-08
108 240 8.381901395182467e-09
108 320 2.8125438689130533e-07
108 400 9.313225191043273e-10
109 0 6.51925669004072e-09
109 80 0.0
109 160 4.786866725225991e-07
109 240 5.164351932762656e-06
109 320 0.0
109 400 3.851935616694391e-06
110 0 2.8870946522374652e-08
110 80 3.743879801731964e-07
110 160 2.803233201120747e-07
110 240 1.9371407233848004e-07
110 320 1.8160581305437518e-07
110 400 1.9557756303356655e-08
111 0 0.0
111 80 6.782739092159318e-06
111 160 9.313225191043273e-10
111 240 1.1827707169231871e-07
111 320 1.7695111154125698e-08
111 400 0.0
112 0 1.6763801014008095e-08
112 80 5.597048016170447e-07
112 160 4.3772054425517126e-08
112 240 1.1827741985825924e-07
112 320 1.181758989332593e-06
112 400 9.313225191043273e-10
113 0 1.4341226233227644e-06
113 80 4.395727160044771e-07
113 160 3.0640160275652306e-07
113 240 4.656611984898973e-09
113 320 0.0
113 400 4.656600438579517e-08
114 0 1.8626449271863521e-09
114 80 1.9557749197929297e-08
114 160 3.7252898543727042e-09
114 240 1.8626449271863521e-09
114 320 4.677639481087681e-06
114 400 6.51925624595151e-09
115 0 1.2506700386438752e-06
115 80 0.0
115 160 4.6658084329465055e-07
115 240 3.7252894102834944e-09
115 320 0.0
115 400 1.2852160580223426e-07
116 0 0.0
116 80 1.8626449271863521e-09
116 160 9.313225191043273e-10
116 240 4.2840738956329005e-08
116 320 7.450578820566989e-09
116 400 0.0
117 0 5.587933671336032e-09
117 80 9.313172455449603e-08
117 160 9.685695090411173e-08
117 240 9.313225191043273e-10
117 320 1.1435824944783235e-06
117 400 0.0
118 0 1.676378857951022e-08
118 80 0.0
118 160 0.0
118 240 9.313225191043273e-10
118 320 0.0
118 400 8.568129317154671e-08
119 0 2.7939675018018306e-09
119 80 9.313225191043273e-10
119 160 2.819583187374519e-06
119 240 6.41654992250551e-07
119 320 9.313225191043273e-10
119 400 5.681053494299704e-08
120 0 0.0
120 80 0.0
120 160 1.8626449271863521e-09
120 240 1.0244541215342906e-08
120 320 1.459271743442514e-06
120 400 1.8626449271863521e-09
121 0 0.0
121 80 3.712330681082676e-06
121 160 7.450578820566989e-09
121 240 9.313225191043273e-10
121 320 0.0
121 400 3.436504698584031e-07
122 0 9.592586991402641e-08
122 80 2.1420389018089736e-08
122 160 0.0
122 240 1.6018614701351908e-07
122 320 2.1420389018089736e-08
122 400 1.527359927422367e-07
123 0 9.313225191043273e-10
123 80 0.0
123 160 3.604137077672931e-07
123 240 2.5132353584922384e-06
123 320 5.632854936266085e-06
123 400 5.587934559514451e-09
124 0 1.455521555726591e-06
124 80 7.320773875107989e-06
124 160 1.6063966086221626e-06
124 240 4.06256913265679e-06
124 320 9.313225191043273e-10
124 400 4.7497305644128573e-08
125 0 6.122264494479168e-06
125 80 0.0
125 160 0.0
125 240 3.445886065378545e-08
125 320 1.676373670989051e-07
125 400 0.0
126 0 1.5273541009719338e-07
126 80 3.037383748960565e-06
126 160 7.068521199471434e-07
126 240 1.8439969551309332e-07
126 320 7.07803593513745e-08
126 400 5.811236860608915e-07
127 0 3.7252894102834944e-09
127 80 2.2776830519433133e-06
127 160 2.6076989456669253e-08
127 240 2.1420394347160254e-08
127 320 0.0
127 400 1.4424855407924042e-06
128 0 2.5145331505882496e-07
128 80 1.0244541215342906e-08
128 160 4.656611540809763e-09
128 240 1.2562610436361865e-06
128 320 5.140789767210663e-07
128 400 0.0
129 0 8.754395253163239e-08
129 80 3.5359639696253e-06
129 160 4.898603833680681e-07
129 240 1.583246778125158e-08
129 320 0.0
129 400 6.239836380927954e-08
130 0 0.0
130 80 0.0
130 160 5.923087655901327e-07
130 240 2.421436562372037e-08
130 320 2.142040678165813e-08
130 400 8.316310982081632e-07
131 0 3.259625458440496e-08
131 80 0.0
131 160 4.7123501190071693e-07
131 240 0.0
131 320 6.5192553577730905e-09
131 400 1.573919661268519e-07
132 0 1.834690834812136e-07
132 80 2.8870946522374652e-08
132 160 2.786951199595933e-06
132 240 4.656611540809763e-09
132 320 3.405106554055237e-06
132 400 2.989490326399391e-07
133 0 2.0116475241138687e-07
133 80 1.699478843875113e-06
133 160 3.539017612297357e-08
133 240 0.0
133 320 3.073358456617825e-08
133 400 0.0
134 0 0.0
134 80 1.1175811920338674e-07
134 160 1.490109866608691e-07
134 240 4.768235157825984e-07
134 320 6.51925624595151e-09
134 400 3.8184175821243116e-08
135 0 2.7008326242139447e-08
135 80 1.8626450382086546e-09
135 160 5.056992335994437e-07
135 240 0.0
135 320 3.5389456343182246e-07
135 400 2.076824898722407e-07
136 0 9.313225191043273e-10
136 80 0.0
136 160 0.0
136 240 4.3584961417764134e-07
136 320 1.678994408393919e-06
136 400 7.823089731573418e-08
137 0 6.519232442769862e-08
137 80 1.1548321054988264e-07
137 160 2.890330506488681e-06
137 240 0.0
137 320 9.313225191043273e-10
137 400 4.7496749289166473e-07
138 0 7.97927987150615e-06
138 80 5.156071438250365e-06
138 160 3.352986141180736e-06
138 240 1.9557749197929297e-08
138 320 3.816734533756971e-06
138 400 1.3410958388249128e-07
139 0 1.657736561355705e-07
139 80 9.313225191043273e-10
139 160 0.0
139 240 0.0
139 320 6.519235284940805e-08
139 400 9.313225191043273e-10
140 0 9.313225191043273e-10
140 80 1.6577371297898935e-07
140 160 1.3690322475667926e-07
140 240 1.3354025441003614e-06
140 320 5.112877374813252e-07
140 400 8.288728281513613e-08
141 0 9.313225191043273e-10
141 80 1.396983329016166e-08
141 160 2.7939675018018306e-09
141 240 2.8870946522374652e-08
141 320 0.0
141 400 1.9557749197929297e-08
142 0 1.4155975236462837e-07
142 80 6.426100185308314e-08
142 160 9.313225191043273e-10
142 240 9.313225191043273e-10
142 320 0.0
142 400 6.253382707654964e-06
143 0 4.3864093868251075e-07
143 80 5.587933671336032e-09
143 160 7.450577044210149e-09
143 240 0.0
143 320 9.313225191043273e-10
143 400 1.2852194686274743e-07
144 0 3.7252898543727042e-09
144 80 8.754385305564938e-08
144 160 2.1420389018089736e-08
144 240 3.073358811889193e-08
144 320 2.8288500288908836e-06
144 400 6.612363989688674e-08
145 0 0.0
145 80 0.0
145 160 2.142040500530129e-08
145 240 5.746098850067938e-07
145 320 0.0
145 400 0.0
146 0 4.935994724064585e-08
146 80 3.445886065378545e-08
146 160 2.859110566078016e-07
146 240 4.3491573364917713e-07
146 320 2.076576492981985e-06
146 400 8.325699241140683e-07
147 0 2.1327156218831078e-07
147 80 1.0020651188824559e-06
147 160 1.1603443681451608e-06
147 240 2.7939672797572257e-09
147 320 3.539017612297357e-08
147 400 2.7939672797572257e-09
148 0 4.175865797151346e-06
148 80 0.0
148 160 2.6351983706263127e-06
148 240 0.0
148 320 1.676379035586706e-08
148 400 4.7497305644128573e-08
149 0 3.7252898543727042e-09
149 80 2.1047608811386453e-07
149 160 4.09781186760938e-08
149 240 1.8626449271863521e-09
149 320 1.0029722261606366e-06
149 400 2.477856696714298e-06
150 0 1.7601841761916148e-07
150 80 2.002318382210433e-07
150 160 2.6635461836121976e-07
150 240 0.0
150 320 8.660907724333811e-07
150 400 4.870678367296932e-07
151 0 3.632149869758905e-08
151 80 9.313170323821396e-08
151 160 9.741069106894429e-07
151 240 2.6821729193216015e-07
151 320 1.6856758122685278e-07
151 400 4.656599372765413e-08
152 0 2.914999868153245e-07
152 80 7.450577044210149e-09
152 160 3.126755473203957e-06
152 240 4.470341963269675e-08
152 320 1.7695111154125698e-08
152 400 9.406316792137659e-08
153 0 8.008992153918371e-07
153 80 4.097812222880748e-08
153 160 1.8626449271863521e-09
153 240 5.494784005577458e-08
153 320 3.203684286745556e-07
153 400 7.776165489303821e-07
154 0 7.450577044210149e-09
154 80 6.705237183268764e-07
154 160 2.1233870484138606e-07
154 240 0.0
154 320 2.3283028838250175e-08
154 400 3.175745746375469e-07
155 0 2.0905417841277085e-06
155 80 5.587934559514451e-09
155 160 0.0
155 240 0.0
155 320 1.1640931916190311e-06
155 400 1.8626440834168534e-08
156 0 4.673552666645264e-06
156 80 3.566914301700308e-07
156 160 2.3283028838250175e-08
156 240 0.0
156 320 0.0
156 400 4.2840774483465793e-08
157 0 0.0
157 80 2.3283050154532248e-08
157 160 1.2013981631753268e-07
157 240 1.3391276070251479e-06
157 320 5.3085212670112014e-08
157 400 2.8400841074471828e-06
158 0 1.5832323185804853e-07
158 80 1.8626449271863521e-09
158 160 1.0886647032748442e-06
158 240 5.681047099415082e-08
158 320 9.313225191043273e-10
158 400 7.078023855910942e-08
159 0 0.0
159 80 0.0
159 160 1.2107188140930703e-08
159 240 5.876539717064588e-07
159 320 2.421436029464985e-08
159 400 4.470335568385053e-08
160 0 4.4703408974555714e-08
160 80 0.0
160 160 2.107346062985016e-06
160 240 6.51925669004072e-09
160 320 4.712355234914867e-07
160 400 0.0
161 0 9.313225191043273e-10
161 80 1.8626315068104304e-07
161 160 4.2103088162548374e-06
161 240 6.51925713412993e-09
161 320 2.7939675018018306e-09
161 400 5.578450554821757e-07
162 0 1.0244541215342906e-08
162 80 1.9930128303258243e-07
162 160 2.661266535142204e-06
162 240 1.7721068843457033e-06
162 320 6.05357328709033e-08
162 400 1.937127365181368e-07
163 0 1.8626450382086546e-09
163 80 6.5192553577730905e-09
163 160 1.3223699397713062e-06
163 240 0.0
163 320 8.66125304810339e-08
163 400 5.401652103387278e-08
164 0 1.8626449271863521e-09
164 80 9.313225191043273e-10
164 160 0.0
164 240 1.8626437281454855e-08
164 320 1.9836969045172737e-07
164 400 2.486592336481408e-07
165 0 1.6855136664162274e-06
165 80 3.445889262820856e-08
165 160 0.0
165 240 3.7252898543727042e-09
165 320 1.6994794123093016e-06
165 400 6.425862011383288e-07
166 0 1.1175865566315224e-08
166 80 9.313225191043273e-10
166 160 0.0
166 240 1.6763797461294416e-08
166 320 2.3868719836173113e-06
166 400 4.9359940135218494e-08
167 0 8.102464477133253e-08
167 80 3.7252894102834944e-09
167 160 3.7252894102834944e-09
167 240 8.47498924372303e-08
167 320 1.2479624444949877e-07
167 400 4.647161517823406e-07
168 0 6.528298399643973e-07
168 80 4.8428674404021876e-08
168 160 1.8626449271863521e-09
168 240 1.8626449271863521e-09
168 320 1.4844588349660626e-06
168 400 5.3085205564684657e-08
169 0 1.2758124512401992e-06
169 80 2.4214369176434047e-08
169 160 1.0244513504176211e-07
169 240 3.449792984611122e-06
169 320 6.51925669004072e-09
169 400 8.381901395182467e-09
170 0 2.7939672797572257e-09
170 80 3.7252894102834944e-09
170 160 3.4044235235342057e-06
170 240 9.313225191043273e-10
170 320 5.587934559514451e-09
170 400 1.3038505386475663e-08
171 0 5.978862418487552e-07
171 80 3.955321062676376e-06
171 160 9.13574126570893e-07
171 240 2.7939675018018306e-09
171 320 1.1268953414855787e-07
171 400 8.47498924372303e-08
172 0 2.691498934837e-07
172 80 7.534056294389302e-07
172 160 6.248926069929439e-07
172 240 3.7252894102834944e-09
172 320 0.0
172 400 2.0489077101615294e-08
173 0 9.313225191043273e-10
173 80 0.0
173 160 1.7851521079137456e-06
173 240 1.4714768781232124e-07
173 320 7.766844305479026e-07
173 400 1.3038505386475663e-08
174 0 0.0
174 80 0.0
174 160 4.656611540809763e-09
174 240 1.895943796625943e-06
174 320 4.656611540809763e-09
174 400 4.9359940135218494e-08
175 0 7.450577044210149e-09
175 80 8.381898730647208e-09
175 160 2.2860624540044228e-06
175 240 4.051148039252439e-07
175 320 1.8998831308181252e-07
175 400 2.681760179257253e-06
176 0 2.7939672797572257e-09
176 80 1.9557756303356655e-08
176 160 0.0
176 240 2.54320502790506e-06
176 320 9.313222193441106e-09
176 400 1.8626449271863521e-09
177 0 9.313225191043273e-10
177 80 8.102465187675989e-08
177 160 9.313225191043273e-10
177 240 2.6911225177173037e-06
177 320 0.0
177 400 0.0
178 0 5.494785781934297e-08
178 80 6.239853433953613e-08
178 160 1.5262885426636785e-06
178 240 2.7939672797572257e-09
178 320 8.102470161475139e-08
178 400 2.7939672797572257e-09
179 0 1.8626450382086546e-09
179 80 1.8626450382086546e-09
179 160 6.155829623821774e-07
179 240 5.094230459690152e-07
179 320 2.8168346943857614e-06
179 400 1.8626449271863521e-09
180 0 9.313225191043273e-10
180 80 2.477278826518159e-07
180 160 5.215393272806068e-08
180 240 1.8626449271863521e-09
180 320 4.9359940135218494e-08
180 400 0.0
181 0 9.313225191043273e-10
181 80 4.842866019316716e-08
181 160 1.8419481193632237e-06
181 240 1.6203334780584555e-06
181 320 1.8626450382086546e-09
181 400 4.2560523638712766e-07
182 0 5.187295073483256e-07
182 80 2.3841505480959313e-07
182 160 1.8812490054642694e-07
182 240 0.0
182 320 2.6262858909831266e-07
182 400 1.0151394747026643e-07
183 0 2.5145673987481132e-08
183 80 6.426110132906615e-08
183 160 9.313222193441106e-09
183 240 2.7433836748969043e-06
183 320 2.1139485397725366e-06
183 400 3.743853369542194e-07
184 0 0.0
184 80 1.0244543879878165e-08
184 160 1.1175862901779965e-08
184 240 5.736841330872267e-07
184 320 9.99245230559609e-07
184 400 0.0
185 0 1.8626449271863521e-09
185 80 1.3876645255095355e-07
185 160 2.8216516057000263e-06
185 240 1.9557749197929297e-08
185 320 5.420123443400371e-07
185 400 0.0
186 0 1.1827748380710545e-07
186 80 4.284074606175636e-08
186 160 3.7252894102834944e-09
186 240 5.820903879794059e-06
186 320 0.0
186 400 9.313225191043273e-10
187 0 2.2817070544078888e-07
187 80 0.0
187 160 0.0
187 240 5.401654590286853e-08
187 320 1.1501409744596458e-06
187 400 3.045365417619905e-07
188 0 2.9802265544276452e-08
188 80 1.1175867342672063e-08
188 160 1.4994209607266384e-07
188 240 2.0152317574684275e-06
188 320 4.991729838366155e-07
188 400 8.102464477133253e-08
189 0 2.7939675018018306e-09
189 80 6.612362568603203e-08
189 160 7.450577932388569e-09
189 240 8.381898730647208e-09
189 320 1.3038510715546181e-08
189 400 2.4650773866596865e-06
190 0 0.0
190 80 5.820559749736276e-07
190 160 0.0
190 240 9.313225191043273e-10
190 320 4.861352635998628e-07
190 400 1.9844615053443704e-06
191 0 1.1641445496479719e-07
191 80 2.1979053599352483e-07
191 160 1.173458059611221e-07
191 240 5.960450621955715e-08
191 320 4.656599372765413e-08
191 400 0.0
192 0 1.253459799954726e-06
192 80 1.0244541215342906e-08
192 160 7.823070546919553e-08
192 240 1.713616342158275e-07
192 320 6.034764510332025e-07
192 400 1.6763792132223898e-08
193 0 1.0430743202505255e-07
193 80 0.0
193 160 0.0
193 240 0.0
193 320 0.0
193 400 2.83116946775408e-07
194 0 1.1175862901779965e-08
194 80 3.725290076417309e-09
194 160 7.450577044210149e-09
194 240 5.2153890095496536e-08
194 320 2.132699847834374e-07
194 400 1.238649218748833e-07
195 0 1.657583766245807e-06
195 80 9.313225191043273e-10
195 160 0.0
195 240 1.6018583437471534e-07
195 320 3.911549129043124e-08
195 400 4.563471733831648e-08
196 0 3.3434122315156856e-07
196 80 0.0
196 160 6.984706715229549e-07
196 240 8.754393121535031e-08
196 320 0.0
196 400 6.798624951898091e-08
197 0 2.8870946522374652e-08
197 80 8.680876817379612e-06
197 160 0.0
197 240 1.8626449271863521e-09
197 320 3.25025041547633e-07
197 400 1.8626449271863521e-09
198 0 0.0
198 80 0.0
198 160 0.0
198 240 6.211691356838855e-07
198 320 0.0
198 400 4.133981292397948e-06
199 0 1.583246778125158e-08
199 80 1.8626449271863521e-09
199 160 6.202384383868775e-07
199 240 1.7601865920369164e-07
199 320 0.0
199 400 3.7602560496452497e-06
200 0 9.313225191043273e-10
200 80 9.313225191043273e-10
200 160 2.1420127893634344e-07
200 240 2.103718088619644e-06
200 320 0.0
200 400 0.0
201 0 1.3038506274654083e-08
201 80 2.668889237611438e-06
201 160 2.5514227672829293e-06
201 240 7.450577044210149e-09
201 320 9.78758748715336e-07
201 400 1.1305519365123473e-06
202 0 7.450577932388569e-09
202 80 2.421435851829301e-08
202 160 3.3247536634917196e-07
202 240 9.313225191043273e-10
202 320 9.313225191043273e-10
202 400 0.0
203 0 2.7939675018018306e-09
203 80 8.381898730647208e-09
203 160 5.680882395608933e-07
203 240 9.313225191043273e-10
203 320 3.7252019069455855e-07
203 400 0.0
204 0 4.097809380709805e-08
204 80 0.0
204 160 5.681050652128761e-08
204 240 9.126907940526507e-08
204 320 7.515481570408156e-07
204 400 4.153591817157576e-07
205 0 0.0
205 80 1.518047412218948e-07
205 160 9.313225191043273e-10
205 240 6.612378911086125e-08
205 320 3.97665075979603e-07
205 400 2.887095362780201e-08
206 0 0.0
206 80 5.61567333079438e-07
206 160 5.76467925839097e-07
206 240 3.44588855227812e-08
206 320 0.0
206 400 4.656611984898973e-09
207 0 3.7252894102834944e-09
207 80 5.336306685421732e-07
207 160 2.0954483659352263e-07
207 240 5.3085205564684657e-08
207 320 1.1641445496479719e-07
207 400 1.396983151380482e-08
208 0 4.656611540809763e-09
208 80 4.153588406552444e-07
208 160 2.111194589815568e-06
208 240 8.949510288402962e-07
208 320 1.9557759856070334e-08
208 400 1.1734607596736168e-07
209 0 9.313225191043273e-10
209 80 1.3038505386475663e-08
209 160 3.464683686615899e-06
209 240 2.1420389018089736e-08
209 320 1.937127365181368e-07
209 400 0.0
210 0 8.577010817134578e-07
210 80 9.313225191043273e-10
210 160 6.5192553577730905e-09
210 240 0.0
210 320 0.0
210 400 4.0046781890623606e-08
211 0 3.5318464597366983e-06
211 80 2.3562105866403726e-07
211 160 0.0
211 240 2.1420389018089736e-08
211 320 3.380664566066116e-07
211 400 7.776167763040576e-07
212 0 5.643643703479029e-07
212 80 1.9182889445801266e-06
212 160 4.870722705163644e-07
212 240 8.381860538975161e-08
212 320 0.0
212 400 6.239836380927954e-08
213 0 2.887095007508833e-08
213 80 0.0
213 160 2.3283032390963854e-08
213 240 1.8626449271863521e-09
213 320 2.4214349636508814e-08
213 400 0.0
214 0 2.461240001139231e-06
214 80 3.539017612297357e-08
214 160 0.0
214 240 9.313225191043273e-10
214 320 1.396983417834008e-08
214 400 9.313220417084267e-09
215 0 9.313225191043273e-10
215 80 1.8626449271863521e-09
215 160 4.656611984898973e-09
215 240 1.1082659767680525e-07
215 320 0.0
215 400 1.2348374411885743e-06
216 0 0.0
216 80 2.7939627500472852e-08
216 160 1.8626449271863521e-09
216 240 2.003949248319259e-06
216 320 5.5879341154252415e-09
216 400 1.5739192349428777e-07
217 0 6.51925624595151e-09
217 80 7.431600579366204e-07
217 160 1.4901050349180878e-07
217 240 9.313225191043273e-10
217 320 1.17803824650764e-06
217 400 0.0
218 0 4.656599017494045e-08
218 80 1.30385116037246e-08
218 160 9.313178850334225e-08
218 240 7.385038998108939e-07
218 320 9.313225191043273e-10
218 400 9.9741441772494e-07
219 0 1.3224686767898675e-07
219 80 0.0
219 160 0.0
219 240 1.1082661188765996e-07
219 320 8.195599576765744e-08
219 400 1.2711558383671218e-06
220 0 2.7939675018018306e-09
220 80 1.9557759856070334e-08
220 160 1.0244542991699745e-08
220 240 2.3756417704134947e-06
220 320 0.0
220 400 2.330853249077336e-06
221 0 9.313225191043273e-10
221 80 3.911544865786709e-08
221 160 0.0
221 240 3.7252894102834944e-09
221 320 9.313225191043273e-10
221 400 1.1212318895559292e-06
222 0 1.4901156752955558e-08
222 80 1.499419681749714e-07
222 160 1.8626450382086546e-09
222 240 0.0
222 320 0.0
222 400 2.9802265544276452e-08
223 0 0.0
223 80 0.0
223 160 5.708856178898714e-07
223 240 1.8626449271863521e-09
223 320 0.0
223 400 1.7974322474856308e-07
224 0 2.0489075325258455e-08
224 80 5.783298888673016e-07
224 160 1.0523903881676233e-07
224 240 3.259622260998185e-08
224 320 3.073361654060136e-08
224 400 1.0215968586635427e-06
225 0 5.569136192207225e-07
225 80 2.6542241471361194e-07
225 160 4.032524998365261e-07
225 240 4.656611540809763e-09
225 320 0.0
225 400 4.656611984898973e-09
226 0 1.9091881142685452e-07
226 80 1.3028115972701926e-06
226 160 2.8404983254404215e-07
226 240 0.0
226 320 1.8626449271863521e-09
226 400 0.0
227 0 0.0
227 80 1.0905027920671273e-06
227 160 0.0
227 240 4.656611540809763e-09
227 320 7.236041028590989e-07
227 400 1.4901036138326162e-07
228 0 2.8870946522374652e-08
228 80 0.0
228 160 3.7252828377631886e-08
228 240 0.0
228 320 0.0
228 400 0.0
229 0 3.725286745748235e-08
229 80 5.867310193252706e-08
229 160 0.0
229 240 5.587934559514451e-09
229 320 1.4257277598517248e-06
229 400 0.0
230 0 1.8439969551309332e-07
230 80 2.2181638996698894e-06
230 160 9.313225191043273e-10
230 240 0.0
230 320 8.381901395182467e-09
230 400 7.450548622500719e-08
231 0 0.0
231 80 1.5832323185804853e-07
231 160 4.097815065051691e-08
231 240 9.313225191043273e-10
231 320 0.0
231 400 0.0
232 0 1.1538235185071244e-06
232 80 7.450577044210149e-09
232 160 8.381870486573462e-08
232 240 9.313225191043273e-10
232 320 5.774178646333894e-08
232 400 0.0
233 0 7.897216391938855e-07
233 80 9.313225191043273e-10
233 160 0.0
233 240 1.8626449271863521e-09
233 320 4.656611540809763e-09
233 400 0.0
234 0 1.1175862901779965e-08
234 80 7.450577044210149e-09
234 160 3.0733609435174e-08
234 240 1.8626450382086546e-09
234 320 2.3748557964609063e-07
234 400 3.939414909837069e-07
235 0 1.5338116554630687e-06
235 80 4.656611984898973e-09
235 160 2.887095362780201e-08
235 240 2.2351709816348375e-08
235 320 0.0
235 400 1.9557761632427173e-08
236 0 7.804150641277374e-07
236 80 1.4062895559163735e-07
236 160 1.0085573194373865e-06
236 240 2.128763298969716e-06
236 320 9.313225191043273e-10
236 400 6.770488880647463e-07
237 0 2.793963460590021e-08
237 80 1.0989528931304449e-07
237 160 2.877759186503681e-07
237 240 9.313225191043273e-10
237 320 0.0
237 400 0.0
238 0 4.935998987321e-08
238 80 1.1175862901779965e-08
238 160 1.2107183700038604e-08
238 240 0.0
238 320 3.7252898543727042e-09
238 400 3.7252898543727042e-09
239 0 7.450577044210149e-09
239 80 9.228861586052517e-07
239 160 3.6855865346296923e-06
239 240 1.3317843183813238e-07
239 320 6.51925624595151e-09
239 400 1.0803277206150597e-07
240 0 8.483888791488425e-07
240 80 9.955208497558488e-07
240 160 6.975504902584362e-07
240 240 0.0
240 320 0.0
240 400 1.3038505386475663e-08
241 0 1.6856847651069984e-07
241 80 2.142040500530129e-08
241 160 2.402775294285675e-07
241 240 4.98242059165932e-07
241 320 2.0589825453498634e-06
241 400 9.313225191043273e-10
242 0 0.0
242 80 2.0023178137762443e-07
242 160 4.2932850874422e-07
242 240 1.3643245893035783e-06
242 320 1.359721863991581e-07
242 400 0.0
243 0 9.313225191043273e-10
243 80 8.381901395182467e-09
243 160 1.0896398094928372e-07
243 240 0.0
243 320 1.1305621683277423e-06
243 400 3.7252898543727042e-09
244 0 1.4901154088420299e-08
244 80 3.073358456617825e-08
244 160 2.1792664028907893e-07
244 240 0.0
244 320 1.0048327112599509e-06
244 400 1.5366671846095414e-07
245 0 7.627326681358682e-07
245 80 0.0
245 160 1.9573960798879853e-06
245 240 6.23984206526984e-08
245 320 1.6484308673625492e-07
245 400 1.5700526319051278e-06
246 0 2.5145673987481132e-08
246 80 0.0
246 160 1.1455183823727566e-07
246 240 5.8673212066651104e-08
246 320 3.3713149605318904e-07
246 400 9.313225191043273e-10
247 0 1.676378857951022e-08
247 80 9.313225191043273e-10
247 160 4.2187778603874904e-07
247 240 0.0
247 320 6.13729071119451e-07
247 400 1.816059409520676e-07
248 0 2.0050092643941753e-06
248 80 0.0
248 160 1.8626449271863521e-09
248 240 2.0551665329548996e-06
248 320 2.094405772368191e-06
248 400 5.075624471828633e-07
249 0 1.3038506274654083e-08
249 80 1.4155975236462837e-07
249 160 1.5328389508795226e-06
249 240 0.0
249 320 1.5273641906787816e-07
249 400 2.5890341248668847e-07
250 0 0.0
250 80 6.51925669004072e-09
250 160 3.259622971540921e-08
250 240 1.3279703807711485e-06
250 320 2.1420389018089736e-08
250 400 4.3585117737166e-07
251 0 1.2050986697431654e-06
251 80 3.7904109717601386e-07
251 160 5.0291340869534906e-08
251 240 1.5739254877189524e-07
251 320 0.0
251 400 1.341093138762517e-07
252 0 9.313223969797946e-09
252 80 0.0
252 160 9.313225191043273e-10
252 240 3.836956068425934e-07
252 320 1.2107183700038604e-08
252 400 4.311905001941341e-07
253 0 1.8439969551309332e-07
253 80 1.3820167623634916e-06
253 160 3.430241349633434e-06
253 240 3.511008515033609e-07
253 320 1.1044704706364428e-06
253 400 1.071013642217622e-07
254 0 1.8626450382086546e-09
254 80 1.1175819736308767e-07
254 160 9.313225191043273e-10
254 240 4.2094646346413356e-07
254 320 9.313225191043273e-10
254 400 1.6836497707117815e-06
255 0 0.0
255 80 1.8626450382086546e-09
255 160 1.8626450382086546e-09
255 240 3.7252898543727042e-09
255 320 5.587935003603661e-09
255 400 0.0
256 0 1.2107183700038604e-08
256 80 4.842862466603037e-08
256 160 0.0
256 240 7.636820953393908e-08
256 320 1.8626449271863521e-09
256 400 0.0
257 0 2.7939627500472852e-08
257 80 9.592034757588408e-07
257 160 9.94589640868071e-07
257 240 6.342049232443969e-07
257 320 9.499453312855621e-08
257 400 4.0884575014388247e-07
258 0 1.6763795684937577e-08
258 80 6.14671691323565e-08
258 160 7.729948947599041e-08
258 240 6.332967927846767e-08
258 320 9.313225191043273e-10
258 400 1.0244541215342906e-08
259 0 2.7939672797572257e-09
259 80 6.51925713412993e-09
259 160 0.0
259 240 0.0
259 320 2.0023178137762443e-07
259 400 1.676378857951022e-08
260 0 2.71943832785837e-07
260 80 2.7939672797572257e-09
260 160 3.073358456617825e-08
260 240 3.8369546473404625e-07
260 320 4.0418359503746615e-07
260 400 8.940668294599163e-08
261 0 0.0
261 80 1.2107189917287542e-08
261 160 0.0
261 240 9.313225191043273e-10
261 320 1.0244485793009517e-07
261 400 3.725283903577292e-08
262 0 9.313225191043273e-10
262 80 0.0
262 160 0.0
262 240 1.4275875628300128e-06
262 320 9.313225191043273e-10
262 400 3.4923820635412994e-07
263 0 1.2200230514736177e-07
263 80 1.583246778125158e-08
263 160 1.993017235690786e-07
263 240 3.539018678111461e-08
263 320 5.867321561936478e-08
263 400 9.10780386220722e-07
264 0 2.7939672797572257e-09
264 80 2.3096589529814082e-07
264 160 8.363008987544163e-07
264 240 1.0989568011154915e-07
264 320 1.4071016494199284e-06
264 400 9.313225191043273e-10
265 0 9.313225191043273e-10
265 80 1.0617004875257408e-07
265 160 3.7079842059029033e-06
265 240 9.313225191043273e-10
265 320 3.1943710609994014e-07
265 400 8.381898730647208e-09
266 0 2.7939672797572257e-09
266 80 3.8276419900284964e-07
266 160 2.0489080654328973e-08
266 240 9.313225191043273e-10
266 320 8.102464477133253e-08
266 400 2.7008308478571053e-08
267 0 2.2351488837557554e-07
267 80 9.313225191043273e-10
267 160 1.7229295679044299e-07
267 240 2.5145668658410614e-08
267 320 1.4901146982992941e-08
267 400 7.357421338838321e-08
268 0 1.9743788470805157e-07
268 80 5.522550168279849e-07
268 160 3.7252894102834944e-09
268 240 9.313225191043273e-10
268 320 5.8673180092227994e-08
268 400 1.2107183700038604e-08
269 0 6.062788884264592e-07
269 80 5.4016588535432675e-08
269 160 1.8689410126171424e-06
269 240 1.117583110499254e-07
269 320 1.303778049077664e-06
269 400 4.656611540809763e-09
270 0 1.8626248277087143e-07
270 80 1.1072750112361973e-06
270 160 9.313225191043273e-10
270 240 9.313225191043273e-10
270 320 1.8626449271863521e-09
270 400 2.7939672797572257e-09
271 0 1.9837044362702727e-07
271 80 3.259622971540921e-08
271 160 9.313225191043273e-10
271 240 1.2786013030563481e-06
271 320 9.313225191043273e-10
271 400 9.313225191043273e-10
272 0 9.126908651069243e-08
272 80 2.1679554720321903e-06
272 160 5.867310193252706e-08
272 240 9.313225191043273e-10
272 320 1.2180762496427633e-06
272 400 3.371324055478908e-07
273 0 1.6949920222941728e-07
273 80 5.969549761175585e-07
273 160 0.0
273 240 4.470338410555996e-08
273 320 0.0
273 400 6.165112154121744e-07
274 0 0.0
274 80 1.8626450382086546e-09
274 160 6.640071319452545e-07
274 240 0.0
274 320 9.313225191043273e-10
274 400 1.5180422963112505e-07
275 0 5.587933671336032e-09
275 80 4.563468891660705e-08
275 160 0.0
275 240 7.264283397034887e-08
275 320 2.2313297449727543e-06
275 400 4.656611540809763e-09
276 0 9.313225191043273e-10
276 80 3.725290076417309e-09
276 160 0.0
276 240 1.224593688675668e-06
276 320 0.0
276 400 9.266209417546634e-07
277 0 4.656611984898973e-09
277 80 4.554098325115774e-07
277 160 1.2488048923842143e-06
277 240 9.313225191043273e-10
277 320 0.0
277 400 2.97088490697206e-07
278 0 3.7252898543727042e-09
278 80 1.1175862901779965e-08
278 160 1.0858660743906512e-06
278 240 2.188578491768567e-07
278 320 3.7252898543727042e-09
278 400 0.0
279 0 4.656611540809763e-09
279 80 5.392171829043946e-07
279 160 0.0
279 240 5.960441740171518e-08
279 320 1.0244544768056585e-08
279 400 7.543684432675946e-08
280 0 1.1659298024824238e-06
280 80 9.033777814693167e-08
280 160 2.1792740767523355e-07
280 240 1.316824636887759e-06
280 320 3.3899766549438937e-07
280 400 1.0681749245122774e-06
281 0 4.7403551661773236e-07
281 80 1.2795421753253322e-06
281 160 1.8626450382086546e-09
281 240 1.061677721736487e-06
281 320 0.0
281 400 0.0
282 0 0.0
282 80 3.7252898543727042e-09
282 160 0.0
282 240 5.1222574626308415e-08
282 320 5.466764605444041e-07
282 400 8.102464477133253e-08
283 0 0.0
283 80 4.470341252726939e-08
283 160 1.986330744330189e-06
283 240 1.8626430176027498e-08
283 320 8.102480819616176e-08
283 400 0.0
284 0 1.220868512064044e-06
284 80 0.0
284 160 1.788129395663418e-07
284 240 4.330530032348179e-07
284 320 5.336295885172149e-07
284 400 4.470341607998307e-08
285 0 9.313225191043273e-10
285 80 1.9220353806304047e-06
285 160 0.0
285 240 5.38285917173198e-07
285 320 2.328304660181857e-08
285 400 0.0
286 0 0.0
286 80 4.777555204782402e-07
286 160 4.656611540809763e-09
286 240 2.9802290413272203e-08
286 320 6.612362568603203e-08
286 400 4.786926979249984e-07
287 0 8.381858407346954e-08
287 80 5.680862500412331e-07
287 160 9.313225191043273e-10
287 240 3.566884174688312e-07
287 320 2.7939675018018306e-09
287 400 3.743843990378082e-07
288 0 2.0954627188984887e-07
288 80 3.706591371610557e-07
288 160 7.291945962606405e-07
288 240 6.70550832637673e-08
288 320 7.990426524884242e-07
288 400 0.0
289 0 4.731028866444831e-07
289 80 0.0
289 160 4.6285370558507566e-07
289 240 9.834210459302994e-07
289 320 0.0
289 400 1.0151352825005233e-07
290 0 0.0
290 80 0.0
290 160 4.563467115303865e-08
290 240 5.3085205564684657e-08
290 320 1.2813950434065191e-06
290 400 5.997487164677295e-07
291 0 1.1519612144184066e-06
291 80 3.5575732226789114e-07
291 160 0.0
291 240 2.96157793400198e-07
291 320 8.10246660876146e-08
291 400 9.256971793547564e-07
292 0 2.0768217723343696e-07
292 80 9.313225191043273e-10
292 160 8.083461580099538e-07
292 240 0.0
292 320 3.520356699482363e-07
292 400 0.0
293 0 9.313225191043273e-10
293 80 1.0896398094928372e-07
293 160 3.97667520246614e-07
293 240 0.0
293 320 5.867310193252706e-08
293 400 2.7939672797572257e-09
294 0 2.1408197881100932e-06
294 80 9.303366255153378e-07
294 160 2.9802265544276452e-08
294 240 4.842865664045348e-08
294 320 5.746049396293529e-07
294 400 3.5575712331592513e-07
295 0 0.0
295 80 3.6321512908443765e-08
295 160 1.4994201080753555e-07
295 240 2.933645077973779e-07
295 320 1.3038506274654083e-08
295 400 0.0
296 0 1.2107186364573863e-08
296 80 2.5145672211124293e-08
296 160 9.313225191043273e-10
296 240 6.5192553577730905e-09
296 320 1.8626449271863521e-09
296 400 8.279268968180986e-07
297 0 3.6041356565874594e-07
297 80 2.227547838629107e-06
297 160 0.0
297 240 1.0244544768056585e-08
297 320 1.3913287375544314e-06
297 400 1.2107185476395443e-08
298 0 5.587933671336032e-09
298 80 0.0
298 160 4.684416126110591e-07
298 240 1.8626450382086546e-09
298 320 0.0
298 400 1.3038510715546181e-08
299 0 1.2394920076985727e-06
299 80 0.0
299 160 1.4062857189856004e-07
299 240 9.313225191043273e-10
299 320 8.381899618825628e-09
299 400 1.136205298735149e-07
300 0 5.587933671336032e-09
300 80 2.7939672797572257e-09
300 160 5.587934559514451e-09
300 240 1.071013642217622e-07
300 320 6.789047120037139e-07
300 400 0.0
