1 0.4737540940994393 0.8627666666666667
2 0.26392300655719825 0.9251833333333334
3 0.2192072498201053 0.9385333333333333
4 0.19131922397786366 0.9467666666666666
5 0.17125690820565356 0.9523833333333334
6 0.15605217491639956 0.9570666666666666
7 0.14348448676341125 0.9615666666666667
8 0.13350748832323658 0.9640333333333333
9 0.12458811908451987 0.9668166666666667
10 0.11707939344968622 0.9687333333333333
11 0.11039173476763371 0.9707166666666667
12 0.10441245387262627 0.9722166666666666
13 0.09907013478118983 0.97365
14 0.09427694121260506 0.9748
15 0.08997076924548729 0.97615
16 0.08604461940398603 0.9771666666666666
17 0.08232395012162007 0.9781666666666666
18 0.07899349921547782 0.9792333333333333
19 0.0758437314299124 0.9803833333333334
20 0.07299592906732295 0.98105
21 0.07015465309561443 0.9817666666666667
22 0.06758789057289359 0.9822666666666666
23 0.06522846513036598 0.9833
24 0.06294243953137128 0.98365
25 0.06080733738077094 0.9844333333333334
26 0.05879180956639842 0.9849833333333333
27 0.05682255335247466 0.9859166666666667
28 0.05507876938665663 0.9862666666666666
29 0.05328479698344843 0.987
30 0.05167826746246899 0.9873
31 0.05008244945971506 0.98795
32 0.04858590539362131 0.9885
33 0.047144044500424157 0.9886833333333334
34 0.045816626816765585 0.9892166666666666
35 0.04449146679207397 0.9894
36 0.0432114887045327 0.98995
37 0.04210708278026789 0.9901666666666666
38 0.04090105227903643 0.9904
39 0.03978375957679075 0.9909
40 0.038782402726092825 0.99115
41 0.03776445630580377 0.9914333333333334
42 0.03674473816048362 0.9916833333333334
43 0.03576293134533647 0.9920666666666667
44 0.034839859581800664 0.9924166666666666
45 0.0339805438542671 0.9927166666666667
46 0.03314338162787624 0.9932
47 0.03232393515651732 0.9933833333333333
48 0.03160683671508961 0.99365
49 0.030759504256543637 0.99395
50 0.030059479316001506 0.99405
51 0.029361471618170234 0.99425
52 0.028701055725452614 0.99435
53 0.028029188706374754 0.9946833333333334
54 0.027362151550990876 0.9949666666666667
55 0.0267570506878642 0.9951
56 0.02614424282561805 0.9954166666666666
57 0.025613028122219387 0.9954666666666667
58 0.025030894869211704 0.9956833333333334
59 0.02444291124140212 0.9959333333333333
60 0.02395232209512817 0.9960666666666667
61 0.023416246369933842 0.9962833333333333
62 0.022867125425257408 0.9963
63 0.02243904577496686 0.99655
64 0.021955801352763225 0.9967
65 0.021534281819542523 0.9968
66 0.02110636814225362 0.9969833333333333
67 0.020660355656362102 0.99705
68 0.020220295600553374 0.9971166666666667
69 0.019820944184679657 0.99735
70 0.019435962310620843 0.9974833333333334
71 0.019049056259585598 0.9976
72 0.0187167131097745 0.99775
73 0.01830488526478791 0.9977833333333334
74 0.01798461818559242 0.9979666666666667
75 0.017638901281339336 0.9979166666666667
76 0.017303483018568204 0.9980833333333333
77 0.017002138413929703 0.9982
78 0.016675709618696334 0.9981166666666667
79 0.016383313252699813 0.9982666666666666
80 0.016062956023862016 0.99835
81 0.01577995178837782 0.9984666666666666
82 0.015506464508431616 0.9984666666666666
83 0.015198622909146172 0.9985666666666667
84 0.014955657298491994 0.9985666666666667
85 0.014702498308643064 0.9985833333333334
86 0.014469815655422808 0.99865
87 0.014195303116907188 0.9987666666666667
88 0.01394475614731468 0.9988166666666667
89 0.013722446433373734 0.9988166666666667
90 0.01349835692525609 0.9987333333333334
91 0.013257233009461179 0.9988833333333333
92 0.013040695500288055 0.9988666666666667
93 0.012801618225423734 0.9989666666666667
94 0.012632824006432822 0.9989666666666667
95 0.012413075879347254 0.9990333333333333
96 0.01222547239907928 0.999
97 0.012014897866373156 0.9990333333333333
98 0.011854853099787921 0.9991
99 0.011650019300493922 0.9991833333333333
100 0.011480711295263473 0.9991333333333333
101 0.011284534156179504 0.99915
102 0.011124108036829115 0.9992333333333333
103 0.010956231224189785 0.9992666666666666
104 0.010815067018674159 0.9992333333333333
105 0.010634875562447093 0.9992666666666666
106 0.01048949673505766 0.9993333333333333
107 0.010327370752935916 0.9993666666666666
108 0.01018541927751241 0.9993833333333333
109 0.010037518129733676 0.9994666666666666
110 0.009900286113088732 0.99945
111 0.009761241089894191 0.99945
112 0.009621180415993481 0.9995166666666667
113 0.009478811991027694 0.9994833333333333
114 0.009356326576985562 0.9995166666666667
115 0.009224537621015933 0.9995833333333334
116 0.009117347158259277 0.9996
117 0.008982894811848762 0.9995833333333334
118 0.008860440056737282 0.9995666666666667
119 0.008738440485534144 0.9996833333333334
120 0.008618728013963364 0.9996833333333334
121 0.008521234588340115 0.9996833333333334
122 0.00839763623761581 0.9996833333333334
123 0.00829528543903534 0.9997166666666667
124 0.008173100483010032 0.9997166666666667
125 0.008092010977056457 0.9997
126 0.007976502263501509 0.99975
127 0.007892189286788231 0.99975
128 0.00778982637282302 0.9997333333333334
129 0.007691354437201008 0.9997833333333334
130 0.007594228663326883 0.9998166666666667
131 0.007514762037348296 0.9998
132 0.007419331346267163 0.9997666666666667
133 0.007321029680588447 0.9998
134 0.007249173920240198 0.9998
135 0.00716109721581819 0.99985
136 0.0070722288345850546 0.9997666666666667
137 0.006998194607475133 0.99985
138 0.006906126927423563 0.9998333333333334
139 0.006835899417544765 0.99985
140 0.006756091395071321 0.9998333333333334
141 0.006679363696694946 0.9998666666666667
142 0.006591206299575931 0.9998833333333333
143 0.0065276958162525 0.9998666666666667
144 0.00645249997285991 0.9998666666666667
145 0.006390316170830923 0.9998333333333334
146 0.006313794409421318 0.9998833333333333
147 0.0062438582061732344 0.9999
148 0.006175316436323466 0.9998666666666667
149 0.006112392139640936 0.9998833333333333
150 0.006056789498923144 0.9998666666666667
151 0.005984170024277273 0.9998833333333333
152 0.005924313339585466 0.9998833333333333
153 0.005856088255651232 0.9998833333333333
154 0.005803873901739955 0.9998833333333333
155 0.005747003553396484 0.9998833333333333
156 0.0056899622326462606 0.9998833333333333
157 0.005634722877234252 0.9998833333333333
158 0.00557591739633897 0.9999
159 0.005516431252804718 0.9999
160 0.0054625570990030035 0.9999
161 0.005413865400498101 0.9999333333333333
162 0.005359652400541026 0.9999166666666667
163 0.005308545682815585 0.9999166666666667
164 0.0052518505116066795 0.9999333333333333
165 0.0052069276144334885 0.9999333333333333
166 0.005155244902489202 0.9999166666666667
167 0.00510839433377005 0.9999333333333333
168 0.005063937845896048 0.99995
169 0.005007397523199492 0.9999666666666667
170 0.00497204315653051 0.99995
171 0.004919858395940125 0.99995
172 0.0048677037114591235 0.99995
173 0.004837542421557804 0.9999666666666667
174 0.004786396341056807 0.9999666666666667
175 0.004755788392745761 0.9999666666666667
176 0.004709358841154986 0.9999666666666667
177 0.004665603657175642 0.99995
178 0.004622610568352886 0.9999666666666667
179 0.004587305477385455 0.9999833333333333
180 0.004545485471506347 0.9999833333333333
181 0.004509764038019383 0.9999666666666667
182 0.00447215589417665 0.9999833333333333
183 0.004432714044569191 0.9999833333333333
184 0.004399230901294871 0.9999833333333333
185 0.004360587448070346 0.9999833333333333
186 0.004322348807904639 0.9999833333333333
187 0.0042872267429218455 0.9999833333333333
188 0.004250702557406192 0.9999833333333333
189 0.004215582786847764 0.9999833333333333
190 0.00417914684005042 0.9999833333333333
191 0.004151103039483613 0.9999833333333333
192 0.004114079532642434 0.9999833333333333
193 0.004086378039290775 0.9999833333333333
194 0.004052044211902709 0.9999833333333333
195 0.00401974118886583 0.9999833333333333
196 0.003988590970166774 0.9999833333333333
197 0.003958931055924257 0.9999833333333333
198 0.003925208373170005 0.9999833333333333
199 0.0038985423849218453 0.9999833333333333
200 0.003864527239885205 0.9999833333333333
201 0.003839671754016122 0.9999833333333333
202 0.003809503453380581 0.9999833333333333
203 0.003781560732092438 0.9999833333333333
204 0.003752968727679514 0.9999833333333333
205 0.003727252543496806 0.9999833333333333
206 0.003699163485046373 0.9999833333333333
207 0.003673339239147895 0.9999833333333333
208 0.003645236645616702 0.9999833333333333
209 0.0036165664725349165 0.9999833333333333
210 0.0035898184587708367 1.0
211 0.0035670090095400175 1.0
212 0.0035432665588965677 0.9999833333333333
213 0.0035130698720354644 1.0
214 0.0034945228491782714 1.0
215 0.003470288728724228 1.0
216 0.0034407355601954927 1.0
217 0.0034197886231919325 1.0
218 0.0033953116104842775 1.0
219 0.0033747032284736633 1.0
220 0.0033524189560638386 1.0
221 0.003328892552772406 1.0
222 0.003304127939114931 1.0
223 0.00328291622737645 1.0
224 0.0032609022844995836 1.0
225 0.0032406544429746504 1.0
226 0.003214660304924175 1.0
227 0.003200417246867114 1.0
228 0.00317770055495699 1.0
229 0.0031566592686718253 1.0
230 0.0031366963922453204 1.0
231 0.0031134116402300976 1.0
232 0.0030969295322821576 1.0
233 0.0030743737505482776 1.0
234 0.0030576254715021056 1.0
235 0.0030378700141657964 1.0
236 0.0030191828451329853 1.0
237 0.0029990359621275384 1.0
238 0.0029810070126468358 1.0
239 0.0029629721804690767 1.0
240 0.0029423624620403548 1.0
241 0.0029259247318489043 1.0
242 0.0029074871786750915 1.0
243 0.0028918391739729166 1.0
244 0.002871570499566223 1.0
245 0.0028546960389704257 1.0
246 0.002838788919328555 1.0
247 0.0028212896589416146 1.0
248 0.0028056788085989636 1.0
249 0.0027899049816460515 1.0
250 0.0027737967390219554 1.0
251 0.002757937452425239 1.0
252 0.0027374908041858325 1.0
253 0.0027266398956155235 1.0
254 0.0027085925108129615 1.0
255 0.0026944841939344336 1.0
256 0.0026760865161111003 1.0
257 0.002662714629837159 1.0
258 0.0026474623271434913 1.0
259 0.0026322224872188764 1.0
260 0.002619192840085665 1.0
261 0.0026027076132496252 1.0
262 0.0025905569138348914 1.0
263 0.0025749977123039934 1.0
264 0.0025607125994601427 1.0
265 0.0025463123740787222 1.0
266 0.002534679726569423 1.0
267 0.002518961621723426 1.0
268 0.002506906084760007 1.0
269 0.002490174991618802 1.0
270 0.0024803673293985634 1.0
271 0.002465785359469816 1.0
272 0.0024508060644200043 1.0
273 0.0024399798417310994 1.0
274 0.0024267943391798816 1.0
275 0.002416314551423588 1.0
276 0.0024017259907493714 1.0
277 0.0023849945848505856 1.0
278 0.002377021347116957 1.0
279 0.0023645404209968633 1.0
280 0.0023514730103715046 1.0
281 0.002338121729051031 1.0
282 0.0023280189281750492 1.0
283 0.0023147365088755294 1.0
284 0.0023048717190629676 1.0
285 0.0022928541089827096 1.0
286 0.0022822433377929856 1.0
287 0.0022701359740438572 1.0
288 0.0022570219714748564 1.0
289 0.0022461669659043456 1.0
290 0.0022364707225794667 1.0
291 0.0022259259478314155 1.0
292 0.0022114831480760573 1.0
293 0.00220311630461643 1.0
294 0.0021925717103245383 1.0
295 0.0021808673848590647 1.0
296 0.0021716187434292823 1.0
297 0.0021618073425769034 1.0
298 0.002151213596259226 1.0
299 0.002140355905565594 1.0
300 0.002128915548739609 1.0
9999 0.002103176899254322 1.0
