1 0 2.8978335857391357
1 80 0.4786938428878784
1 160 0.4452170729637146
1 240 0.3049674928188324
1 320 0.4341176748275757
1 400 0.29957130551338196
2 0 0.32042407989501953
2 80 0.20055562257766724
2 160 0.2677273750305176
2 240 0.1715739220380783
2 320 0.1675400286912918
2 400 0.3504885137081146
3 0 0.19911810755729675
3 80 0.18377640843391418
3 160 0.23016515374183655
3 240 0.2601831555366516
3 320 0.16121609508991241
3 400 0.14139090478420258
4 0 0.175114706158638
4 80 0.1586543172597885
4 160 0.21025250852108002
4 240 0.18203522264957428
4 320 0.2037203162908554
4 400 0.21109379827976227
5 0 0.11465520411729813
5 80 0.18758539855480194
5 160 0.11596861481666565
5 240 0.22835341095924377
5 320 0.2580118775367737
5 400 0.07318775355815887
6 0 0.08413180708885193
6 80 0.15240605175495148
6 160 0.17867042124271393
6 240 0.23391281068325043
6 320 0.14872364699840546
6 400 0.21298860013484955
7 0 0.23578676581382751
7 80 0.09508801251649857
7 160 0.1465744823217392
7 240 0.09801175445318222
7 320 0.08298765867948532
7 400 0.16449490189552307
8 0 0.07588745653629303
8 80 0.24849964678287506
8 160 0.08370722085237503
8 240 0.205971822142601
8 320 0.10385704040527344
8 400 0.19927366077899933
9 0 0.09672427922487259
9 80 0.12320604175329208
9 160 0.08394027501344681
9 240 0.08672778308391571
9 320 0.10557396709918976
9 400 0.14754974842071533
10 0 0.059480421245098114
10 80 0.18483354151248932
10 160 0.07949160784482956
10 240 0.11649367958307266
10 320 0.08286407589912415
10 400 0.07831914722919464
11 0 0.15663254261016846
11 80 0.13116343319416046
11 160 0.19640003144741058
11 240 0.08928186446428299
11 320 0.1063816100358963
11 400 0.09400467574596405
12 0 0.08572128415107727
12 80 0.06021247059106827
12 160 0.056403256952762604
12 240 0.142658069729805
12 320 0.15135836601257324
12 400 0.1148410215973854
13 0 0.14326079189777374
13 80 0.08001959323883057
13 160 0.07643600553274155
13 240 0.09636243432760239
13 320 0.02469012141227722
13 400 0.07574144750833511
14 0 0.12073610723018646
14 80 0.1102534830570221
14 160 0.07558687776327133
14 240 0.07264113426208496
14 320 0.11862873286008835
14 400 0.06060589477419853
15 0 0.14085398614406586
15 80 0.12764956057071686
15 160 0.07775510847568512
15 240 0.07907571643590927
15 320 0.10729940235614777
15 400 0.07362819463014603
16 0 0.06171092391014099
16 80 0.04377744719386101
16 160 0.053618356585502625
16 240 0.060817353427410126
16 320 0.0903264656662941
16 400 0.0826336219906807
17 0 0.051730092614889145
17 80 0.037931911647319794
17 160 0.15140382945537567
17 240 0.0858309268951416
17 320 0.13846273720264435
17 400 0.06836338341236115
18 0 0.0703565776348114
18 80 0.09492171555757523
18 160 0.09305369853973389
18 240 0.06561121344566345
18 320 0.09015822410583496
18 400 0.04312499985098839
19 0 0.058979324996471405
19 80 0.1447829157114029
19 160 0.09013552963733673
19 240 0.11190983653068542
19 320 0.09185198694467545
19 400 0.1518499106168747
20 0 0.09681261330842972
20 80 0.10980035364627838
20 160 0.06810404360294342
20 240 0.0685986578464508
20 320 0.0426887609064579
20 400 0.08069607615470886
21 0 0.04475348815321922
21 80 0.07544863969087601
21 160 0.04947306588292122
21 240 0.05208418890833855
21 320 0.07400669157505035
21 400 0.07705783098936081
22 0 0.07219981402158737
22 80 0.08234499394893646
22 160 0.1088157519698143
22 240 0.03542396426200867
22 320 0.08702436834573746
22 400 0.08606107532978058
23 0 0.06735983490943909
23 80 0.059166017919778824
23 160 0.039388738572597504
23 240 0.036163076758384705
23 320 0.030401598662137985
23 400 0.062373608350753784
24 0 0.07626282423734665
24 80 0.05533190816640854
24 160 0.033448878675699234
24 240 0.06884870678186417
24 320 0.08016873151063919
24 400 0.0460883267223835
25 0 0.03467664495110512
25 80 0.022820528596639633
25 160 0.06550426781177521
25 240 0.05054198578000069
25 320 0.030035244300961494
25 400 0.051328759640455246
26 0 0.06290849298238754
26 80 0.04411870613694191
26 160 0.10780877619981766
26 240 0.06822627037763596
26 320 0.039676252752542496
26 400 0.05953936651349068
27 0 0.05012982338666916
27 80 0.07156043499708176
27 160 0.0955720990896225
27 240 0.05359308421611786
27 320 0.05379098281264305
27 400 0.0464327447116375
28 0 0.02595544047653675
28 80 0.05455111339688301
28 160 0.0667368695139885
28 240 0.05179549381136894
28 320 0.05767110362648964
28 400 0.060162875801324844
29 0 0.08671886473894119
29 80 0.04564107954502106
29 160 0.031473852694034576
29 240 0.07768521457910538
29 320 0.033440761268138885
29 400 0.0441020168364048
30 0 0.05348143354058266
30 80 0.04335963353514671
30 160 0.05425272509455681
30 240 0.01518452912569046
30 320 0.03348669782280922
30 400 0.08004782348871231
31 0 0.05562303960323334
31 80 0.04681001603603363
31 160 0.04749061539769173
31 240 0.026712879538536072
31 320 0.050268203020095825
31 400 0.041363880038261414
32 0 0.039615221321582794
32 80 0.020930146798491478
32 160 0.06635205447673798
32 240 0.0446554571390152
32 320 0.033406008034944534
32 400 0.012617052532732487
33 0 0.021015841513872147
33 80 0.02346460521221161
33 160 0.03954534977674484
33 240 0.028709448873996735
33 320 0.03600327670574188
33 400 0.03047623112797737
34 0 0.07132325321435928
34 80 0.08499707281589508
34 160 0.05742295831441879
34 240 0.05148732662200928
34 320 0.0598265714943409
34 400 0.030735433101654053
35 0 0.02588595263659954
35 80 0.0524996742606163
35 160 0.03365141898393631
35 240 0.04454246908426285
35 320 0.06504721939563751
35 400 0.04076926410198212
36 0 0.03592182695865631
36 80 0.04964650049805641
36 160 0.03800692409276962
36 240 0.020376183092594147
36 320 0.051188185811042786
36 400 0.02796865813434124
37 0 0.08418504148721695
37 80 0.05815999209880829
37 160 0.03291333466768265
37 240 0.03657711297273636
37 320 0.023726681247353554
37 400 0.06216413527727127
38 0 0.04561180993914604
38 80 0.030213486403226852
38 160 0.0273860115557909
38 240 0.03574088215827942
38 320 0.040356624871492386
38 400 0.0552288293838501
39 0 0.03905576094985008
39 80 0.021989021450281143
39 160 0.04891001433134079
39 240 0.038784340023994446
39 320 0.03802822157740593
39 400 0.03523808717727661
40 0 0.023450011387467384
40 80 0.06420987099409103
40 160 0.03065118007361889
40 240 0.08052168786525726
40 320 0.01717066951096058
40 400 0.02442348003387451
41 0 0.033097583800554276
41 80 0.014655846171081066
41 160 0.03161989897489548
41 240 0.05679555609822273
41 320 0.036740563809871674
41 400 0.07120604813098907
42 0 0.018955053761601448
42 80 0.0755268782377243
42 160 0.026573238894343376
42 240 0.0334513895213604
42 320 0.025226959958672523
42 400 0.042385123670101166
43 0 0.04440247267484665
43 80 0.037270452827215195
43 160 0.02230382151901722
43 240 0.03795783594250679
43 320 0.03610290214419365
43 400 0.01641811989247799
44 0 0.03741857409477234
44 80 0.023470785468816757
44 160 0.05038745328783989
44 240 0.05531524121761322
44 320 0.023547811433672905
44 400 0.04226807504892349
45 0 0.029657257720828056
45 80 0.013733429834246635
45 160 0.015323574654757977
45 240 0.01988939195871353
45 320 0.03660457208752632
45 400 0.039182424545288086
46 0 0.025183672085404396
46 80 0.011590935289859772
46 160 0.03291695937514305
46 240 0.052508022636175156
46 320 0.030450791120529175
46 400 0.04128009080886841
47 0 0.02223404310643673
47 80 0.024111222475767136
47 160 0.018737556412816048
47 240 0.02376260608434677
47 320 0.02118976041674614
47 400 0.034510161727666855
48 0 0.0803951621055603
48 80 0.04895962402224541
48 160 0.029829688370227814
48 240 0.08643604815006256
48 320 0.012510926462709904
48 400 0.03496559336781502
49 0 0.0350128635764122
49 80 0.08642652630805969
49 160 0.046542149037122726
49 240 0.03749990463256836
49 320 0.008510418236255646
49 400 0.03442909196019173
50 0 0.02591588720679283
50 80 0.041309814900159836
50 160 0.015974314883351326
50 240 0.022963598370552063
50 320 0.018206240609288216
50 400 0.013410070911049843
51 0 0.029550772160291672
51 80 0.03603045269846916
51 160 0.037789616733789444
51 240 0.09958340227603912
51 320 0.022556358948349953
51 400 0.04588395357131958
52 0 0.03776854649186134
52 80 0.012862811796367168
52 160 0.013632485643029213
52 240 0.022221757099032402
52 320 0.01796025037765503
52 400 0.016169585287570953
53 0 0.01215085294097662
53 80 0.016090163961052895
53 160 0.03138040378689766
53 240 0.028691383078694344
53 320 0.01468663476407528
53 400 0.010207157582044601
54 0 0.008207431994378567
54 80 0.02660907618701458
54 160 0.01889118365943432
54 240 0.024354785680770874
54 320 0.025451356545090675
54 400 0.027570441365242004
55 0 0.023392383009195328
55 80 0.044893503189086914
55 160 0.02439510077238083
55 240 0.04841849207878113
55 320 0.020668040961027145
55 400 0.020075082778930664
56 0 0.04649195820093155
56 80 0.04238016903400421
56 160 0.034002892673015594
56 240 0.015678824856877327
56 320 0.03499095141887665
56 400 0.02163190208375454
57 0 0.03478717431426048
57 80 0.032173242419958115
57 160 0.020499641075730324
57 240 0.03276186063885689
57 320 0.02957823872566223
57 400 0.05405626446008682
58 0 0.034638985991477966
58 80 0.014260702766478062
58 160 0.016324784606695175
58 240 0.012841330841183662
58 320 0.010278813540935516
58 400 0.01590425707399845
59 0 0.013880180194973946
59 80 0.012644992209970951
59 160 0.03471803292632103
59 240 0.008068817667663097
59 320 0.01391858235001564
59 400 0.020202159881591797
60 0 0.027055412530899048
60 80 0.02425728365778923
60 160 0.026609178632497787
60 240 0.015922559425234795
60 320 0.02032129466533661
60 400 0.020623575896024704
61 0 0.01044461689889431
61 80 0.014957806095480919
61 160 0.02564769983291626
61 240 0.013543788343667984
61 320 0.02079550176858902
61 400 0.01481250673532486
62 0 0.019925659522414207
62 80 0.03584463149309158
62 160 0.016077140346169472
62 240 0.02025572583079338
62 320 0.01127290166914463
62 400 0.006754152476787567
63 0 0.014246247708797455
63 80 0.020079120993614197
63 160 0.03612137958407402
63 240 0.03230435028672218
63 320 0.011223966255784035
63 400 0.012870674952864647
64 0 0.043909650295972824
64 80 0.014275576919317245
64 160 0.0207782331854105
64 240 0.03264179825782776
64 320 0.013032317161560059
64 400 0.021496020257472992
65 0 0.016380183398723602
65 80 0.011483851820230484
65 160 0.058423932641744614
65 240 0.009885897859930992
65 320 0.00999527983367443
65 400 0.0393911637365818
66 0 0.011901111342012882
66 80 0.009314795956015587
66 160 0.02030567266047001
66 240 0.01708311401307583
66 320 0.036812812089920044
66 400 0.04424341768026352
67 0 0.02599087916314602
67 80 0.009960637427866459
67 160 0.009987139143049717
67 240 0.01414640061557293
67 320 0.013802966102957726
67 400 0.01243295893073082
68 0 0.017243748530745506
68 80 0.024731626734137535
68 160 0.021660486236214638
68 240 0.017012424767017365
68 320 0.023203089833259583
68 400 0.02321491204202175
69 0 0.05673428624868393
69 80 0.010407820343971252
69 160 0.013750245794653893
69 240 0.014310239814221859
69 320 0.011820939369499683
69 400 0.011811417527496815
70 0 0.008045364171266556
70 80 0.020268604159355164
70 160 0.026003604754805565
70 240 0.07804500311613083
70 320 0.01128323096781969
70 400 0.008845795877277851
71 0 0.021782979369163513
71 80 0.019385982304811478
71 160 0.02803886868059635
71 240 0.010473236441612244
71 320 0.025452550500631332
71 400 0.019523805007338524
72 0 0.016604429110884666
72 80 0.011958536691963673
72 160 0.03162924200296402
72 240 0.01553824171423912
72 320 0.012015063315629959
72 400 0.010272112675011158
73 0 0.024145333096385002
73 80 0.014670128002762794
73 160 0.018502619117498398
73 240 0.009838532656431198
73 320 0.01577579230070114
73 400 0.015480301342904568
74 0 0.02880210615694523
74 80 0.008574080653488636
74 160 0.02085132710635662
74 240 0.029274120926856995
74 320 0.017473692074418068
74 400 0.020933959633111954
75 0 0.006884713191539049
75 80 0.009090563282370567
75 160 0.03876076638698578
75 240 0.02601780742406845
75 320 0.030086122453212738
75 400 0.021209189668297768
76 0 0.010049095377326012
76 80 0.01609726995229721
76 160 0.01994553580880165
76 240 0.010366390459239483
76 320 0.018893394619226456
76 400 0.024227948859333992
77 0 0.01944669894874096
77 80 0.012786527164280415
77 160 0.009002861566841602
77 240 0.01764959655702114
77 320 0.006597673986107111
77 400 0.02456326223909855
78 0 0.010984964668750763
78 80 0.016926545649766922
78 160 0.018459366634488106
78 240 0.014126558788120747
78 320 0.012845512479543686
78 400 0.015714703127741814
79 0 0.008923763409256935
79 80 0.011843029409646988
79 160 0.016933729872107506
79 240 0.01717921532690525
79 320 0.02153521403670311
79 400 0.018715957179665565
80 0 0.023241596296429634
80 80 0.010363161563873291
80 160 0.01721472106873989
80 240 0.01345076598227024
80 320 0.01094064675271511
80 400 0.02244654856622219
81 0 0.008357048034667969
81 80 0.010522594675421715
81 160 0.010180722922086716
81 240 0.01771182008087635
81 320 0.01504713948816061
81 400 0.015127750113606453
82 0 0.015567955560982227
82 80 0.027632929384708405
82 160 0.013348406180739403
82 240 0.012204044498503208
82 320 0.012035748921334743
82 400 0.019286300987005234
83 0 0.016053272411227226
83 80 0.006623462308198214
83 160 0.017257770523428917
83 240 0.015375103801488876
83 320 0.015401491895318031
83 400 0.009483184665441513
84 0 0.01219508983194828
84 80 0.019109899178147316
84 160 0.018357764929533005
84 240 0.017019199207425117
84 320 0.010351532138884068
84 400 0.03057759813964367
85 0 0.01960274763405323
85 80 0.011284610256552696
85 160 0.012075345031917095
85 240 0.025412818416953087
85 320 0.005315125919878483
85 400 0.015937406569719315
86 0 0.012615758925676346
86 80 0.014115642756223679
86 160 0.015545478090643883
86 240 0.007279206067323685
86 320 0.01651320792734623
86 400 0.01662331074476242
87 0 0.012624098919332027
87 80 0.011415794491767883
87 160 0.010336521081626415
87 240 0.011705690063536167
87 320 0.023147473111748695
87 400 0.019510339945554733
88 0 0.017262574285268784
88 80 0.018820883706212044
88 160 0.010887997224926949
88 240 0.012577300891280174
88 320 0.010165278799831867
88 400 0.009940335527062416
89 0 0.011203760281205177
89 80 0.009813434444367886
89 160 0.017170462757349014
89 240 0.013422130607068539
89 320 0.011743837967514992
89 400 0.01437161210924387
90 0 0.007829173468053341
90 80 0.0070641222409904
90 160 0.009868070483207703
90 240 0.008844440802931786
90 320 0.01644764468073845
90 400 0.021045232191681862
91 0 0.011052432470023632
91 80 0.009813363663852215
91 160 0.010725785046815872
91 240 0.028222616761922836
91 320 0.008494218811392784
91 400 0.005664962809532881
92 0 0.016730748116970062
92 80 0.004230662249028683
92 160 0.007537681143730879
92 240 0.04224308207631111
92 320 0.00980254728347063
92 400 0.004487841390073299
93 0 0.014757481403648853
93 80 0.007668667938560247
93 160 0.012439613230526447
93 240 0.012763998471200466
93 320 0.015222304500639439
93 400 0.016850857064127922
94 0 0.01102655753493309
94 80 0.008426846005022526
94 160 0.006303876172751188
94 240 0.010768154636025429
94 320 0.02382645197212696
94 400 0.03148055449128151
95 0 0.00825174618512392
95 80 0.015349248424172401
95 160 0.023141518235206604
95 240 0.005779823288321495
95 320 0.006858701352030039
95 400 0.007428627461194992
96 0 0.01099670771509409
96 80 0.009548175148665905
96 160 0.016881203278899193
96 240 0.00571428844705224
96 320 0.003941039554774761
96 400 0.01039971224963665
97 0 0.012283354066312313
97 80 0.009953819215297699
97 160 0.010744026862084866
97 240 0.009649713523685932
97 320 0.008440428413450718
97 400 0.007201199885457754
98 0 0.009840658865869045
98 80 0.008975434117019176
98 160 0.006239387672394514
98 240 0.008977352641522884
98 320 0.011975900270044804
98 400 0.00595160573720932
99 0 0.010304420255124569
99 80 0.01065110694617033
99 160 0.010069848969578743
99 240 0.012564235366880894
99 320 0.010875626467168331
99 400 0.006579230539500713
100 0 0.008267035707831383
100 80 0.011634967289865017
100 160 0.008465261198580265
100 240 0.0071463738568127155
100 320 0.026452215388417244
100 400 0.015425547957420349
101 0 0.012341633439064026
101 80 0.01132991537451744
101 160 0.021751495078206062
101 240 0.007986550219357014
101 320 0.06398128718137741
101 400 0.009509224444627762
102 0 0.009907232597470284
102 80 0.006597784347832203
102 160 0.00975132267922163
102 240 0.012913175858557224
102 320 0.00641348073258996
102 400 0.007775657344609499
103 0 0.015082611702382565
103 80 0.011982535943388939
103 160 0.037379369139671326
103 240 0.013701914809644222
103 320 0.014074700884521008
103 400 0.006016066763550043
104 0 0.007155065890401602
104 80 0.018568171188235283
104 160 0.01032019592821598
104 240 0.008986277505755424
104 320 0.005660051479935646
104 400 0.006132090464234352
105 0 0.009713181294500828
105 80 0.010616863146424294
105 160 0.007768855895847082
105 240 0.005328417755663395
105 320 0.007526183035224676
105 400 0.004931984469294548
106 0 0.00880997534841299
106 80 0.016470544040203094
106 160 0.006519541144371033
106 240 0.01226501539349556
106 320 0.004078778438270092
106 400 0.004186595324426889
107 0 0.0153040187433362
107 80 0.012171877548098564
107 160 0.0066306330263614655
107 240 0.008604125119745731
107 320 0.009387911297380924
107 400 0.007771781180053949
108 0 0.013002991676330566
108 80 0.007412652485072613
108 160 0.007488553412258625
108 240 0.006597249303013086
108 320 0.004722112789750099
108 400 0.010730279609560966
109 0 0.006190812680870295
109 80 0.006110147573053837
109 160 0.01288638636469841
109 240 0.01779988221824169
109 320 0.004951047711074352
109 400 0.013483789749443531
110 0 0.00747433677315712
110 80 0.010000732727348804
110 160 0.01304401271045208
110 240 0.009441925212740898
110 320 0.006303046829998493
110 400 0.008224476128816605
111 0 0.006604819558560848
111 80 0.007523819804191589
111 160 0.01117270439863205
111 240 0.007653676439076662
111 320 0.011087510734796524
111 400 0.010404846630990505
112 0 0.003223984967917204
112 80 0.0055822646245360374
112 160 0.009483919478952885
112 240 0.004879521206021309
112 320 0.013297570869326591
112 400 0.009265251457691193
113 0 0.0068521881476044655
113 80 0.01267348974943161
113 160 0.010395868681371212
113 240 0.004902816377580166
113 320 0.007753707468509674
113 400 0.004804197698831558
114 0 0.012195585295557976
114 80 0.008890707977116108
114 160 0.009149810299277306
114 240 0.011263083666563034
114 320 0.005594421643763781
114 400 0.00578713696449995
115 0 0.003844263730570674
115 80 0.007964110001921654
115 160 0.010019967332482338
115 240 0.014141901396214962
115 320 0.007144516799598932
115 400 0.010500607080757618
116 0 0.008447833359241486
116 80 0.013761456124484539
116 160 0.00346118351444602
116 240 0.004861616063863039
116 320 0.012267397716641426
116 400 0.00311188492923975
117 0 0.00754739111289382
117 80 0.010719366371631622
117 160 0.004813268315047026
117 240 0.013332081027328968
117 320 0.005360188893973827
117 400 0.006447982508689165
118 0 0.010938064195215702
118 80 0.007921376265585423
118 160 0.005075688939541578
118 240 0.014694180339574814
118 320 0.007778742350637913
118 400 0.010959438048303127
119 0 0.006793070584535599
119 80 0.0037296952214092016
119 160 0.009478376246988773
119 240 0.0064763580448925495
119 320 0.007630701642483473
119 400 0.01173812709748745
120 0 0.009795472025871277
120 80 0.00835662242025137
120 160 0.005578193813562393
120 240 0.006533844396471977
120 320 0.011293085291981697
120 400 0.03044295497238636
121 0 0.008013401180505753
121 80 0.0065809269435703754
121 160 0.005508758593350649
121 240 0.006983203813433647
121 320 0.005391634535044432
121 400 0.00914439745247364
122 0 0.006967845372855663
122 80 0.008264333941042423
122 160 0.01300988532602787
122 240 0.006190541200339794
122 320 0.008358688093721867
122 400 0.007817603647708893
123 0 0.005567504093050957
123 80 0.009087612852454185
123 160 0.013684841804206371
123 240 0.006005838979035616
123 320 0.005915109999477863
123 400 0.0048055886290967464
124 0 0.012801336124539375
124 80 0.017097223550081253
124 160 0.014495719224214554
124 240 0.00764029985293746
124 320 0.005390700418502092
124 400 0.008904166519641876
125 0 0.007817232981324196
125 80 0.008954748511314392
125 160 0.00716064777225256
125 240 0.008488302119076252
125 320 0.011096227914094925
125 400 0.0036836406216025352
126 0 0.0064978450536727905
126 80 0.010093062184751034
126 160 0.005277837160974741
126 240 0.006185508798807859
126 320 0.004589971620589495
126 400 0.006275975611060858
127 0 0.006563944276422262
127 80 0.0075409505516290665
127 160 0.007221526000648737
127 240 0.0076396227814257145
127 320 0.01218930259346962
127 400 0.0036327398847788572
128 0 0.010882663540542126
128 80 0.007251338101923466
128 160 0.007693981286138296
128 240 0.004313939716666937
128 320 0.0062281410209834576
128 400 0.004510826431214809
129 0 0.005447906907647848
129 80 0.008208603598177433
129 160 0.00759523781016469
129 240 0.011200943030416965
129 320 0.011520619504153728
129 400 0.008497346192598343
130 0 0.012532565742731094
130 80 0.005720928777009249
130 160 0.007721726316958666
130 240 0.0031890098471194506
130 320 0.004427441395819187
130 400 0.007054076995700598
131 0 0.003499624552205205
131 80 0.007889829576015472
131 160 0.0059085083194077015
131 240 0.009176978841423988
131 320 0.0034599807113409042
131 400 0.008016327396035194
132 0 0.012307531200349331
132 80 0.007262792903929949
132 160 0.007370436564087868
132 240 0.007982376962900162
132 320 0.005368503276258707
132 400 0.005778572056442499
133 0 0.006156022194772959
133 80 0.006799379363656044
133 160 0.005333236884325743
133 240 0.005415128078311682
133 320 0.003762397915124893
133 400 0.006776278372853994
134 0 0.010857177898287773
134 80 0.0070150792598724365
134 160 0.004315699450671673
134 240 0.004802091512829065
134 320 0.005842485465109348
134 400 0.048256877809762955
135 0 0.011321539990603924
135 80 0.007411954924464226
135 160 0.006058417726308107
135 240 0.0037100708577781916
135 320 0.0063331639394164085
135 400 0.012798202224075794
136 0 0.004136186558753252
136 80 0.004962192848324776
136 160 0.008215563371777534
136 240 0.004086710046976805
136 320 0.004700899589806795
136 400 0.005034332163631916
137 0 0.0054069822654128075
137 80 0.005425837356597185
137 160 0.0074286009185016155
137 240 0.005549601744860411
137 320 0.005714796483516693
137 400 0.00218366296030581
138 0 0.006066930014640093
138 80 0.007517242804169655
138 160 0.008183149620890617
138 240 0.012714149430394173
138 320 0.0034882340114563704
138 400 0.0016494623851031065
139 0 0.005580567754805088
139 80 0.006405024789273739
139 160 0.006088945083320141
139 240 0.005003079771995544
139 320 0.007799137383699417
139 400 0.00891096144914627
140 0 0.009147346951067448
140 80 0.0062892925925552845
140 160 0.009274453856050968
140 240 0.0036918269470334053
140 320 0.007695670239627361
140 400 0.008672043681144714
141 0 0.00793367438018322
141 80 0.006073646247386932
141 160 0.008278914727270603
141 240 0.00937222596257925
141 320 0.004381861072033644
141 400 0.005279181990772486
142 0 0.004379422403872013
142 80 0.004225701559334993
142 160 0.0053664338774979115
142 240 0.006126477848738432
142 320 0.00928082037717104
142 400 0.010308008641004562
143 0 0.0027229187544435263
143 80 0.0034845066256821156
143 160 0.004759008996188641
143 240 0.00481032021343708
143 320 0.002296892926096916
143 400 0.0072760507464408875
144 0 0.0044014849700033665
144 80 0.004838658031076193
144 160 0.007611426990479231
144 240 0.006918997969478369
144 320 0.008737489581108093
144 400 0.006575472187250853
145 0 0.004879241809248924
145 80 0.009938333183526993
145 160 0.01185490470379591
145 240 0.0034778546541929245
145 320 0.009192326106131077
145 400 0.0045119598507881165
146 0 0.004790542647242546
146 80 0.004377215635031462
146 160 0.005415621679276228
146 240 0.006118150427937508
146 320 0.006335377227514982
146 400 0.0036380887031555176
147 0 0.004635689780116081
147 80 0.008158809505403042
147 160 0.024944350123405457
147 240 0.007538625039160252
147 320 0.004621101543307304
147 400 0.004790944047272205
148 0 0.011355587281286716
148 80 0.0056093232706189156
148 160 0.006543024908751249
148 240 0.006580422166734934
148 320 0.005717088468372822
148 400 0.006423008628189564
149 0 0.008822571486234665
149 80 0.00543785747140646
149 160 0.007960392162203789
149 240 0.0024792137555778027
149 320 0.005912077147513628
149 400 0.006698941811919212
150 0 0.0032222880981862545
150 80 0.005689834710210562
150 160 0.0025740324053913355
150 240 0.004588486161082983
150 320 0.00394216924905777
150 400 0.003602089826017618
151 0 0.006616134662181139
151 80 0.003421803005039692
151 160 0.0046337079256772995
151 240 0.005508814938366413
151 320 0.002833086298778653
151 400 0.007108110934495926
152 0 0.00413627689704299
152 80 0.004121855832636356
152 160 0.005261154379695654
152 240 0.005559633951634169
152 320 0.0056818099692463875
152 400 0.00469347694888711
153 0 0.005578219424933195
153 80 0.006411753129214048
153 160 0.0024499068967998028
153 240 0.0039217849262058735
153 320 0.004511203616857529
153 400 0.0027310121804475784
154 0 0.004492294508963823
154 80 0.006247647572308779
154 160 0.0058679645881056786
154 240 0.005344330333173275
154 320 0.007835332304239273
154 400 0.004061773419380188
155 0 0.003604281460866332
155 80 0.0101367998868227
155 160 0.00688036298379302
155 240 0.00490522850304842
155 320 0.005418986547738314
155 400 0.007774089463055134
156 0 0.0022614425979554653
156 80 0.00611120043322444
156 160 0.007793876808136702
156 240 0.0047708675265312195
156 320 0.005091879516839981
156 400 0.0031671004835516214
157 0 0.006645099259912968
157 80 0.005690200719982386
157 160 0.007053227163851261
157 240 0.003821573918685317
157 320 0.004335717763751745
157 400 0.007581704296171665
158 0 0.007648958824574947
158 80 0.005448220297694206
158 160 0.00733421603217721
158 240 0.0024313521571457386
158 320 0.005247584078460932
158 400 0.003287656931206584
159 0 0.0022675918880850077
159 80 0.004743007477372885
159 160 0.0048004500567913055
159 240 0.004379318095743656
159 320 0.0051615796983242035
159 400 0.004191903863102198
160 0 0.006154686212539673
160 80 0.0048497687093913555
160 160 0.003780331229791045
160 240 0.005851313006132841
160 320 0.003196402918547392
160 400 0.007400638423860073
161 0 0.003219085279852152
161 80 0.007160879671573639
161 160 0.00825374573469162
161 240 0.006749941501766443
161 320 0.005746123380959034
161 400 0.0023374115116894245
162 0 0.0028442556504160166
162 80 0.003786451881751418
162 160 0.007561037316918373
162 240 0.004162821918725967
162 320 0.005400317255407572
162 400 0.00527782691642642
163 0 0.004329536575824022
163 80 0.008304590359330177
163 160 0.006127913482487202
163 240 0.0031280932016670704
163 320 0.0027209469117224216
163 400 0.003970632795244455
164 0 0.004558113869279623
164 80 0.004079088103026152
164 160 0.005056122783571482
164 240 0.003717500949278474
164 320 0.004932438489049673
164 400 0.0028682639822363853
165 0 0.0031013747211545706
165 80 0.007692462764680386
165 160 0.00607425719499588
165 240 0.004438906908035278
165 320 0.005094180814921856
165 400 0.005435537546873093
166 0 0.0036555584520101547
166 80 0.009044828824698925
166 160 0.004822840914130211
166 240 0.005050970707088709
166 320 0.0034829822834581137
166 400 0.0061430553905665874
167 0 0.0032519495580345392
167 80 0.0024244042579084635
167 160 0.002863057889044285
167 240 0.0067758020013570786
167 320 0.0045694103464484215
167 400 0.005708318203687668
168 0 0.003082378301769495
168 80 0.0021338574588298798
168 160 0.003951066639274359
168 240 0.00712164118885994
168 320 0.0054148719646036625
168 400 0.006511014420539141
169 0 0.005205996800214052
169 80 0.00289100781083107
169 160 0.004718003794550896
169 240 0.002310255542397499
169 320 0.0026001972146332264
169 400 0.0038125719875097275
170 0 0.005527527071535587
170 80 0.0036880718544125557
170 160 0.003496915102005005
170 240 0.0037033401895314455
170 320 0.005531135946512222
170 400 0.003487840760499239
171 0 0.0025182408280670643
171 80 0.004098891280591488
171 160 0.008238847367465496
171 240 0.0034505280200392008
171 320 0.006102726794779301
171 400 0.003738527186214924
172 0 0.001810287474654615
172 80 0.006574714090675116
172 160 0.007265375927090645
172 240 0.009256882593035698
172 320 0.007149905897676945
172 400 0.003849637694656849
173 0 0.0038214526139199734
173 80 0.0058500319719314575
173 160 0.0032887612469494343
173 240 0.005692746490240097
173 320 0.00415939511731267
173 400 0.004114118870347738
174 0 0.004527621902525425
174 80 0.00699035357683897
174 160 0.0030564472544938326
174 240 0.0025158049538731575
174 320 0.007871221750974655
174 400 0.003925673197954893
175 0 0.0032386616803705692
175 80 0.004938789643347263
175 160 0.00711055938154459
175 240 0.003580570686608553
175 320 0.003229950089007616
175 400 0.005141203757375479
176 0 0.00431461026892066
176 80 0.003560872981324792
176 160 0.005095483735203743
176 240 0.0017458372749388218
176 320 0.006972142960876226
176 400 0.0027294198516756296
177 0 0.0027525899931788445
177 80 0.008516237139701843
177 160 0.006089880596846342
177 240 0.0022595205809921026
177 320 0.004755455534905195
177 400 0.00192733493167907
178 0 0.00522411335259676
178 80 0.004685742314904928
178 160 0.004777078982442617
178 240 0.0045945169404149055
178 320 0.003885916667059064
178 400 0.005178940016776323
179 0 0.004406481049954891
179 80 0.005246053449809551
179 160 0.0027983845211565495
179 240 0.005194895435124636
179 320 0.004267596639692783
179 400 0.0055119809694588184
180 0 0.0036713494919240475
180 80 0.0030926475301384926
180 160 0.004871889483183622
180 240 0.007210514973849058
180 320 0.005574583541601896
180 400 0.0026594658847898245
181 0 0.0034777128603309393
181 80 0.004174372646957636
181 160 0.007841503247618675
181 240 0.005233489442616701
181 320 0.003979923203587532
181 400 0.002400931902229786
182 0 0.004415045492351055
182 80 0.0024096667766571045
182 160 0.0028957778122276068
182 240 0.0024509266950190067
182 320 0.0044189877808094025
182 400 0.003635750152170658
183 0 0.0065834131091833115
183 80 0.0036943641025573015
183 160 0.0046572331339120865
183 240 0.004336100537329912
183 320 0.00237797643058002
183 400 0.004918613471090794
184 0 0.003332532476633787
184 80 0.0029888255521655083
184 160 0.00468691298738122
184 240 0.0033079071436077356
184 320 0.0038676701951771975
184 400 0.002836494240909815
185 0 0.00322810304351151
185 80 0.005017853807657957
185 160 0.002117960713803768
185 240 0.003605924779549241
185 320 0.0036057326942682266
185 400 0.0028886909130960703
186 0 0.00364873418584466
186 80 0.003113680286332965
186 160 0.003846928011626005
186 240 0.0018741515232250094
186 320 0.005020969081670046
186 400 0.003861097851768136
187 0 0.007581325713545084
187 80 0.0014802333898842335
187 160 0.0035877723712474108
187 240 0.0017029542941600084
187 320 0.0025576406624168158
187 400 0.004763632547110319
188 0 0.005856505129486322
188 80 0.002403432736173272
188 160 0.0020735326688736677
188 240 0.003795270575210452
188 320 0.0069249290972948074
188 400 0.0019066494423896074
189 0 0.004262632690370083
189 80 0.004834800958633423
189 160 0.003099981462582946
189 240 0.0033235950395464897
189 320 0.010461155325174332
189 400 0.004169358406215906
190 0 0.002362313214689493
190 80 0.006833372637629509
190 160 0.003809556132182479
190 240 0.004675049800425768
190 320 0.005905501544475555
190 400 0.005601141601800919
191 0 0.006002702750265598
191 80 0.0010823534103110433
191 160 0.0024829250760376453
191 240 0.002580929547548294
191 320 0.001514500705525279
191 400 0.00550841586664319
192 0 0.0037271021865308285
192 80 0.0061500766314566135
192 160 0.004390865098685026
192 240 0.003083179472014308
192 320 0.007244671229273081
192 400 0.00293904822319746
193 0 0.002717218128964305
193 80 0.0026949550956487656
193 160 0.0030187140218913555
193 240 0.0046041784808039665
193 320 0.006518219131976366
193 400 0.003518405370414257
194 0 0.009011396206915379
194 80 0.0035950217861682177
194 160 0.007894658483564854
194 240 0.004598874598741531
194 320 0.002845294773578644
194 400 0.002761735348030925
195 0 0.005657661240547895
195 80 0.0028467208612710238
195 160 0.006357341539114714
195 240 0.0032540843822062016
195 320 0.0026392252184450626
195 400 0.004570328630506992
196 0 0.006116182077676058
196 80 0.0036472859792411327
196 160 0.003188996110111475
196 240 0.004997229669243097
196 320 0.003992499317973852
196 400 0.0018164184875786304
197 0 0.0038582319393754005
197 80 0.003328950610011816
197 160 0.004948425572365522
197 240 0.0015559456078335643
197 320 0.006356585770845413
197 400 0.003951773513108492
198 0 0.0048627848736941814
198 80 0.0050058262422680855
198 160 0.002693488262593746
198 240 0.0021129099186509848
198 320 0.0034339998383075
198 400 0.004236390348523855
199 0 0.0029152908828109503
199 80 0.002316610887646675
199 160 0.0027939199935644865
199 240 0.0023235713597387075
199 320 0.002753106877207756
199 400 0.005167590454220772
200 0 0.0019396253628656268
200 80 0.0035433825105428696
200 160 0.005350709427148104
200 240 0.00425497442483902
200 320 0.004466529469937086
200 400 0.0029286446515470743
201 0 0.003500204300507903
201 80 0.003909450955688953
201 160 0.005517737939953804
201 240 0.00300980475731194
201 320 0.0038302470929920673
201 400 0.0035139573737978935
202 0 0.0021126691717654467
202 80 0.004355934914201498
202 160 0.0035584582947194576
202 240 0.0031276331283152103
202 320 0.0020042527467012405
202 400 0.002471441403031349
203 0 0.003065089462324977
203 80 0.0036353201139718294
203 160 0.0030021185521036386
203 240 0.006515409331768751
203 320 0.0037899967283010483
203 400 0.006144269369542599
204 0 0.006996388081461191
204 80 0.005288367625325918
204 160 0.004120162222534418
204 240 0.003742431988939643
204 320 0.004672499839216471
204 400 0.003515038639307022
205 0 0.002075483789667487
205 80 0.005763605702668428
205 160 0.0018051768420264125
205 240 0.004277918487787247
205 320 0.003374655032530427
205 400 0.002488772151991725
206 0 0.003918202593922615
206 80 0.0043601482175290585
206 160 0.0026170029304921627
206 240 0.002817476401105523
206 320 0.004623095504939556
206 400 0.003083031391724944
207 0 0.001926362281665206
207 80 0.004324217792600393
207 160 0.004247347358614206
207 240 0.0020381223876029253
207 320 0.0028497101739048958
207 400 0.0031975102610886097
208 0 0.0020709645468741655
208 80 0.00394223490729928
208 160 0.0030188830569386482
208 240 0.005014865193516016
208 320 0.0033188206143677235
208 400 0.00311859929934144
209 0 0.0032374830916523933
209 80 0.001694876584224403
209 160 0.0024914268869906664
209 240 0.0070412661880254745
209 320 0.002346983877941966
209 400 0.0018358036177232862
210 0 0.004575596656650305
210 80 0.004201172385364771
210 160 0.0028475639410316944
210 240 0.004344892222434282
210 320 0.005096488166600466
210 400 0.005202128551900387
211 0 0.0017286145593971014
211 80 0.002733350731432438
211 160 0.0040534441359341145
211 240 0.005823663901537657
211 320 0.004075789358466864
211 400 0.003776581259444356
212 0 0.001507234526798129
212 80 0.0036642642226070166
212 160 0.0027907914482057095
212 240 0.0026893692556768656
212 320 0.0022099309135228395
212 400 0.0031853809487074614
213 0 0.003960320260375738
213 80 0.005575390998274088
213 160 0.0053160302340984344
213 240 0.0030380163807421923
213 320 0.0043257237412035465
213 400 0.0024243334773927927
214 0 0.004607461858540773
214 80 0.0027502586599439383
214 160 0.0018048426136374474
214 240 0.0037479589227586985
214 320 0.003970630466938019
214 400 0.0028368933126330376
215 0 0.007130170240998268
215 80 0.0030599022284150124
215 160 0.003030856139957905
215 240 0.0025285135488957167
215 320 0.003653536783531308
215 400 0.0035623430740088224
216 0 0.002771963831037283
216 80 0.0026638763956725597
216 160 0.00469631515443325
216 240 0.0023259627632796764
216 320 0.0034418683499097824
216 400 0.003960845991969109
217 0 0.0037796341348439455
217 80 0.0037518194876611233
217 160 0.009251316078007221
217 240 0.0030139856971800327
217 320 0.0029765579383820295
217 400 0.0023053085897117853
218 0 0.0039297593757510185
218 80 0.0032842352520674467
218 160 0.003239497309550643
218 240 0.003520724130794406
218 320 0.005003098398447037
218 400 0.003377807093784213
219 0 0.002672481117770076
219 80 0.0012089452939108014
219 160 0.002845342503860593
219 240 0.0029503770638257265
219 320 0.004499525763094425
219 400 0.0017421887023374438
220 0 0.003357949899509549
220 80 0.0026667676866054535
220 160 0.0026108892634510994
220 240 0.004705619998276234
220 320 0.004274317994713783
220 400 0.003235702635720372
221 0 0.0026447996497154236
221 80 0.003859722288325429
221 160 0.0018827805761247873
221 240 0.0038150004111230373
221 320 0.0026487568393349648
221 400 0.005224842578172684
222 0 0.001632052008062601
222 80 0.002657522214576602
222 160 0.0037624179385602474
222 240 0.004016347229480743
222 320 0.0025942286010831594
222 400 0.004002314992249012
223 0 0.0030511750373989344
223 80 0.0034894030541181564
223 160 0.004475864581763744
223 240 0.0030586370266973972
223 320 0.0020842705853283405
223 400 0.003582178382202983
224 0 0.004615520592778921
224 80 0.0025854066479951143
224 160 0.0037996964529156685
224 240 0.0016203068662434816
224 320 0.0020916464272886515
224 400 0.004028600174933672
225 0 0.0026308901142328978
225 80 0.0017399803036823869
225 160 0.007696668151766062
225 240 0.0023469047155231237
225 320 0.003387562930583954
225 400 0.0012163333594799042
226 0 0.005130567122250795
226 80 0.006274012848734856
226 160 0.0019830737728625536
226 240 0.0028628231957554817
226 320 0.002242554444819689
226 400 0.003431712742894888
227 0 0.001992848701775074
227 80 0.003413600381463766
227 160 0.0025557109620422125
227 240 0.0028346707113087177
227 320 0.003754346864297986
227 400 0.0028508563991636038
228 0 0.002870693104341626
228 80 0.0035254003014415503
228 160 0.0038082313258200884
228 240 0.0035036220215260983
228 320 0.0024656301829963923
228 400 0.00827562902122736
229 0 0.0035357463639229536
229 80 0.0038635178934782743
229 160 0.0029613312799483538
229 240 0.0021043610759079456
229 320 0.0016993166645988822
229 400 0.0018136679427698255
230 0 0.0032971480395644903
230 80 0.0016568144783377647
230 160 0.0028260766994208097
230 240 0.004985184874385595
230 320 0.00457495404407382
230 400 0.004864046815782785
231 0 0.0031949325930327177
231 80 0.0047787027433514595
231 160 0.0027957793790847063
231 240 0.004432846792042255
231 320 0.004922311287373304
231 400 0.0034436513669788837
232 0 0.0011228787479922175
232 80 0.0028455364517867565
232 160 0.0032260403968393803
232 240 0.003074096282944083
232 320 0.002431306289508939
232 400 0.0025492210406810045
233 0 0.003586946753785014
233 80 0.0030280391220003366
233 160 0.0014906596625223756
233 240 0.002815690590068698
233 320 0.005320183467119932
233 400 0.0030446157325059175
234 0 0.0030432329513132572
234 80 0.002151527674868703
234 160 0.0032338935416191816
234 240 0.0023014650214463472
234 320 0.003166037378832698
234 400 0.0015718307113274932
235 0 0.0016753417439758778
235 80 0.0034410397056490183
235 160 0.004042492248117924
235 240 0.0024676036555320024
235 320 0.003236637217923999
235 400 0.0036944812163710594
236 0 0.0030083938036113977
236 80 0.002816676627844572
236 160 0.0037584903184324503
236 240 0.0024739073123782873
236 320 0.00134844530839473
236 400 0.0030349751468747854
237 0 0.0032779236789792776
237 80 0.002345091663300991
237 160 0.0038048233836889267
237 240 0.004523317329585552
237 320 0.004531205631792545
237 400 0.004124144557863474
238 0 0.0029587873723357916
238 80 0.0021960788872092962
238 160 0.002817327855154872
238 240 0.000831079960335046
238 320 0.0050753699615597725
238 400 0.0037751421332359314
239 0 0.002430297201499343
239 80 0.002852787496522069
239 160 0.005331600550562143
239 240 0.0037733849603682756
239 320 0.0011460460955277085
239 400 0.0033108158968389034
240 0 0.0037692803889513016
240 80 0.0036446850281208754
240 160 0.0029396924655884504
240 240 0.003161629429087043
240 320 0.0036046055611222982
240 400 0.0035638350527733564
241 0 0.0023050301242619753
241 80 0.0026935238856822252
241 160 0.0007926535326987505
241 240 0.0017770823324099183
241 320 0.00353687210008502
241 400 0.001258624135516584
242 0 0.0012720549711957574
242 80 0.0023618831764906645
242 160 0.0034656489733606577
242 240 0.00232895091176033
242 320 0.0023237725254148245
242 400 0.003373086452484131
243 0 0.002070681657642126
243 80 0.0022211226169019938
243 160 0.0050868745893239975
243 240 0.0025808564387261868
243 320 0.004264444578438997
243 400 0.005691742058843374
244 0 0.0035104325506836176
244 80 0.0032756731379777193
244 160 0.003816822078078985
244 240 0.003220116253942251
244 320 0.0057350336574018
244 400 0.0026218390557914972
245 0 0.002511844038963318
245 80 0.003567889565601945
245 160 0.0014943277928978205
245 240 0.003517741337418556
245 320 0.0034200153313577175
245 400 0.0010504915844649076
246 0 0.003952358849346638
246 80 0.004775617737323046
246 160 0.0028313063085079193
246 240 0.004191489424556494
246 320 0.005137627013027668
246 400 0.003300791373476386
247 0 0.0028057226445525885
247 80 0.0018448173068463802
247 160 0.0023260328453034163
247 240 0.002222482580691576
247 320 0.006915207486599684
247 400 0.0013681449927389622
248 0 0.0033833286724984646
248 80 0.003372950479388237
248 160 0.0038676061667501926
248 240 0.0018652022117748857
248 320 0.0026543489657342434
248 400 0.005073597654700279
249 0 0.001757370657287538
249 80 0.003427546937018633
249 160 0.0005514565855264664
249 240 0.0025722684804350138
249 320 0.002775424625724554
249 400 0.0020041039679199457
250 0 0.002591362688690424
250 80 0.0019395877607166767
250 160 0.00217018136754632
250 240 0.004148091655224562
250 320 0.002802527043968439
250 400 0.00362722622230649
251 0 0.0024296140763908625
251 80 0.002359809121116996
251 160 0.004032147582620382
251 240 0.0035778945311903954
251 320 0.0017950189067050815
251 400 0.0010098982602357864
252 0 0.002941465238109231
252 80 0.0031834542751312256
252 160 0.003671115031465888
252 240 0.001920604147017002
252 320 0.0030587471555918455
252 400 0.0012471884256228805
253 0 0.0021321801468729973
253 80 0.0032863831147551537
253 160 0.002331243362277746
253 240 0.000921563827432692
253 320 0.002901280065998435
253 400 0.006346748676151037
254 0 0.002744019962847233
254 80 0.003034983528777957
254 160 0.0032195120584219694
254 240 0.0030461130663752556
254 320 0.0017830487340688705
254 400 0.0034758197143673897
255 0 0.003046918660402298
255 80 0.0017282209591940045
255 160 0.003188750008121133
255 240 0.002730074105784297
255 320 0.0025289547629654408
255 400 0.0019199278904125094
256 0 0.002046267269179225
256 80 0.0023160004056990147
256 160 0.0017588717164471745
256 240 0.002565232804045081
256 320 0.0025507353711873293
256 400 0.002905548084527254
257 0 0.0024314934853464365
257 80 0.0014389698626473546
257 160 0.0009724146220833063
257 240 0.004310464020818472
257 320 0.001181701896712184
257 400 0.002641278086230159
258 0 0.005500888917595148
258 80 0.003384038805961609
258 160 0.002976789604872465
258 240 0.0029067269060760736
258 320 0.0012083795154467225
258 400 0.0012187357060611248
259 0 0.0013006236404180527
259 80 0.0019464187789708376
259 160 0.0015277123311534524
259 240 0.0034065779764205217
259 320 0.0012224800884723663
259 400 0.0024077913258224726
260 0 0.001963482704013586
260 80 0.0034497687593102455
260 160 0.002239098772406578
260 240 0.0017459549708291888
260 320 0.00240490329451859
260 400 0.003777957521378994
261 0 0.0031038718298077583
261 80 0.0022647466976195574
261 160 0.003806151682510972
261 240 0.0007950728177092969
261 320 0.001191931776702404
261 400 0.002871429780498147
262 0 0.0014868654543533921
262 80 0.0021689096465706825
262 160 0.001999227562919259
262 240 0.0032316686119884253
262 320 0.003922569565474987
262 400 0.0027352003380656242
263 0 0.003664919873699546
263 80 0.0028394663240760565
263 160 0.002524188719689846
263 240 0.0018689942080527544
263 320 0.0022534129675477743
263 400 0.0040974742732942104
264 0 0.0018840715056285262
264 80 0.0035133070778101683
264 160 0.002267273608595133
264 240 0.0023866170085966587
264 320 0.001999904867261648
264 400 0.0013693413930013776
265 0 0.0028516543097794056
265 80 0.0033154061529785395
265 160 0.003948626574128866
265 240 0.001979310531169176
265 320 0.0029259435832500458
265 400 0.0019156293710693717
266 0 0.002721971832215786
266 80 0.0020682206377387047
266 160 0.0017409009160473943
266 240 0.0014678735751658678
266 320 0.0036798559594899416
266 400 0.002776411361992359
267 0 0.0033237910829484463
267 80 0.0016191609902307391
267 160 0.0026090345345437527
267 240 0.001961928326636553
267 320 0.0031996401958167553
267 400 0.0043250625021755695
268 0 0.0021532236132770777
268 80 0.0012659321073442698
268 160 0.0012308157747611403
268 240 0.0012608247343450785
268 320 0.0028005503118038177
268 400 0.003226072993129492
269 0 0.00244559976272285
269 80 0.0008317155297845602
269 160 0.0018732029711827636
269 240 0.0019152176100760698
269 320 0.0009917172137647867
269 400 0.0016962515655905008
270 0 0.0013303374871611595
270 80 0.002954561496153474
270 160 0.0016369038494303823
270 240 0.0014977253740653396
270 320 0.0013527933042496443
270 400 0.002903882646933198
271 0 0.002148114610463381
271 80 0.0019306873437017202
271 160 0.0012575776781886816
271 240 0.003146786242723465
271 320 0.0022431188262999058
271 400 0.0029212746303528547
272 0 0.003198248101398349
272 80 0.003516078693792224
272 160 0.0027419528923928738
272 240 0.0022972587030380964
272 320 0.0032501090317964554
272 400 0.002221575239673257
273 0 0.0016571532469242811
273 80 0.0046675303019583225
273 160 0.00262250192463398
273 240 0.0033705891110002995
273 320 0.0025373483076691628
273 400 0.0010965196415781975
274 0 0.0017521309200674295
274 80 0.0031747263856232166
274 160 0.004704367369413376
274 240 0.0031727629248052835
274 320 0.0020237804856151342
274 400 0.0019415502902120352
275 0 0.0028885910287499428
275 80 0.0019520388450473547
275 160 0.0018612442072480917
275 240 0.002646291395649314
275 320 0.0027685523964464664
275 400 0.0026765090879052877
276 0 0.001260423450730741
276 80 0.0022701311390846968
276 160 0.0015649314736947417
276 240 0.0026752117555588484
276 320 0.003423694521188736
276 400 0.002846864750608802
277 0 0.0021328218281269073
277 80 0.0031668883748352528
277 160 0.003922813106328249
277 240 0.001600137329660356
277 320 0.002242134651169181
277 400 0.002416015136986971
278 0 0.0014100908301770687
278 80 0.0025530275888741016
278 160 0.0014811820583418012
278 240 0.0018545291386544704
278 320 0.0017522473353892565
278 400 0.0018840533448383212
279 0 0.002144854050129652
279 80 0.0026791011914610863
279 160 0.0007892428548075259
279 240 0.0018726094858720899
279 320 0.002795048523694277
279 400 0.004367395769804716
280 0 0.0013366624480113387
280 80 0.0016230985056608915
280 160 0.002459316048771143
280 240 0.0031737133394926786
280 320 0.002218980574980378
280 400 0.0024014748632907867
281 0 0.0028009710367769003
281 80 0.003084892639890313
281 160 0.0023565804585814476
281 240 0.0017413691384717822
281 320 0.0017328805988654494
281 400 0.002482264768332243
282 0 0.0027465620078146458
282 80 0.0013007876696065068
282 160 0.0027844589203596115
282 240 0.0034717321395874023
282 320 0.0025048081297427416
282 400 0.003245922503992915
283 0 0.0028757548425346613
283 80 0.0018036215333268046
283 160 0.002118679927662015
283 240 0.0015096028801053762
283 320 0.0018580376636236906
283 400 0.0022744317539036274
284 0 0.0018077903660014272
284 80 0.0009428368648514152
284 160 0.0031525485683232546
284 240 0.002417114330455661
284 320 0.0019239584216848016
284 400 0.0015071069356054068
285 0 0.0023508379235863686
285 80 0.003927938640117645
285 160 0.002558179898187518
285 240 0.0020100828260183334
285 320 0.0024823113344609737
285 400 0.003329971106722951
286 0 0.0018875444075092673
286 80 0.0030879101250320673
286 160 0.001458661281503737
286 240 0.0011432325700297952
286 320 0.005078563001006842
286 400 0.0014161346480250359
287 0 0.0021253987215459347
287 80 0.0013445825316011906
287 160 0.00359364808537066
287 240 0.001192163792438805
287 320 0.003906454425305128
287 400 0.0009699708898551762
288 0 0.0016977721825242043
288 80 0.0016251656925305724
288 160 0.0024493434466421604
288 240 0.0034476802684366703
288 320 0.002690361812710762
288 400 0.0036031552590429783
289 0 0.002192805288359523
289 80 0.0022037867456674576
289 160 0.0015977961011230946
289 240 0.003112317994236946
289 320 0.0037336370442062616
289 400 0.0019817326683551073
290 0 0.003566199680790305
290 80 0.001660811249166727
290 160 0.0018103771144524217
290 240 0.0034630056470632553
290 320 0.001691750017926097
290 400 0.0006767126033082604
291 0 0.001769493450410664
291 80 0.0012483132304623723
291 160 0.002016828628256917
291 240 0.0016690145712345839
291 320 0.0029093394987285137
291 400 0.00152118771802634
292 0 0.0017487590666860342
292 80 0.0017500256653875113
292 160 0.002372613176703453
292 240 0.0013267722679302096
292 320 0.002247375901788473
292 400 0.0018153920536860824
293 0 0.0015961240278556943
293 80 0.0012258692877367139
293 160 0.0030179822351783514
293 240 0.003426743671298027
293 320 0.0030586407519876957
293 400 0.0030169268138706684
294 0 0.0019316542893648148
294 80 0.0033555799163877964
294 160 0.001600199961103499
294 240 0.001967349788174033
294 320 0.0018674120074138045
294 400 0.0021823844872415066
295 0 0.002043631160631776
295 80 0.0029999990947544575
295 160 0.001555218710564077
295 240 0.0017668845830485225
295 320 0.0033916253596544266
295 400 0.0017301809275522828
296 0 0.001456575351767242
296 80 0.00132013950496912
296 160 0.001230602036230266
296 240 0.0015892473747953773
296 320 0.001625554170459509
296 400 0.002184524666517973
297 0 0.0014959450345486403
297 80 0.0016081796493381262
297 160 0.004454496316611767
297 240 0.0009487495408393443
297 320 0.001468635513447225
297 400 0.0009716154891066253
298 0 0.0035825821105390787
298 80 0.0019191568717360497
298 160 0.001319502480328083
298 240 0.0027720604557543993
298 320 0.0013021790655329823
298 400 0.00277974596247077
299 0 0.0019902267958968878
299 80 0.0033429311588406563
299 160 0.0025540690403431654
299 240 0.0020430053118616343
299 320 0.0013318158453330398
299 400 0.002546644536778331
300 0 0.0012241450604051352
300 80 0.0011352176079526544
300 160 0.0016105626709759235
300 240 0.002359151840209961
300 320 0.002302547451108694
300 400 0.004266060888767242
