1 0.4718765616099209 0.8830166666666667
2 0.20764785903349106 0.9387666666666666
3 0.1730237699933906 0.9484333333333334
4 0.15290930670207498 0.9547666666666667
5 0.13832605013778723 0.9595833333333333
6 0.1276452811375292 0.96235
7 0.11841859148223517 0.9655
8 0.11179339848379337 0.9671666666666666
9 0.10524461728566364 0.96875
10 0.09931276940397107 0.9707166666666667
11 0.094658816261078 0.9720666666666666
12 0.09039278942813624 0.9737666666666667
13 0.0862762620652726 0.9750166666666666
14 0.08309889693996672 0.97595
15 0.08001311692887786 0.9768166666666667
16 0.07632851527173763 0.9780333333333333
17 0.0733876434335513 0.9792833333333333
18 0.0706042484211515 0.9800666666666666
19 0.06798756861689884 0.9808333333333333
20 0.06576354613801691 0.98135
21 0.06306022289457289 0.9827
22 0.061332245404992915 0.9831833333333333
23 0.058757436982016444 0.9844666666666667
24 0.0565848153239406 0.9847
25 0.05531950937564185 0.9847666666666667
26 0.05361410738554781 0.9852333333333333
27 0.05144421739388567 0.98635
28 0.04992377871214581 0.98685
29 0.0484279796485104 0.9872666666666666
30 0.04656473738250575 0.9881666666666666
31 0.04555996594978357 0.9882333333333333
32 0.04425034086817681 0.9888166666666667
33 0.04279822134164605 0.9891333333333333
34 0.0416301280411004 0.98985
35 0.04030433408161407 0.99005
36 0.038568543738870226 0.99115
37 0.03758762667436145 0.9908166666666667
38 0.036558304713772874 0.9914
39 0.03546479352112454 0.9915833333333334
40 0.03465488697412108 0.9921
41 0.03331371665255093 0.9924833333333334
42 0.032411745077233385 0.9928833333333333
43 0.03160182275533327 0.9928833333333333
44 0.03055626991143359 0.99365
45 0.029838753630842037 0.9939833333333333
46 0.028991185115781356 0.9943
47 0.028365845674835542 0.9942666666666666
48 0.027423267046223953 0.9950166666666667
49 0.02659334572675481 0.9949333333333333
50 0.02584274357824183 0.99525
51 0.025093656691557754 0.99555
52 0.02452120688587014 0.99575
53 0.02397304962673135 0.9957833333333334
54 0.02322640157699871 0.9962
55 0.022566061393459087 0.99625
56 0.022037542821255637 0.9965
57 0.02150426583507581 0.9969
58 0.020782006141950072 0.9971166666666667
59 0.020278272576439483 0.9972166666666666
60 0.019912587019052904 0.9972
61 0.01925204177575706 0.9975666666666667
62 0.018872295277935863 0.99775
63 0.018247880845336614 0.9976833333333334
64 0.017852479337788087 0.9978333333333333
65 0.017358576765716838 0.99795
66 0.016968743915337998 0.9980666666666667
67 0.016575424133666923 0.9983333333333333
68 0.01617452038326926 0.9985166666666667
69 0.015749274968489338 0.9985166666666667
70 0.01544428454823236 0.9985333333333334
71 0.015166352553638632 0.9986333333333334
72 0.01468208730310154 0.9987833333333334
73 0.01435922244603414 0.9988333333333334
74 0.014030591858280842 0.9988833333333333
75 0.013792314947938233 0.9988166666666667
76 0.013451878365172918 0.9989833333333333
77 0.013161134764131135 0.9991166666666667
78 0.012867420284288016 0.9991166666666667
79 0.012564994454352078 0.9992666666666666
80 0.01231593414068794 0.9992333333333333
81 0.012083467182470982 0.9993333333333333
82 0.011747804606385005 0.9994833333333333
83 0.01153598185022995 0.9993666666666666
84 0.011371408308198902 0.9994
85 0.011086387991178424 0.99945
86 0.01090893662000484 0.9995166666666667
87 0.01064912415643745 0.9995833333333334
88 0.010524013364163321 0.9996833333333334
89 0.010261908068315688 0.9996
90 0.0100785160577719 0.9997166666666667
91 0.009892811182576584 0.9996833333333334
92 0.00973244195134798 0.99975
93 0.009554568986430256 0.9997666666666667
94 0.009371553744767298 0.99975
95 0.009158209698256859 0.9997666666666667
96 0.009039819788392276 0.99985
97 0.008860883592659715 0.9998333333333334
98 0.008671057779890006 0.9998
99 0.008569595260001513 0.99985
100 0.008412057653998833 0.9998666666666667
101 0.008279592060902988 0.9998166666666667
102 0.008156193156929207 0.9998666666666667
103 0.008032075690427251 0.9999
104 0.007861226607463571 0.9998666666666667
105 0.007759121339966747 0.99995
106 0.007624123069489482 0.9999
107 0.007510561593321722 0.9999333333333333
108 0.00739681756378078 0.9999166666666667
109 0.007279257548462623 0.99995
110 0.007182970798677648 0.99995
111 0.0070551940272730995 0.9999166666666667
112 0.006961766047093437 0.99995
113 0.006870388620044551 0.99995
114 0.006734522140976081 0.99995
115 0.006660175485425254 0.99995
116 0.0065482029860624786 0.99995
117 0.006467897442977693 0.99995
118 0.006375286123230815 0.99995
119 0.0062869053764908174 0.99995
120 0.006221312318128278 0.9999333333333333
121 0.006128114610930273 0.99995
122 0.0060449377638595635 0.99995
123 0.005937995235703743 0.9999666666666667
124 0.005882560087840503 0.9999666666666667
125 0.0057915010437893585 0.9999833333333333
126 0.0057104187387067564 0.9999833333333333
127 0.005652563282296554 0.9999666666666667
128 0.005571922786764181 0.9999833333333333
129 0.005508223591473645 0.9999666666666667
130 0.005428627970864746 0.99995
131 0.005360747110158173 1.0
132 0.005305864170555081 0.9999833333333333
133 0.005235464587660709 1.0
134 0.005159102045426538 0.9999833333333333
135 0.005104442581292123 0.9999833333333333
136 0.0050650589016160924 0.9999833333333333
137 0.005006581551950377 0.9999833333333333
138 0.004947464196766014 1.0
139 0.0048899352557953205 1.0
140 0.004834294373637188 0.9999833333333333
141 0.0047644989620616186 0.9999833333333333
142 0.004710431430868105 1.0
143 0.004661919129863461 0.9999833333333333
144 0.0046196117481367704 1.0
145 0.004566901081454144 1.0
146 0.004515366457245831 1.0
147 0.0044651085169298815 0.9999833333333333
148 0.004431610449161658 1.0
149 0.004376720844967557 0.9999833333333333
150 0.004344237442098574 1.0
151 0.004286345915679238 1.0
152 0.004234923521922564 1.0
153 0.004199845753590277 1.0
154 0.00414752943623962 1.0
155 0.004111771341730981 1.0
156 0.0040740337629151194 1.0
157 0.004039704342678523 1.0
158 0.0039871458439772 1.0
159 0.003961203544627009 1.0
160 0.003924920223156876 1.0
161 0.003870729648414801 1.0
162 0.0038390601516020166 1.0
163 0.0038014627051855456 1.0
164 0.003776728441920886 1.0
165 0.003735491656201846 1.0
166 0.003695912343804349 1.0
167 0.003667658877753611 1.0
168 0.003636825821801289 1.0
169 0.003598975700024428 1.0
170 0.003570170765285934 1.0
171 0.003534379027245729 1.0
172 0.0035022620924873584 1.0
173 0.00346566411144813 1.0
174 0.0034426688552965153 1.0
175 0.0034128062599308806 1.0
176 0.003387466433576183 1.0
177 0.003353219298245723 1.0
178 0.0033296302307460673 1.0
179 0.0033029253671029166 1.0
180 0.0032705444334221803 1.0
181 0.003244303453933082 1.0
182 0.0032118436252908792 1.0
183 0.003192384903287408 1.0
184 0.003173631543828758 1.0
185 0.0031421131450436643 1.0
186 0.0031130590333617223 1.0
187 0.0030809706812952834 1.0
188 0.0030649451034164416 1.0
189 0.003039536300425066 1.0
190 0.0030148271493601803 1.0
191 0.00298712352007282 1.0
192 0.002969278111385662 1.0
193 0.0029444147877123105 1.0
194 0.002923094447322889 1.0
195 0.002901005743345472 1.0
196 0.0028736199318582234 1.0
197 0.0028522928175367494 1.0
198 0.0028355018387653873 1.0
199 0.002814354709916011 1.0
200 0.002795430215714531 1.0
201 0.0027691997719361686 1.0
202 0.002747805134431997 1.0
203 0.002732323322778762 1.0
204 0.002710953227498495 1.0
205 0.0026919198364440374 1.0
206 0.0026734434662690596 1.0
207 0.0026550551095524673 1.0
208 0.0026343541024605246 1.0
209 0.002617590091645972 1.0
210 0.0025994582032821557 1.0
211 0.0025811060632108403 1.0
212 0.0025629887603340483 1.0
213 0.0025436575042961564 1.0
214 0.0025312633407282344 1.0
215 0.0025118912055369603 1.0
216 0.0024911723094560435 1.0
217 0.0024772741651134704 1.0
218 0.00246043141863283 1.0
219 0.0024434221374280037 1.0
220 0.00242482753073884 1.0
221 0.0024108703393163457 1.0
222 0.0023951353548692343 1.0
223 0.002381125731251713 1.0
224 0.002362917260657043 1.0
225 0.0023525853778845244 1.0
226 0.0023341550525756423 1.0
227 0.002320748047286601 1.0
228 0.0023042377895429365 1.0
229 0.002293732670346287 1.0
230 0.002274462728198173 1.0
231 0.002262321495409332 1.0
232 0.002243194774389942 1.0
233 0.0022337790907495645 1.0
234 0.0022203759468996578 1.0
235 0.0022089340072969144 1.0
236 0.002196181697328128 1.0
237 0.0021781029167529473 1.0
238 0.0021672757791550354 1.0
239 0.0021550476146829146 1.0
240 0.0021419205123495095 1.0
241 0.002128975221769078 1.0
242 0.0021140775325567103 1.0
243 0.002103939159849742 1.0
244 0.0020888689569066535 1.0
245 0.0020787722094412417 1.0
246 0.0020673125438061533 1.0
247 0.002053897518146811 1.0
248 0.0020386987508012495 1.0
249 0.002030411457542632 1.0
250 0.002019351459235382 1.0
251 0.0020098759517717018 1.0
252 0.001999024387837739 1.0
253 0.00198689094215417 1.0
254 0.00197543041296065 1.0
255 0.001962971801287246 1.0
256 0.0019515293629478608 1.0
257 0.001941801731483137 1.0
258 0.0019308538790464575 1.0
259 0.0019227172296344321 1.0
260 0.0019091962555449194 1.0
261 0.0019010655600691774 1.0
262 0.0018862163350641377 1.0
263 0.0018776906359477092 1.0
264 0.0018695933583092246 1.0
265 0.0018579554617472454 1.0
266 0.001849635902765904 1.0
267 0.0018389794098929181 1.0
268 0.0018315898050476653 1.0
269 0.0018186553179456203 1.0
270 0.0018109609356158967 1.0
271 0.0018003885699401318 1.0
272 0.001793025239027723 1.0
273 0.0017835413643058691 1.0
274 0.0017745737361831904 1.0
275 0.0017639045157521438 1.0
276 0.0017567659056917239 1.0
277 0.0017449669645422064 1.0
278 0.0017388358362578054 1.0
279 0.0017285420615692684 1.0
280 0.0017198541555737358 1.0
281 0.001710691175590863 1.0
282 0.0017049056638567361 1.0
283 0.0016961048425697504 1.0
284 0.0016862447521880642 1.0
285 0.0016792885548219695 1.0
286 0.0016675470172236961 1.0
287 0.001662817804007801 1.0
288 0.0016526525564886916 1.0
289 0.0016481698334796914 1.0
290 0.0016390437981101877 1.0
291 0.0016312875208069585 1.0
292 0.0016244737945719442 1.0
293 0.0016173041975577431 1.0
294 0.001606832772839878 1.0
295 0.0015984121141637535 1.0
296 0.0015927011161165903 1.0
297 0.001585936352887602 1.0
298 0.0015774254643940119 1.0
299 0.001569301776301517 1.0
300 0.001563506065133109 1.0
9999 0.001536878407932818 1.0
