1 0 3.364516496658325
1 80 0.4060492217540741
1 160 0.3310358226299286
1 240 0.4953811466693878
1 320 0.2567729651927948
1 400 0.33493345975875854
2 0 0.16140468418598175
2 80 0.2672603726387024
2 160 0.08062750846147537
2 240 0.2000306099653244
2 320 0.18145552277565002
2 400 0.2105562835931778
3 0 0.09831106662750244
3 80 0.09239322692155838
3 160 0.21344606578350067
3 240 0.16686542332172394
3 320 0.18748842179775238
3 400 0.12892815470695496
4 0 0.1710776686668396
4 80 0.15706466138362885
4 160 0.1261633038520813
4 240 0.16343319416046143
4 320 0.11883263289928436
4 400 0.24833054840564728
5 0 0.10230876505374908
5 80 0.1568768471479416
5 160 0.1454204022884369
5 240 0.15525725483894348
5 320 0.07099031656980515
5 400 0.19736029207706451
6 0 0.1763337403535843
6 80 0.09475065767765045
6 160 0.135447159409523
6 240 0.28017163276672363
6 320 0.15740428864955902
6 400 0.13375292718410492
7 0 0.1357346624135971
7 80 0.04988335818052292
7 160 0.1397465169429779
7 240 0.05075054243206978
7 320 0.11676377803087234
7 400 0.16213358938694
8 0 0.16879257559776306
8 80 0.12724712491035461
8 160 0.2630497217178345
8 240 0.05831566080451012
8 320 0.12761081755161285
8 400 0.15605983138084412
9 0 0.09373851120471954
9 80 0.1623772233724594
9 160 0.09291460365056992
9 240 0.08740687370300293
9 320 0.0609983466565609
9 400 0.05237958952784538
10 0 0.16142165660858154
10 80 0.058749519288539886
10 160 0.08073125779628754
10 240 0.07452807575464249
10 320 0.08140415698289871
10 400 0.12774451076984406
11 0 0.10478958487510681
11 80 0.12839366495609283
11 160 0.07841432839632034
11 240 0.07845941185951233
11 320 0.09446726739406586
11 400 0.1685761660337448
12 0 0.10365375131368637
12 80 0.07834625244140625
12 160 0.1201879158616066
12 240 0.10462769865989685
12 320 0.1257929503917694
12 400 0.08138132095336914
13 0 0.038223255425691605
13 80 0.14861075580120087
13 160 0.03778490796685219
13 240 0.0486488863825798
13 320 0.10996629297733307
13 400 0.11050939559936523
14 0 0.027371004223823547
14 80 0.10959769040346146
14 160 0.17056001722812653
14 240 0.04209113493561745
14 320 0.07352391630411148
14 400 0.1309707909822464
15 0 0.04157436639070511
15 80 0.05727330967783928
15 160 0.04464021697640419
15 240 0.04370913654565811
15 320 0.06850525736808777
15 400 0.0488896518945694
16 0 0.07328388839960098
16 80 0.07327251136302948
16 160 0.06463436037302017
16 240 0.05079496651887894
16 320 0.1033351793885231
16 400 0.05767975002527237
17 0 0.06636659055948257
17 80 0.11099603772163391
17 160 0.0708460882306099
17 240 0.07513681799173355
17 320 0.09595213085412979
17 400 0.20427271723747253
18 0 0.04406970366835594
18 80 0.10605936497449875
18 160 0.14220046997070312
18 240 0.07878735661506653
18 320 0.0732097327709198
18 400 0.021828696131706238
19 0 0.05730954557657242
19 80 0.0625506117939949
19 160 0.06453831493854523
19 240 0.05587651953101158
19 320 0.060168907046318054
19 400 0.03560891002416611
20 0 0.05111852288246155
20 80 0.11441501975059509
20 160 0.09816794097423553
20 240 0.039502598345279694
20 320 0.03225426748394966
20 400 0.026716161519289017
21 0 0.054156795144081116
21 80 0.08795202523469925
21 160 0.04437420889735222
21 240 0.07693570107221603
21 320 0.0849359780550003
21 400 0.04712186008691788
22 0 0.0940542221069336
22 80 0.035171929746866226
22 160 0.05135674029588699
22 240 0.07579988241195679
22 320 0.07588349282741547
22 400 0.04515944793820381
23 0 0.0625428631901741
23 80 0.04820719361305237
23 160 0.07654234021902084
23 240 0.10549239069223404
23 320 0.04194142296910286
23 400 0.05267976596951485
24 0 0.0486685186624527
24 80 0.051379214972257614
24 160 0.037008944898843765
24 240 0.08639302104711533
24 320 0.05356929451227188
24 400 0.05907631665468216
25 0 0.03244801610708237
25 80 0.019890086725354195
25 160 0.06369955837726593
25 240 0.08780959993600845
25 320 0.02809404395520687
25 400 0.025370188057422638
26 0 0.04355206340551376
26 80 0.05108017474412918
26 160 0.023312130942940712
26 240 0.04796424135565758
26 320 0.04460763558745384
26 400 0.048631396144628525
27 0 0.04694917052984238
27 80 0.04292520880699158
27 160 0.0495089627802372
27 240 0.060581713914871216
27 320 0.0428488664329052
27 400 0.04194919392466545
28 0 0.0476544015109539
28 80 0.053525153547525406
28 160 0.05570536479353905
28 240 0.09200693666934967
28 320 0.05185214430093765
28 400 0.030723655596375465
29 0 0.0661727711558342
29 80 0.06537771970033646
29 160 0.06035608425736427
29 240 0.03938040882349014
29 320 0.08222851157188416
29 400 0.06498539447784424
30 0 0.07129648327827454
30 80 0.05239127203822136
30 160 0.03803052008152008
30 240 0.08904260396957397
30 320 0.036047499626874924
30 400 0.031454265117645264
31 0 0.061904024332761765
31 80 0.034265995025634766
31 160 0.059474047273397446
31 240 0.026463139802217484
31 320 0.03608911857008934
31 400 0.016791850328445435
32 0 0.03912228345870972
32 80 0.03519514948129654
32 160 0.031616587191820145
32 240 0.05636715516448021
32 320 0.05106296017765999
32 400 0.03371692821383476
33 0 0.032512567937374115
33 80 0.04053367301821709
33 160 0.03466419503092766
33 240 0.08783365786075592
33 320 0.034655388444662094
33 400 0.0370800606906414
34 0 0.04018993303179741
34 80 0.02788461558520794
34 160 0.05153333768248558
34 240 0.045416247099637985
34 320 0.031344469636678696
34 400 0.030301915481686592
35 0 0.036929283291101456
35 80 0.058257948607206345
35 160 0.022427210584282875
35 240 0.03961804881691933
35 320 0.03156207874417305
35 400 0.030908742919564247
36 0 0.02240525558590889
36 80 0.03756498545408249
36 160 0.033196672797203064
36 240 0.020964639261364937
36 320 0.04131472855806351
36 400 0.014199287630617619
37 0 0.048811133950948715
37 80 0.029515113681554794
37 160 0.024058345705270767
37 240 0.0442180410027504
37 320 0.022643569856882095
37 400 0.04158509522676468
38 0 0.026292558759450912
38 80 0.041589390486478806
38 160 0.020528914406895638
38 240 0.033928945660591125
38 320 0.02725300006568432
38 400 0.018245361745357513
39 0 0.0168047696352005
39 80 0.02544109895825386
39 160 0.058439645916223526
39 240 0.031752850860357285
39 320 0.03084026835858822
39 400 0.043280526995658875
40 0 0.026988640427589417
40 80 0.037895094603300095
40 160 0.015741217881441116
40 240 0.006371316500008106
40 320 0.03597085922956467
40 400 0.02533176727592945
41 0 0.010347062721848488
41 80 0.029993189498782158
41 160 0.02159181609749794
41 240 0.052123308181762695
41 320 0.02785661444067955
41 400 0.15717819333076477
42 0 0.02352273277938366
42 80 0.023333575576543808
42 160 0.037719666957855225
42 240 0.017039835453033447
42 320 0.020417876541614532
42 400 0.029281264171004295
43 0 0.026648756116628647
43 80 0.033092569559812546
43 160 0.0141141964122653
43 240 0.026833798736333847
43 320 0.028108617290854454
43 400 0.02875596471130848
44 0 0.051413584500551224
44 80 0.06824325025081635
44 160 0.033358652144670486
44 240 0.011870289221405983
44 320 0.02660733088850975
44 400 0.02987804263830185
45 0 0.019172489643096924
45 80 0.03456231951713562
45 160 0.025801174342632294
45 240 0.03277665004134178
45 320 0.03218282386660576
45 400 0.017126785591244698
46 0 0.03894836828112602
46 80 0.013818559236824512
46 160 0.040134355425834656
46 240 0.051991626620292664
46 320 0.03378089889883995
46 400 0.037906747311353683
47 0 0.038676075637340546
47 80 0.025156280025839806
47 160 0.03159155324101448
47 240 0.015372433699667454
47 320 0.012342057190835476
47 400 0.026470446959137917
48 0 0.03237440437078476
48 80 0.028952931985259056
48 160 0.06537342071533203
48 240 0.02744857594370842
48 320 0.11474987119436264
48 400 0.054313890635967255
49 0 0.02582661435008049
49 80 0.03378641605377197
49 160 0.018932204693555832
49 240 0.048904791474342346
49 320 0.02206539548933506
49 400 0.020364267751574516
50 0 0.014626314863562584
50 80 0.016910070553421974
50 160 0.030576884746551514
50 240 0.018253274261951447
50 320 0.02248726785182953
50 400 0.030161356553435326
51 0 0.0288665983825922
51 80 0.040839191526174545
51 160 0.04187796264886856
51 240 0.031053554266691208
51 320 0.029947232455015182
51 400 0.030902504920959473
52 0 0.02305595390498638
52 80 0.0153877642005682
52 160 0.04687206819653511
52 240 0.01808839850127697
52 320 0.015348062850534916
52 400 0.034406229853630066
53 0 0.028279677033424377
53 80 0.010892804712057114
53 160 0.036647602915763855
53 240 0.029889939352869987
53 320 0.024681517854332924
53 400 0.02714112401008606
54 0 0.048491865396499634
54 80 0.06776365637779236
54 160 0.023453840985894203
54 240 0.013403062708675861
54 320 0.0218686293810606
54 400 0.014034125953912735
55 0 0.026983892545104027
55 80 0.00775512820109725
55 160 0.027897275984287262
55 240 0.014257241040468216
55 320 0.03402414917945862
55 400 0.031962182372808456
56 0 0.0065818065777421
56 80 0.04898752644658089
56 160 0.013530969619750977
56 240 0.04566540569067001
56 320 0.021047955378890038
56 400 0.017015663906931877
57 0 0.013798867352306843
57 80 0.027513829991221428
57 160 0.0239539984613657
57 240 0.05823437497019768
57 320 0.04237917438149452
57 400 0.029041053727269173
58 0 0.016906091943383217
58 80 0.021851394325494766
58 160 0.015129096806049347
58 240 0.037829648703336716
58 320 0.013983097858726978
58 400 0.02672572433948517
59 0 0.04234674572944641
59 80 0.01106387097388506
59 160 0.012097536586225033
59 240 0.009737378917634487
59 320 0.03151800483465195
59 400 0.021794583648443222
60 0 0.011184457689523697
60 80 0.008308731019496918
60 160 0.02872948907315731
60 240 0.013419153168797493
60 320 0.025839656591415405
60 400 0.012429146096110344
61 0 0.014037416316568851
61 80 0.026366611942648888
61 160 0.00760579202324152
61 240 0.011320056393742561
61 320 0.013921251520514488
61 400 0.007190755568444729
62 0 0.006093825679272413
62 80 0.0077597894705832005
62 160 0.0147133469581604
62 240 0.012692268006503582
62 320 0.020628055557608604
62 400 0.008586070500314236
63 0 0.011019528843462467
63 80 0.01547176018357277
63 160 0.023381656035780907
63 240 0.007868701592087746
63 320 0.034897904843091965
63 400 0.013423074968159199
64 0 0.02983766607940197
64 80 0.007211060728877783
64 160 0.012655802071094513
64 240 0.009018382988870144
64 320 0.010858289897441864
64 400 0.008126700296998024
65 0 0.010458117350935936
65 80 0.014445780776441097
65 160 0.023265132680535316
65 240 0.038690924644470215
65 320 0.019931599497795105
65 400 0.035232994705438614
66 0 0.014268030412495136
66 80 0.006835670210421085
66 160 0.01420377567410469
66 240 0.012745920568704605
66 320 0.012950660660862923
66 400 0.01991446316242218
67 0 0.015348382294178009
67 80 0.014493963681161404
67 160 0.009222984313964844
67 240 0.017482906579971313
67 320 0.004920948296785355
67 400 0.02832963690161705
68 0 0.008653812110424042
68 80 0.01301107369363308
68 160 0.027765322476625443
68 240 0.01482611708343029
68 320 0.01160709373652935
68 400 0.0127471424639225
69 0 0.023806162178516388
69 80 0.014229575172066689
69 160 0.01658107340335846
69 240 0.012252199463546276
69 320 0.016843000426888466
69 400 0.016405431553721428
70 0 0.011624904349446297
70 80 0.015178326517343521
70 160 0.0382198840379715
70 240 0.01967562921345234
70 320 0.012612720020115376
70 400 0.012793746776878834
71 0 0.018249979242682457
71 80 0.016800427809357643
71 160 0.012345696799457073
71 240 0.01273922249674797
71 320 0.03704669326543808
71 400 0.04105035215616226
72 0 0.005759230349212885
72 80 0.02949248068034649
72 160 0.006981594488024712
72 240 0.008407332003116608
72 320 0.010939180850982666
72 400 0.006181820295751095
73 0 0.01344128604978323
73 80 0.027783339843153954
73 160 0.025970647111535072
73 240 0.011872882023453712
73 320 0.02187706157565117
73 400 0.016489407047629356
74 0 0.01499282754957676
74 80 0.052964430302381516
74 160 0.00824584811925888
74 240 0.009413116611540318
74 320 0.011999664828181267
74 400 0.010473353788256645
75 0 0.006577810738235712
75 80 0.020072756335139275
75 160 0.009738332591950893
75 240 0.015139027498662472
75 320 0.022926125675439835
75 400 0.015245512127876282
76 0 0.023323511704802513
76 80 0.00968086812645197
76 160 0.013807645067572594
76 240 0.017412394285202026
76 320 0.007290524896234274
76 400 0.009752693586051464
77 0 0.014260385185480118
77 80 0.010252850130200386
77 160 0.028665779158473015
77 240 0.05136506259441376
77 320 0.010669559240341187
77 400 0.007758534513413906
78 0 0.0076779709197580814
78 80 0.006360404193401337
78 160 0.015405354090034962
78 240 0.014673959463834763
78 320 0.01131713017821312
78 400 0.016558175906538963
79 0 0.013319912366569042
79 80 0.010658004321157932
79 160 0.009502529166638851
79 240 0.00862099602818489
79 320 0.01612086407840252
79 400 0.011997822672128677
80 0 0.0073789567686617374
80 80 0.011552413925528526
80 160 0.013445009477436543
80 240 0.009672812186181545
80 320 0.011429768055677414
80 400 0.00996820442378521
81 0 0.005944014061242342
81 80 0.008377999067306519
81 160 0.010695770382881165
81 240 0.018218642100691795
81 320 0.02457835152745247
81 400 0.008245342411100864
82 0 0.024498654529452324
82 80 0.010353093966841698
82 160 0.01352402288466692
82 240 0.011050156317651272
82 320 0.012224791571497917
82 400 0.004531605634838343
83 0 0.010095316916704178
83 80 0.014461733400821686
83 160 0.013648493215441704
83 240 0.013063561171293259
83 320 0.011921276338398457
83 400 0.006300436332821846
84 0 0.009229248389601707
84 80 0.0049809948541224
84 160 0.007585251238197088
84 240 0.009696482680737972
84 320 0.014100935310125351
84 400 0.00958625040948391
85 0 0.008526148274540901
85 80 0.013048205524682999
85 160 0.009887301363050938
85 240 0.012422045692801476
85 320 0.015232926234602928
85 400 0.005112257320433855
86 0 0.010204484686255455
86 80 0.004809974227100611
86 160 0.008681504987180233
86 240 0.008278420194983482
86 320 0.011024628765881062
86 400 0.006332957651466131
87 0 0.011380238458514214
87 80 0.011115167289972305
87 160 0.012848260812461376
87 240 0.011227685026824474
87 320 0.021692417562007904
87 400 0.020199164748191833
88 0 0.008477063849568367
88 80 0.014482684433460236
88 160 0.009797412902116776
88 240 0.007936866022646427
88 320 0.007565674372017384
88 400 0.013671591877937317
89 0 0.006584829650819302
89 80 0.0060667721554636955
89 160 0.009204713627696037
89 240 0.005114938598126173
89 320 0.010809027589857578
89 400 0.010608945041894913
90 0 0.006509574595838785
90 80 0.008393436670303345
90 160 0.005605222657322884
90 240 0.025277577340602875
90 320 0.006532297935336828
90 400 0.013037828728556633
91 0 0.012870924547314644
91 80 0.02219308912754059
91 160 0.00780554348602891
91 240 0.010906578041613102
91 320 0.013225415721535683
91 400 0.010742563754320145
92 0 0.009580172598361969
92 80 0.0028785583563148975
92 160 0.006348102353513241
92 240 0.01245986856520176
92 320 0.011229773052036762
92 400 0.005199747160077095
93 0 0.011121341958642006
93 80 0.012356865219771862
93 160 0.00983715895563364
93 240 0.007585435640066862
93 320 0.008855503983795643
93 400 0.009057722054421902
94 0 0.006808174308389425
94 80 0.004901530221104622
94 160 0.005811934359371662
94 240 0.014861643314361572
94 320 0.008933482691645622
94 400 0.006642941385507584
95 0 0.014561763033270836
95 80 0.012967303395271301
95 160 0.010837774723768234
95 240 0.010599283501505852
95 320 0.00723758852109313
95 400 0.005194533616304398
96 0 0.005601789336651564
96 80 0.004756259731948376
96 160 0.009496849961578846
96 240 0.006937284488230944
96 320 0.0036866653244942427
96 400 0.015047351829707623
97 0 0.004236348904669285
97 80 0.005968435667455196
97 160 0.008566726930439472
97 240 0.008246467448771
97 320 0.010864817537367344
97 400 0.005716219078749418
98 0 0.011691947467625141
98 80 0.004975313786417246
98 160 0.009835740551352501
98 240 0.007596978917717934
98 320 0.005254121497273445
98 400 0.00604601064696908
99 0 0.005416256375610828
99 80 0.007744324393570423
99 160 0.009654232300817966
99 240 0.0075300466269254684
99 320 0.00710314279422164
99 400 0.011262915097177029
100 0 0.008549456484615803
100 80 0.006740085780620575
100 160 0.02436024695634842
100 240 0.003456039819866419
100 320 0.010584370233118534
100 400 0.003095721360296011
101 0 0.007545602507889271
101 80 0.009167565032839775
101 160 0.006042810622602701
101 240 0.008167185820639133
101 320 0.00747320894151926
101 400 0.004916979465633631
102 0 0.007108140736818314
102 80 0.0058712586760520935
102 160 0.005969237070530653
102 240 0.011187306605279446
102 320 0.005220739170908928
102 400 0.0064935279078781605
103 0 0.007549627684056759
103 80 0.003685909090563655
103 160 0.0076072122901678085
103 240 0.006615446414798498
103 320 0.005435827653855085
103 400 0.007335164118558168
104 0 0.008185108192265034
104 80 0.008283511735498905
104 160 0.017243213951587677
104 240 0.004852859303355217
104 320 0.013589311391115189
104 400 0.005184247624129057
105 0 0.0054793148301541805
105 80 0.005688662175089121
105 160 0.011165340431034565
105 240 0.009699460119009018
105 320 0.005541254300624132
105 400 0.005154437851160765
106 0 0.012977506034076214
106 80 0.004642833024263382
106 160 0.006907173432409763
106 240 0.007346590049564838
106 320 0.00827940832823515
106 400 0.011944608762860298
107 0 0.007993172854185104
107 80 0.012473623268306255
107 160 0.0045401109382510185
107 240 0.003422499867156148
107 320 0.005214282777160406
107 400 0.0048818085342645645
108 0 0.013272715732455254
108 80 0.00630096485838294
108 160 0.00406072661280632
108 240 0.012197256088256836
108 320 0.005295182578265667
108 400 0.006012335419654846
109 0 0.010807018727064133
109 80 0.00810523983091116
109 160 0.0026365292724221945
109 240 0.005991735961288214
109 320 0.004251085687428713
109 400 0.008921414613723755
110 0 0.0052968296222388744
110 80 0.01129546482115984
110 160 0.005561904516071081
110 240 0.006712564267218113
110 320 0.004236962646245956
110 400 0.008275533095002174
111 0 0.00532974349334836
111 80 0.006936741527169943
111 160 0.006015603896230459
111 240 0.004835082218050957
111 320 0.005743843503296375
111 400 0.007510724477469921
112 0 0.01264727022498846
112 80 0.003242314327508211
112 160 0.005883610807359219
112 240 0.0028626020066440105
112 320 0.010733741335570812
112 400 0.0057443189434707165
113 0 0.006489633582532406
113 80 0.004056503996253014
113 160 0.00475716358050704
113 240 0.014645871706306934
113 320 0.006603784393519163
113 400 0.010117202997207642
114 0 0.005542756523936987
114 80 0.005821773782372475
114 160 0.0054365526884794235
114 240 0.004283303394913673
114 320 0.005839264020323753
114 400 0.004964916501194239
115 0 0.0067716725170612335
115 80 0.006916718557476997
115 160 0.007712827995419502
115 240 0.004133108537644148
115 320 0.004271260928362608
115 400 0.001629640581086278
116 0 0.0038482609670609236
116 80 0.004723765421658754
116 160 0.004626145586371422
116 240 0.004142732825130224
116 320 0.003628264181315899
116 400 0.005042233504354954
117 0 0.007999686524271965
117 80 0.00557857658714056
117 160 0.008555298671126366
117 240 0.007256841287016869
117 320 0.008355553261935711
117 400 0.002943808678537607
118 0 0.006803813856095076
118 80 0.006300031673163176
118 160 0.007448344957083464
118 240 0.009333023801445961
118 320 0.009666629135608673
118 400 0.007725138682872057
119 0 0.004902006592601538
119 80 0.007844935171306133
119 160 0.004488709848374128
119 240 0.00932065024971962
119 320 0.002955408999696374
119 400 0.005720747634768486
120 0 0.005980039015412331
120 80 0.0034566421527415514
120 160 0.005306046921759844
120 240 0.002221657196059823
120 320 0.009038522839546204
120 400 0.00375952897593379
121 0 0.005892664194107056
121 80 0.0029932293109595776
121 160 0.01356448233127594
121 240 0.004619578365236521
121 320 0.00783858448266983
121 400 0.004491552244871855
122 0 0.005845066625624895
122 80 0.004466786049306393
122 160 0.0037364568561315536
122 240 0.0030720417853444815
122 320 0.0023130583576858044
122 400 0.004611160606145859
123 0 0.006775102112442255
123 80 0.004747966770082712
123 160 0.00879601202905178
123 240 0.00863083079457283
123 320 0.007863477803766727
123 400 0.004359700251370668
124 0 0.004483148455619812
124 80 0.008554646745324135
124 160 0.005550701636821032
124 240 0.004469974897801876
124 320 0.009812389500439167
124 400 0.005540287587791681
125 0 0.006476006470620632
125 80 0.005970938131213188
125 160 0.005215786397457123
125 240 0.00406136829406023
125 320 0.005061452277004719
125 400 0.008883804082870483
126 0 0.005056276451796293
126 80 0.004427316598594189
126 160 0.0075789266265928745
126 240 0.005235627759248018
126 320 0.0032270257361233234
126 400 0.006748939864337444
127 0 0.006864880211651325
127 80 0.004525697790086269
127 160 0.012336937710642815
127 240 0.00256429729051888
127 320 0.0031587104313075542
127 400 0.0074907951056957245
128 0 0.0049026706255972385
128 80 0.006372766103595495
128 160 0.006915122736245394
128 240 0.001959621673449874
128 320 0.006258316803723574
128 400 0.005505360197275877
129 0 0.006696252152323723
129 80 0.006939382757991552
129 160 0.006361111532896757
129 240 0.006481441203504801
129 320 0.004671604372560978
129 400 0.008423020131886005
130 0 0.00597595889121294
130 80 0.003353281645104289
130 160 0.003945718985050917
130 240 0.0080680251121521
130 320 0.012493390589952469
130 400 0.004776389338076115
131 0 0.004535472486168146
131 80 0.008532606065273285
131 160 0.004340197890996933
131 240 0.007715494371950626
131 320 0.003850664012134075
131 400 0.006116057746112347
132 0 0.004178058821707964
132 80 0.003507337998598814
132 160 0.005245969630777836
132 240 0.003635564586147666
132 320 0.0075402227230370045
132 400 0.004551252815872431
133 0 0.005783226806670427
133 80 0.004546233452856541
133 160 0.003904490265995264
133 240 0.0033752061426639557
133 320 0.008689955808222294
133 400 0.004987617954611778
134 0 0.007819055579602718
134 80 0.005510369315743446
134 160 0.006601930595934391
134 240 0.006613356061279774
134 320 0.004411333240568638
134 400 0.006425556261092424
135 0 0.003977719694375992
135 80 0.005187994334846735
135 160 0.005571773741394281
135 240 0.006905484013259411
135 320 0.009647107683122158
135 400 0.003955094143748283
136 0 0.00385107914917171
136 80 0.0035644343588501215
136 160 0.010798385366797447
136 240 0.0064927805215120316
136 320 0.0038203257136046886
136 400 0.0032950877211987972
137 0 0.003953386098146439
137 80 0.005797951482236385
137 160 0.004593323450535536
137 240 0.00305361719802022
137 320 0.007744214963167906
137 400 0.007752765901386738
138 0 0.004569358192384243
138 80 0.004812201950699091
138 160 0.007154036778956652
138 240 0.004510282073169947
138 320 0.006978027522563934
138 400 0.002867048140615225
139 0 0.0066282786428928375
139 80 0.005836640018969774
139 160 0.00571754714474082
139 240 0.00510365329682827
139 320 0.00419030524790287
139 400 0.003434192854911089
140 0 0.004454968962818384
140 80 0.005540244746953249
140 160 0.005378300324082375
140 240 0.0038458998315036297
140 320 0.00439414381980896
140 400 0.003493493888527155
141 0 0.0037092186976224184
141 80 0.003248639637604356
141 160 0.003409096272662282
141 240 0.006659556180238724
141 320 0.004351761657744646
141 400 0.0045481096021831036
142 0 0.006874097976833582
142 80 0.004817354958504438
142 160 0.0018511193338781595
142 240 0.0012619404587894678
142 320 0.00366876064799726
142 400 0.005808752961456776
143 0 0.002626932691782713
143 80 0.0070019313134253025
143 160 0.002784907119348645
143 240 0.004743549972772598
143 320 0.005054578650742769
143 400 0.007631493732333183
144 0 0.004192024935036898
144 80 0.0037175635807216167
144 160 0.004319061059504747
144 240 0.0030757479835301638
144 320 0.0025658165104687214
144 400 0.00326974643394351
145 0 0.0029270991217345
145 80 0.004769103601574898
145 160 0.004528236575424671
145 240 0.0032991382759064436
145 320 0.003267026739194989
145 400 0.004492473788559437
146 0 0.005487651564180851
146 80 0.007233218755573034
146 160 0.0034556500613689423
146 240 0.006660812068730593
146 320 0.00448093144223094
146 400 0.005665631033480167
147 0 0.004016924649477005
147 80 0.0032039049547165632
147 160 0.0030526998452842236
147 240 0.003117495449259877
147 320 0.004403488244861364
147 400 0.0074253203347325325
148 0 0.0029199845157563686
148 80 0.0026798772159963846
148 160 0.0072834789752960205
148 240 0.003189109731465578
148 320 0.0036164342891424894
148 400 0.0026419232599437237
149 0 0.004709713160991669
149 80 0.004155835602432489
149 160 0.006295842118561268
149 240 0.005998192820698023
149 320 0.0050321840681135654
149 400 0.0036116838455200195
150 0 0.0025952088180929422
150 80 0.00411620270460844
150 160 0.002716527320444584
150 240 0.0055913194082677364
150 320 0.003596413414925337
150 400 0.004949703812599182
151 0 0.0034921697806566954
151 80 0.004982381127774715
151 160 0.003002655692398548
151 240 0.005529572255909443
151 320 0.005294448230415583
151 400 0.004196560941636562
152 0 0.004362401552498341
152 80 0.004624503199011087
152 160 0.003061465220525861
152 240 0.005157913081347942
152 320 0.004848433192819357
152 400 0.004137745127081871
153 0 0.005579438526183367
153 80 0.004451210610568523
153 160 0.0071483212523162365
153 240 0.005381675902754068
153 320 0.0035865441896021366
153 400 0.00275026704184711
154 0 0.00373128242790699
154 80 0.003390243509784341
154 160 0.0033276965841650963
154 240 0.003491473849862814
154 320 0.00393051328137517
154 400 0.002505891490727663
155 0 0.002461057621985674
155 80 0.004807266406714916
155 160 0.0047632553614676
155 240 0.006570433732122183
155 320 0.0036734913010150194
155 400 0.005310387350618839
156 0 0.004045954905450344
156 80 0.0037752031348645687
156 160 0.005394853185862303
156 240 0.003329317783936858
156 320 0.005936864297837019
156 400 0.0035806940868496895
157 0 0.0030345707200467587
157 80 0.005081790499389172
157 160 0.004176963120698929
157 240 0.00438676169142127
157 320 0.003737668041139841
157 400 0.0022421847097575665
158 0 0.007166353985667229
158 80 0.004497073125094175
158 160 0.0034873774275183678
158 240 0.002411796012893319
158 320 0.005425089504569769
158 400 0.003855588613077998
159 0 0.0030787023715674877
159 80 0.0024350055027753115
159 160 0.0027202917262911797
159 240 0.001781902159564197
159 320 0.003218736033886671
159 400 0.007180379703640938
160 0 0.002976436633616686
160 80 0.006573364604264498
160 160 0.0032783199567347765
160 240 0.005235078278928995
160 320 0.004137355834245682
160 400 0.0026310323737561703
161 0 0.0035685067996382713
161 80 0.003605496371164918
161 160 0.002014609519392252
161 240 0.003576572285965085
161 320 0.00509294169023633
161 400 0.0038275227416306734
162 0 0.002972081070765853
162 80 0.004054556600749493
162 160 0.0049756611697375774
162 240 0.002960766665637493
162 320 0.0031242421828210354
162 400 0.0037660785019397736
163 0 0.0033204318024218082
163 80 0.0044526951387524605
163 160 0.0023632324300706387
163 240 0.003306389320641756
163 320 0.0035250154323875904
163 400 0.002709393622353673
164 0 0.006268599070608616
164 80 0.0031441464088857174
164 160 0.002444489626213908
164 240 0.0021599496249109507
164 320 0.003205553162842989
164 400 0.004846991039812565
165 0 0.0016524068778380752
165 80 0.0037989311385899782
165 160 0.005887891165912151
165 240 0.004403918515890837
165 320 0.0032462305389344692
165 400 0.0020049549639225006
166 0 0.0022109230048954487
166 80 0.004440165590494871
166 160 0.007250969763845205
166 240 0.003955484367907047
166 320 0.006781185511499643
166 400 0.004514914471656084
167 0 0.002391345100477338
167 80 0.004554195795208216
167 160 0.0032814950682222843
167 240 0.00480693019926548
167 320 0.003274687798693776
167 400 0.0033596977591514587
168 0 0.00420140428468585
168 80 0.003127465955913067
168 160 0.0026640968862921
168 240 0.004687439184635878
168 320 0.002133721485733986
168 400 0.0027664839290082455
169 0 0.003501457627862692
169 80 0.003388037206605077
169 160 0.003516367869451642
169 240 0.004868905991315842
169 320 0.007592902984470129
169 400 0.004952538292855024
170 0 0.002098072785884142
170 80 0.0037096738815307617
170 160 0.000942117243539542
170 240 0.0042570047080516815
170 320 0.007426690310239792
170 400 0.0025726030580699444
171 0 0.0009865779429674149
171 80 0.0011069615138694644
171 160 0.0034729083999991417
171 240 0.0062371063977479935
171 320 0.0038647421170026064
171 400 0.0031552871223539114
172 0 0.0065021030604839325
172 80 0.00327679212205112
172 160 0.002300629625096917
172 240 0.0019775729160755873
172 320 0.006360843311995268
172 400 0.002019985346123576
173 0 0.002617037855088711
173 80 0.003878144547343254
173 160 0.0022069558035582304
173 240 0.002852050121873617
173 320 0.004838617984205484
173 400 0.0015996769070625305
174 0 0.004505573306232691
174 80 0.002827147487550974
174 160 0.0028052101843059063
174 240 0.0027155792340636253
174 320 0.0037188550923019648
174 400 0.0029483316466212273
175 0 0.0037528290413320065
175 80 0.0018549278611317277
175 160 0.004841294139623642
175 240 0.0029443767853081226
175 320 0.0038509478326886892
175 400 0.004892638418823481
176 0 0.004322522319853306
176 80 0.0010781673481687903
176 160 0.004096392076462507
176 240 0.004778484348207712
176 320 0.00524124363437295
176 400 0.004748133011162281
177 0 0.0018828437896445394
177 80 0.0020548126194626093
177 160 0.002912816358730197
177 240 0.0015266711125150323
177 320 0.0034676450304687023
177 400 0.0031306517776101828
178 0 0.005031140521168709
178 80 0.006357613950967789
178 160 0.0025113115552812815
178 240 0.002883792156353593
178 320 0.004939432721585035
178 400 0.005528626963496208
179 0 0.002917767269536853
179 80 0.0032488105352967978
179 160 0.0038015050813555717
179 240 0.003126555820927024
179 320 0.0044525787234306335
179 400 0.0030934542883187532
180 0 0.0019657767843455076
180 80 0.0014565361198037863
180 160 0.004854278638958931
180 240 0.0016357656568288803
180 320 0.003070155857130885
180 400 0.003487921552732587
181 0 0.003979735542088747
181 80 0.004537293687462807
181 160 0.001992737175896764
181 240 0.005187865346670151
181 320 0.0020004662219434977
181 400 0.0008357746992260218
182 0 0.0030008761677891016
182 80 0.002866446040570736
182 160 0.0022616805508732796
182 240 0.0047127422876656055
182 320 0.003296928945928812
182 400 0.0044776517897844315
183 0 0.00312404683791101
183 80 0.0026775128208100796
183 160 0.0032475271727889776
183 240 0.007652931846678257
183 320 0.003709216834977269
183 400 0.002776469336822629
184 0 0.003401158843189478
184 80 0.0037649786099791527
184 160 0.005929721053689718
184 240 0.0032193465158343315
184 320 0.0021875868551433086
184 400 0.0038555830251425505
185 0 0.0030142241157591343
185 80 0.0021621775813400745
185 160 0.0029141579288989305
185 240 0.004488157108426094
185 320 0.003494016360491514
185 400 0.005769674200564623
186 0 0.004456350114196539
186 80 0.002610123250633478
186 160 0.004713962785899639
186 240 0.002956005511805415
186 320 0.002275386592373252
186 400 0.002053729258477688
187 0 0.0038309721276164055
187 80 0.0025029447861015797
187 160 0.0013657514937222004
187 240 0.0018106161151081324
187 320 0.0041496180929243565
187 400 0.004869389347732067
188 0 0.0026170278433710337
188 80 0.003923793788999319
188 160 0.0020339959301054478
188 240 0.0014532962813973427
188 320 0.002679969649761915
188 400 0.0029959087260067463
189 0 0.002936555538326502
189 80 0.0031638462096452713
189 160 0.002175308298319578
189 240 0.003304904093965888
189 320 0.0051238927990198135
189 400 0.002832709113135934
190 0 0.001978497486561537
190 80 0.0016564669786021113
190 160 0.0023439605720341206
190 240 0.0036176303401589394
190 320 0.003184492001309991
190 400 0.0018011402571573853
191 0 0.0030905199237167835
191 80 0.0024501585867255926
191 160 0.004056166857481003
191 240 0.0027075475081801414
191 320 0.003366124117746949
191 400 0.0027011882048100233
192 0 0.0036512818187475204
192 80 0.001983864000067115
192 160 0.0017737465677782893
192 240 0.003070131177082658
192 320 0.002773748245090246
192 400 0.0036031357012689114
193 0 0.003971250262111425
193 80 0.004277943633496761
193 160 0.0038896582555025816
193 240 0.002263680100440979
193 320 0.0045215352438390255
193 400 0.0030990256927907467
194 0 0.003787208814173937
194 80 0.0023826523683965206
194 160 0.005799409933388233
194 240 0.0017231333767995238
194 320 0.0039118495769798756
194 400 0.0022676032967865467
195 0 0.0012603441718965769
195 80 0.002901538275182247
195 160 0.002093723975121975
195 240 0.0028248101007193327
195 320 0.005823582410812378
195 400 0.005648916121572256
196 0 0.002810845850035548
196 80 0.00370274786837399
196 160 0.0017099444521591067
196 240 0.0037582372315227985
196 320 0.0030757803469896317
196 400 0.004185094963759184
197 0 0.0026713868137449026
197 80 0.0018175875302404165
197 160 0.0029817745089530945
197 240 0.0027546165511012077
197 320 0.0028454044368118048
197 400 0.0008442463004030287
198 0 0.0033538073766976595
198 80 0.0029380186460912228
198 160 0.0018729856237769127
198 240 0.0028154170140624046
198 320 0.0019272894132882357
198 400 0.003896885085850954
199 0 0.003741454565897584
199 80 0.0006486368947662413
199 160 0.002833633217960596
199 240 0.001977035775780678
199 320 0.004749329760670662
199 400 0.002927803434431553
200 0 0.00327425473369658
200 80 0.0024177003651857376
200 160 0.0019217032240703702
200 240 0.002929362002760172
200 320 0.0019092478323727846
200 400 0.0021702060475945473
201 0 0.002440354786813259
201 80 0.0018746665446087718
201 160 0.0050123827531933784
201 240 0.0024620930198580027
201 320 0.0028432044200599194
201 400 0.0030664026271551847
202 0 0.0031163590028882027
202 80 0.003732773009687662
202 160 0.003956213593482971
202 240 0.0027281101793050766
202 320 0.0029984908178448677
202 400 0.004007833544164896
203 0 0.002272070851176977
203 80 0.0019332777010276914
203 160 0.0013048754772171378
203 240 0.0018157715676352382
203 320 0.0026354806032031775
203 400 0.003017900511622429
204 0 0.002306227106601
204 80 0.002450261265039444
204 160 0.0016833216650411487
204 240 0.0013357196003198624
204 320 0.003014774527400732
204 400 0.0015977519797161222
205 0 0.0036818631924688816
205 80 0.0018385043367743492
205 160 0.0014661990571767092
205 240 0.0013416155707091093
205 320 0.005900639109313488
205 400 0.005488479044288397
206 0 0.0040604653768241405
206 80 0.0011952666100114584
206 160 0.0033295005559921265
206 240 0.0018353938357904553
206 320 0.0007299946155399084
206 400 0.0031105296220630407
207 0 0.0029366733506321907
207 80 0.0026508215814828873
207 160 0.004193559288978577
207 240 0.003149547381326556
207 320 0.001644712407141924
207 400 0.002301853848621249
208 0 0.0017093259375542402
208 80 0.0019111731089651585
208 160 0.004154662135988474
208 240 0.0020877348724752665
208 320 0.00147692218888551
208 400 0.0015779907116666436
209 0 0.0024195099249482155
209 80 0.0019368348876014352
209 160 0.003118957858532667
209 240 0.0027257741894572973
209 320 0.002261174377053976
209 400 0.0038131489418447018
210 0 0.002110955072566867
210 80 0.0021767804864794016
210 160 0.0020000531803816557
210 240 0.0016013596905395389
210 320 0.001522572129033506
210 400 0.003354121930897236
211 0 0.0031550489366054535
211 80 0.002305740024894476
211 160 0.0033243861980736256
211 240 0.002388997934758663
211 320 0.001923458999954164
211 400 0.0024961004965007305
212 0 0.0030964314937591553
212 80 0.0021041003055870533
212 160 0.002993291011080146
212 240 0.003308843821287155
212 320 0.003003661287948489
212 400 0.002057720208540559
213 0 0.0024294911418110132
213 80 0.003903503529727459
213 160 0.0009806384332478046
213 240 0.0033656482119113207
213 320 0.002500080270692706
213 400 0.002219931222498417
214 0 0.0017111098859459162
214 80 0.001103513641282916
214 160 0.0016939493361860514
214 240 0.0026994911022484303
214 320 0.0023933020420372486
214 400 0.00567699084058404
215 0 0.002870609052479267
215 80 0.002015484031289816
215 160 0.00292735337279737
215 240 0.0022823961917310953
215 320 0.0015363540733233094
215 400 0.002310780808329582
216 0 0.0025020106695592403
216 80 0.0016188651788979769
216 160 0.002317535225301981
216 240 0.0030662924982607365
216 320 0.003241930389776826
216 400 0.0019497076282277703
217 0 0.0016400431049987674
217 80 0.0034645774867385626
217 160 0.003311197506263852
217 240 0.0023697337601333857
217 320 0.002740490483120084
217 400 0.0006857907865196466
218 0 0.0038927383720874786
218 80 0.0031434325501322746
218 160 0.0029535756912082434
218 240 0.0017668111249804497
218 320 0.001331398612819612
218 400 0.0016999926883727312
219 0 0.001694417791441083
219 80 0.0015757952351123095
219 160 0.002801458351314068
219 240 0.0016635307110846043
219 320 0.0019853003323078156
219 400 0.0027113379910588264
220 0 0.0020711212418973446
220 80 0.0030157845467329025
220 160 0.0030591494869440794
220 240 0.003223730716854334
220 320 0.002389441477134824
220 400 0.0019627551082521677
221 0 0.0034364040475338697
221 80 0.002850385382771492
221 160 0.0027259918861091137
221 240 0.001965215429663658
221 320 0.002282244386151433
221 400 0.003395288484171033
222 0 0.0016126867849379778
222 80 0.002590749179944396
222 160 0.002093818737193942
222 240 0.003803536994382739
222 320 0.003564428770914674
222 400 0.0012421492720022798
223 0 0.003146775998175144
223 80 0.001708298223093152
223 160 0.0019577480852603912
223 240 0.00220426544547081
223 320 0.0022075404413044453
223 400 0.002134165493771434
224 0 0.002229579258710146
224 80 0.0013482329668477178
224 160 0.0017364800442010164
224 240 0.0014257235452532768
224 320 0.0019545131362974644
224 400 0.004341669846326113
225 0 0.002483363961800933
225 80 0.0026945157442241907
225 160 0.0024419536348432302
225 240 0.0025586201809346676
225 320 0.0020164328161627054
225 400 0.0018431965727359056
226 0 0.0017204773612320423
226 80 0.002665336709469557
226 160 0.002627198351547122
226 240 0.00207570381462574
226 320 0.0018343842821195722
226 400 0.0033360004890710115
227 0 0.0011051259934902191
227 80 0.0030242260545492172
227 160 0.0014277554582804441
227 240 0.0026351127307862043
227 320 0.0031606194097548723
227 400 0.0030002340208739042
228 0 0.0030902992002665997
228 80 0.002430547494441271
228 160 0.0017457031644880772
228 240 0.0021271826699376106
228 320 0.0009800532134249806
228 400 0.0021257686894387007
229 0 0.0019446671940386295
229 80 0.00212205876596272
229 160 0.002221743343397975
229 240 0.0018500137375667691
229 320 0.0015820584958419204
229 400 0.0015648677945137024
230 0 0.0009969716193154454
230 80 0.002378294477239251
230 160 0.0016493992879986763
230 240 0.0025146028492599726
230 320 0.002792042912915349
230 400 0.0029414547607302666
231 0 0.001025171484798193
231 80 0.0014451429015025496
231 160 0.0018873136723414063
231 240 0.0021389778703451157
231 320 0.003463757922872901
231 400 0.0021694148890674114
232 0 0.0012744799023494124
232 80 0.0025766936596482992
232 160 0.002384001621976495
232 240 0.005069074686616659
232 320 0.0033141528256237507
232 400 0.00258224131539464
233 0 0.002115663606673479
233 80 0.002307809190824628
233 160 0.0022076060995459557
233 240 0.0016045511001721025
233 320 0.0011516079539433122
233 400 0.00215465622022748
234 0 0.0013794397236779332
234 80 0.002256156411021948
234 160 0.004156347829848528
234 240 0.0014067819574847817
234 320 0.001893774839118123
234 400 0.0030552225653082132
235 0 0.0038340433966368437
235 80 0.0026905525010079145
235 160 0.001642059301957488
235 240 0.0020872263703495264
235 320 0.0032142477575689554
235 400 0.0021128614898771048
236 0 0.0025015543214976788
236 80 0.0016555761685594916
236 160 0.0018807023297995329
236 240 0.001789876609109342
236 320 0.0024560533929616213
236 400 0.0021992367692291737
237 0 0.002332337899133563
237 80 0.0012825299054384232
237 160 0.003043864853680134
237 240 0.003301293822005391
237 320 0.003272487549111247
237 400 0.0024642818607389927
238 0 0.0029390030540525913
238 80 0.0022455083671957254
238 160 0.005100087262690067
238 240 0.0013571856543421745
238 320 0.0018030147766694427
238 400 0.0028221795801073313
239 0 0.001379287918098271
239 80 0.001503233565017581
239 160 0.0019383084727451205
239 240 0.001394757884554565
239 320 0.001418913947418332
239 400 0.0016807288629934192
240 0 0.003389651421457529
240 80 0.002880627289414406
240 160 0.0007094470784068108
240 240 0.0024769462179392576
240 320 0.0007672892534174025
240 400 0.0015488804783672094
241 0 0.003554463852196932
241 80 0.001964762108400464
241 160 0.0013213027268648148
241 240 0.0013157870853319764
241 320 0.0013099736534059048
241 400 0.001496420125477016
242 0 0.0012758731609210372
242 80 0.001842669676989317
242 160 0.0024969882797449827
242 240 0.003134304890409112
242 320 0.0015653541777282953
242 400 0.0018182640196755528
243 0 0.0022173405159264803
243 80 0.0019459662726148963
243 160 0.0010370275704190135
243 240 0.0014297147281467915
243 320 0.0019102019723504782
243 400 0.0024828780442476273
244 0 0.003161492757499218
244 80 0.00245850533246994
244 160 0.0029250672087073326
244 240 0.0016595206689089537
244 320 0.0025229600723832846
244 400 0.002612809417769313
245 0 0.0013657062081620097
245 80 0.0024937083944678307
245 160 0.003199181752279401
245 240 0.002903154818341136
245 320 0.0015018520643934608
245 400 0.0021822089329361916
246 0 0.0012311828322708607
246 80 0.0015979589661583304
246 160 0.0020417561754584312
246 240 0.0015469806967303157
246 320 0.002284676767885685
246 400 0.003215574426576495
247 0 0.002172623062506318
247 80 0.0018928118515759706
247 160 0.001843479578383267
247 240 0.0026682009920477867
247 320 0.0035845900420099497
247 400 0.001344409305602312
248 0 0.002137764124199748
248 80 0.0020015574991703033
248 160 0.001684279297478497
248 240 0.0017349690897390246
248 320 0.0014117193641141057
248 400 0.0025872038677334785
249 0 0.0022498732432723045
249 80 0.0016844987403601408
249 160 0.003239454934373498
249 240 0.002091537229716778
249 320 0.002286040224134922
249 400 0.0022216865327209234
250 0 0.0020618829876184464
250 80 0.0029472617898136377
250 160 0.0031751885544508696
250 240 0.0026129598263651133
250 320 0.0032500866800546646
250 400 0.0012421326246112585
251 0 0.0019599967636168003
251 80 0.000791342812590301
251 160 0.002187190344557166
251 240 0.0033506916370242834
251 320 0.0023172025103121996
251 400 0.0021670758724212646
252 0 0.001870191190391779
252 80 0.0021600627806037664
252 160 0.003169875591993332
252 240 0.002723902463912964
252 320 0.0024865579325705767
252 400 0.002042139647528529
253 0 0.0015836062375456095
253 80 0.0022635150235146284
253 160 0.002087469445541501
253 240 0.004960008431226015
253 320 0.0023984869476407766
253 400 0.002538298023864627
254 0 0.0012606637319549918
254 80 0.0019988154526799917
254 160 0.0013487967662513256
254 240 0.0013924029190093279
254 320 0.0011461979011073709
254 400 0.0010324256727471948
255 0 0.0025669122114777565
255 80 0.0030624857172369957
255 160 0.0025084770750254393
255 240 0.0032875435426831245
255 320 0.004297826439142227
255 400 0.003350679762661457
256 0 0.0033767628483474255
256 80 0.0023817068431526423
256 160 0.0016399973537772894
256 240 0.0014827484264969826
256 320 0.001899664755910635
256 400 0.0024832705967128277
257 0 0.003193708835169673
257 80 0.0016508563421666622
257 160 0.0029091136530041695
257 240 0.002089843386784196
257 320 0.001193344360217452
257 400 0.0018205266678705812
258 0 0.002855222672224045
258 80 0.0012331879697740078
258 160 0.001752045238390565
258 240 0.0016569664003327489
258 320 0.0015610961709171534
258 400 0.002716834656894207
259 0 0.0016202416736632586
259 80 0.0013970647705718875
259 160 0.002692157868295908
259 240 0.001053152489475906
259 320 0.0014831165317445993
259 400 0.001746744615957141
260 0 0.0034209333825856447
260 80 0.0014005680568516254
260 160 0.0021853281650692225
260 240 0.0017368594417348504
260 320 0.0014963819412514567
260 400 0.0021916816476732492
261 0 0.0023382133804261684
261 80 0.001761756488122046
261 160 0.001956542721018195
261 240 0.0024379694368690252
261 320 0.0017457075882703066
261 400 0.001524691004306078
262 0 0.0013544129906222224
262 80 0.0011788755655288696
262 160 0.0023289702367037535
262 240 0.002907001879066229
262 320 0.002774052554741502
262 400 0.0016358436550945044
263 0 0.0019144418183714151
263 80 0.001639576512388885
263 160 0.0018744678236544132
263 240 0.000996869057416916
263 320 0.0020861525554209948
263 400 0.0015568092931061983
264 0 0.0005664592608809471
264 80 0.0027039723936468363
264 160 0.001632603583857417
264 240 0.0013622433179989457
264 320 0.001536156632937491
264 400 0.0017000848893076181
265 0 0.0018131101969629526
265 80 0.002241183305159211
265 160 0.0013670990010723472
265 240 0.0005254361312836409
265 320 0.003011618508026004
265 400 0.0020939221139997244
266 0 0.0017293508863076568
266 80 0.0021992214024066925
266 160 0.0020578308030962944
266 240 0.003042240859940648
266 320 0.0009563020430505276
266 400 0.0010543911485001445
267 0 0.001174052944406867
267 80 0.002946603111922741
267 160 0.00205085426568985
267 240 0.0016860861796885729
267 320 0.002062393818050623
267 400 0.0010900844354182482
268 0 0.002310392912477255
268 80 0.002270062919706106
268 160 0.001484849490225315
268 240 0.0014377572806552052
268 320 0.001819860772229731
268 400 0.002019123174250126
269 0 0.001174058415926993
269 80 0.001457167323678732
269 160 0.0009267873829230666
269 240 0.0020947461016476154
269 320 0.002196601824834943
269 400 0.0014968614559620619
270 0 0.0018193263094872236
270 80 0.00200889864936471
270 160 0.0009089228115044534
270 240 0.002470873761922121
270 320 0.001833794405683875
270 400 0.0009390050545334816
271 0 0.0013743240851908922
271 80 0.0022497819736599922
271 160 0.002323332242667675
271 240 0.0019760665018111467
271 320 0.0017762549687176943
271 400 0.002625684253871441
272 0 0.0038188102189451456
272 80 0.002302959095686674
272 160 0.0011418899521231651
272 240 0.0012556996662169695
272 320 0.0024545169435441494
272 400 0.0017560769338160753
273 0 0.002532882848754525
273 80 0.001402020687237382
273 160 0.0010215488728135824
273 240 0.0031694569624960423
273 320 0.0009831127244979143
273 400 0.0016690163174644113
274 0 0.0014560710405930877
274 80 0.002431732602417469
274 160 0.003026033053174615
274 240 0.002376972232013941
274 320 0.0013659578980877995
274 400 0.0016893947031348944
275 0 0.001973310485482216
275 80 0.00037195696495473385
275 160 0.0013500109780579805
275 240 0.0021515300031751394
275 320 0.0020905614364892244
275 400 0.0008905616705305874
276 0 0.001292040920816362
276 80 0.000933781557250768
276 160 0.000845138041768223
276 240 0.0007761876913718879
276 320 0.0022342281881719828
276 400 0.0018959690351039171
277 0 0.002283451845869422
277 80 0.0019362822640687227
277 160 0.0008716481970623136
277 240 0.0017098115058615804
277 320 0.002049280796200037
277 400 0.003088753204792738
278 0 0.001566074090078473
278 80 0.001475289580412209
278 160 0.002239336958155036
278 240 0.0010674104560166597
278 320 0.0032148980535566807
278 400 0.002035257639363408
279 0 0.0017340240301564336
279 80 0.0016970336437225342
279 160 0.002566960174590349
279 240 0.001936943270266056
279 320 0.002950896741822362
279 400 0.0021827539894729853
280 0 0.001306552323512733
280 80 0.003242779988795519
280 160 0.0013173073530197144
280 240 0.0015068011125549674
280 320 0.0014966079033911228
280 400 0.0014901870163157582
281 0 0.002107366221025586
281 80 0.0018082690658047795
281 160 0.0019159277435392141
281 240 0.001485599554143846
281 320 0.0010573077015578747
281 400 0.0009349886677227914
282 0 0.0007034721784293652
282 80 0.00102958211209625
282 160 0.0017136665992438793
282 240 0.001376318745315075
282 320 0.0020345032680779696
282 400 0.0012623205548152328
283 0 0.0014115222729742527
283 80 0.0008570586796849966
283 160 0.0019100834615528584
283 240 0.0011930490145459771
283 320 0.001172526623122394
283 400 0.0010297411354258657
284 0 0.0029331566765904427
284 80 0.0011621424928307533
284 160 0.0010952649172395468
284 240 0.0010628383606672287
284 320 0.0007045340025797486
284 400 0.00104377546813339
285 0 0.002067278139293194
285 80 0.0016811750829219818
285 160 0.0018421267159283161
285 240 0.002798812696710229
285 320 0.00311491172760725
285 400 0.0015927364584058523
286 0 0.001613771659322083
286 80 0.0019897883757948875
286 160 0.001635197433643043
286 240 0.001832652254961431
286 320 0.0016025489894673228
286 400 0.0013115382753312588
287 0 0.0018192235147580504
287 80 0.0018095680279657245
287 160 0.0011981751304119825
287 240 0.0008310392731800675
287 320 0.0020168640185147524
287 400 0.0016355501720681787
288 0 0.001946777105331421
288 80 0.0020195734687149525
288 160 0.002346403431147337
288 240 0.0016251301858574152
288 320 0.0017978231189772487
288 400 0.0024519546423107386
289 0 0.0031642161775380373
289 80 0.0015775042120367289
289 160 0.0023896945640444756
289 240 0.0014166486216709018
289 320 0.0013953157467767596
289 400 0.0034022454638034105
290 0 0.0012851646170020103
290 80 0.0014750657137483358
290 160 0.0012339672539383173
290 240 0.0018955959239974618
290 320 0.0022781407460570335
290 400 0.0035673961974680424
291 0 0.0009979380993172526
291 80 0.0011314392322674394
291 160 0.0011207470670342445
291 240 0.002127234125509858
291 320 0.00286195520311594
291 400 0.0023037062492221594
292 0 0.001742982305586338
292 80 0.0014442576793953776
292 160 0.0015898399287834764
292 240 0.0015509143704548478
292 320 0.001583124976605177
292 400 0.0016468766843900084
293 0 0.002687060972675681
293 80 0.002336484147235751
293 160 0.001979285618290305
293 240 0.0025280469562858343
293 320 0.0005956829409115016
293 400 0.000842762179672718
294 0 0.0020148397888988256
294 80 0.0008293724968098104
294 160 0.0015866581816226244
294 240 0.0018156518926844
294 320 0.0029675979167222977
294 400 0.0027549774385988712
295 0 0.0015298838261514902
295 80 0.0019608617294579744
295 160 0.00148562912363559
295 240 0.002543712267652154
295 320 0.0024111326783895493
295 400 0.0018744977423921227
296 0 0.001188974711112678
296 80 0.001748991897329688
296 160 0.0010071264114230871
296 240 0.0016368371434509754
296 320 0.0014337305910885334
296 400 0.0007441331399604678
297 0 0.0007577852229587734
297 80 0.0010766055202111602
297 160 0.0018421643180772662
297 240 0.0012653331505134702
297 320 0.0012307869037613273
297 400 0.0014315646840259433
298 0 0.0012189468834549189
298 80 0.001300693373195827
298 160 0.0015425058081746101
298 240 0.0011092994827777147
298 320 0.0014206937048584223
298 400 0.001404611044563353
299 0 0.001180146588012576
299 80 0.001797384931705892
299 160 0.001882905256934464
299 240 0.002389242872595787
299 320 0.001010756939649582
299 400 0.0013242168352007866
300 0 0.0021718493662774563
300 80 0.0021273097954690456
300 160 0.001435216167010367
300 240 0.001572699868120253
300 320 0.0020657354034483433
300 400 0.0011436704080551863
