1 17.9816642319724 0.8565833333333334
2 4.607820844980699 0.9160666666666667
3 3.1369276942728934 0.92905
4 2.908666359971581 0.9370333333333334
5 1.9767708771519947 0.9458
6 2.0186429332350015 0.9472
7 1.8041421003353748 0.9516333333333333
8 1.4807291297173706 0.9550166666666666
9 1.1655180927683617 0.95945
10 1.0857693233502919 0.9609666666666666
11 1.338584331045238 0.9588
12 1.1565985794135079 0.9627
13 0.8546719507706824 0.9668833333333333
14 0.9025534730768928 0.9652833333333334
15 0.7327972736004312 0.9687666666666667
16 0.7292781458764216 0.9688333333333333
17 0.7186428130183741 0.9692333333333333
18 0.6288890804298678 0.9714166666666667
19 0.600317661222581 0.9726666666666667
20 0.5523853176712898 0.9734333333333334
21 0.5672533011448438 0.9720833333333333
22 0.47575731290518364 0.9753666666666667
23 0.5232369497664731 0.9738333333333333
24 0.4524413085700906 0.9762666666666666
25 0.44504586273410407 0.9765166666666667
26 0.42149840617289586 0.9774
27 0.3929899596833436 0.9779666666666667
28 0.3958579685523151 0.9772333333333333
29 0.3878772051335382 0.9778333333333333
30 0.3291849129749241 0.98025
31 0.32935876880373693 0.9805166666666667
32 0.35641716126365486 0.98055
33 0.2855953869724205 0.9828666666666667
34 0.28838409249618047 0.98205
35 0.27533396283638717 0.98275
36 0.26521799532706947 0.9826666666666667
37 0.2658943190169792 0.9834833333333334
38 0.22691985187789193 0.9842833333333333
39 0.20334708861164225 0.9853
40 0.19860022854072615 0.9857333333333334
41 0.17356334063224008 0.9865333333333334
42 0.15228293701956752 0.9879166666666667
43 0.16720768425282226 0.9869166666666667
44 0.1510989345178398 0.9880833333333333
45 0.14907930692235372 0.98805
46 0.12364720620005945 0.98955
47 0.1372885035917379 0.9888166666666667
48 0.12397993709983166 0.9889
49 0.11717456966050295 0.9896666666666667
50 0.11516641824880329 0.9903
51 0.09187157746429814 0.9913166666666666
52 0.08723386290495808 0.9915666666666667
53 0.09088556871344218 0.9912833333333333
54 0.08163380281230759 0.9918833333333333
55 0.07898643666816495 0.99215
56 0.07406287999374302 0.9923333333333333
57 0.05740501256982478 0.9933166666666666
58 0.0708760378213329 0.9925833333333334
59 0.06593294716511165 0.9925666666666667
60 0.06121614731689711 0.9932166666666666
61 0.045983753394712626 0.9942833333333333
62 0.04660106291345951 0.9941166666666666
63 0.04526942785718228 0.9941333333333333
64 0.043606834103536905 0.9949833333333333
65 0.03529146209889466 0.9953166666666666
66 0.033823260509538926 0.9951666666666666
67 0.020240489944446518 0.9969166666666667
68 0.019813793282205384 0.9970166666666667
69 0.027737536737266442 0.9962
70 0.022833079163028815 0.9966166666666667
71 0.020831404315857456 0.99675
72 0.019770054172788296 0.9966333333333334
73 0.012669233662042895 0.9977333333333334
74 0.0175755545522669 0.997
75 0.019084012927367725 0.9970333333333333
76 0.011525606730266782 0.9977833333333334
77 0.01061497590181888 0.9981666666666666
78 0.006267371776986507 0.9986333333333334
79 0.010140113475729007 0.9982
80 0.006986424367357842 0.9987666666666667
81 0.005208858956492027 0.9990166666666667
82 0.0012646145631404289 0.9997333333333334
83 4.33543803391792e-05 1.0
84 2.1369064923699736e-05 1.0
85 3.0538321141996904e-05 0.9999833333333333
86 4.915141354876542e-06 1.0
87 2.2821067074091762e-06 1.0
88 1.983396462115092e-06 1.0
89 1.8100165532084413e-06 1.0
90 1.715670435186733e-06 1.0
91 1.6022370243629211e-06 1.0
92 1.5260553574207086e-06 1.0
93 1.460218062542118e-06 1.0
94 1.4078488826563618e-06 1.0
95 1.3652165126666294e-06 1.0
96 1.3140331814337408e-06 1.0
97 1.2745473570057825e-06 1.0
98 1.2387972672828195e-06 1.0
99 1.2041585220073842e-06 1.0
100 1.1744731149039422e-06 1.0
101 1.1543424089734924e-06 1.0
102 1.1195750407907782e-06 1.0
103 1.0944509712310913e-06 1.0
104 1.0725040539390475e-06 1.0
105 1.0508336753158927e-06 1.0
106 1.0298377100032944e-06 1.0
107 1.0103892971749842e-06 1.0
108 9.922188249305194e-07 1.0
109 9.77090459184532e-07 1.0
110 9.581615996355594e-07 1.0
111 9.422231656226645e-07 1.0
112 9.333518130496004e-07 1.0
113 9.129895309482128e-07 1.0
114 8.991755972880252e-07 1.0
115 8.856669936628433e-07 1.0
116 8.741643072557043e-07 1.0
117 8.650191956016115e-07 1.0
118 8.492595044720397e-07 1.0
119 8.382636194132417e-07 1.0
120 8.262660008191841e-07 1.0
121 8.181900590305029e-07 1.0
122 8.078461655315933e-07 1.0
123 7.973443589262594e-07 1.0
124 7.880642461178694e-07 1.0
125 7.797927792238422e-07 1.0
126 7.704080059116636e-07 1.0
127 7.620954982094763e-07 1.0
128 7.535252195113167e-07 1.0
129 7.455586741327136e-07 1.0
130 7.380105580782303e-07 1.0
131 7.304145794169528e-07 1.0
132 7.238232532008958e-07 1.0
133 7.155939810269864e-07 1.0
134 7.092182719046422e-07 1.0
135 7.020207333892025e-07 1.0
136 6.964490864001274e-07 1.0
137 6.897234164264405e-07 1.0
138 6.834153235205602e-07 1.0
139 6.774001604440896e-07 1.0
140 6.714564120456283e-07 1.0
141 6.655361548727154e-07 1.0
142 6.599071046117391e-07 1.0
143 6.547028859598869e-07 1.0
144 6.493101389019284e-07 1.0
145 6.442386494671745e-07 1.0
146 6.390144505861712e-07 1.0
147 6.338624410421211e-07 1.0
148 6.291195353938203e-07 1.0
149 6.244117276816855e-07 1.0
150 6.198734165652955e-07 1.0
151 6.15217843561546e-07 1.0
152 6.125390300084282e-07 1.0
153 6.067130801810303e-07 1.0
154 6.021347427392211e-07 1.0
155 5.98118455541711e-07 1.0
156 5.93522124784346e-07 1.0
157 5.897917759627503e-07 1.0
158 5.856499977624342e-07 1.0
159 5.823761453016883e-07 1.0
160 5.783019812336231e-07 1.0
161 5.743740060250832e-07 1.0
162 5.707835096885647e-07 1.0
163 5.672045332358849e-07 1.0
164 5.636459844522378e-07 1.0
165 5.659459992867137e-07 1.0
166 5.567332932547649e-07 1.0
167 5.532540519162349e-07 1.0
168 5.500158196774944e-07 1.0
169 5.469170911522388e-07 1.0
170 5.438863624991225e-07 1.0
171 5.404951067141665e-07 1.0
172 5.375665344494686e-07 1.0
173 5.342985228461342e-07 1.0
174 5.328619741337627e-07 1.0
175 5.284101116901607e-07 1.0
176 5.254921058906022e-07 1.0
177 5.235105333934206e-07 1.0
178 5.199423122486619e-07 1.0
179 5.172263417520662e-07 1.0
180 5.144421227820259e-07 1.0
181 5.118447922547548e-07 1.0
182 5.106026732422762e-07 1.0
183 5.068394122600032e-07 1.0
184 5.040010545803376e-07 1.0
185 5.014248337838269e-07 1.0
186 4.992552222518166e-07 1.0
187 4.982785101319634e-07 1.0
188 4.943850317735996e-07 1.0
189 4.917845923943704e-07 1.0
190 4.89419986208319e-07 1.0
191 4.871512767169037e-07 1.0
