1 0 3.033191442489624
1 80 23.34855842590332
1 160 11.949738502502441
1 240 9.06435489654541
1 320 7.768205642700195
1 400 4.450952529907227
2 0 3.759006977081299
2 80 3.038249969482422
2 160 1.9568792581558228
2 240 0.3033156096935272
2 320 4.515834808349609
2 400 3.679098129272461
3 0 3.0751914978027344
3 80 3.4147140979766846
3 160 4.325157165527344
3 240 1.5533521175384521
3 320 1.4416768550872803
3 400 1.4733967781066895
4 0 2.753976583480835
4 80 3.0340569019317627
4 160 2.7533257007598877
4 240 3.125993251800537
4 320 2.0766587257385254
4 400 5.5164794921875
5 0 0.847619354724884
5 80 1.0120644569396973
5 160 1.5987370014190674
5 240 4.0438408851623535
5 320 0.3297201693058014
5 400 1.3749686479568481
6 0 0.09415838867425919
6 80 0.8040982484817505
6 160 1.0100305080413818
6 240 1.3382066488265991
6 320 2.529240369796753
6 400 1.1760348081588745
7 0 1.5011245012283325
7 80 0.5651745796203613
7 160 0.4359588921070099
7 240 1.5247249603271484
7 320 0.39851728081703186
7 400 1.072899341583252
8 0 2.419301748275757
8 80 1.16179621219635
8 160 1.1234495639801025
8 240 1.1650680303573608
8 320 5.473331928253174
8 400 1.3998925685882568
9 0 1.6837635040283203
9 80 1.0511903762817383
9 160 0.9472230672836304
9 240 2.3127729892730713
9 320 0.6728814244270325
9 400 1.259827971458435
10 0 1.4485656023025513
10 80 0.8029192686080933
10 160 0.46326345205307007
10 240 0.5262187123298645
10 320 0.08201494812965393
10 400 0.8384893536567688
11 0 0.7624747157096863
11 80 0.4326764643192291
11 160 0.4010874032974243
11 240 1.5815489292144775
11 320 4.355714321136475
11 400 0.46785736083984375
12 0 0.6021926999092102
12 80 0.5919327139854431
12 160 1.3912863731384277
12 240 2.3025076389312744
12 320 0.9428930878639221
12 400 0.7720881700515747
13 0 0.344066858291626
13 80 0.2402813583612442
13 160 0.03339150920510292
13 240 1.4229979515075684
13 320 0.6941500902175903
13 400 0.8609079718589783
14 0 0.33314648270606995
14 80 1.1645759344100952
14 160 0.0006660379003733397
14 240 1.8326890468597412
14 320 0.5989595651626587
14 400 3.89931321144104
15 0 0.9131816625595093
15 80 1.9167895317077637
15 160 0.45483914017677307
15 240 0.6039854884147644
15 320 0.4952625334262848
15 400 0.24662703275680542
16 0 0.4440196752548218
16 80 0.10221529752016068
16 160 0.1895720511674881
16 240 0.3548871874809265
16 320 0.9985739588737488
16 400 0.5959736108779907
17 0 1.6535643339157104
17 80 1.310304045677185
17 160 0.5139217972755432
17 240 0.36283087730407715
17 320 0.8213033080101013
17 400 1.0872135162353516
18 0 1.431763768196106
18 80 0.40557989478111267
18 160 0.3753146827220917
18 240 0.6282538175582886
18 320 1.9216777086257935
18 400 0.299623966217041
19 0 0.15573042631149292
19 80 0.6079944968223572
19 160 0.4040110409259796
19 240 0.6628483533859253
19 320 0.29665014147758484
19 400 0.5764781832695007
20 0 0.0713948905467987
20 80 0.36513277888298035
20 160 0.12669134140014648
20 240 0.7910298109054565
20 320 0.19556914269924164
20 400 1.3866357803344727
21 0 0.29315054416656494
21 80 1.0496468544006348
21 160 0.2605856955051422
21 240 0.37915799021720886
21 320 0.8112561702728271
21 400 1.012359857559204
22 0 0.7631818056106567
22 80 0.7568104267120361
22 160 0.18639953434467316
22 240 0.26264435052871704
22 320 0.020558368414640427
22 400 4.2450639739399776e-05
23 0 0.23435577750205994
23 80 1.229273796081543
23 160 0.0828615128993988
23 240 0.6086797118186951
23 320 0.8822828531265259
23 400 1.9531956911087036
24 0 1.1136231422424316
24 80 0.0019930158741772175
24 160 1.3885574340820312
24 240 0.19989149272441864
24 320 0.5040959715843201
24 400 0.3265100419521332
25 0 0.31044885516166687
25 80 0.0
25 160 0.14066019654273987
25 240 0.53855961561203
25 320 0.042873356491327286
25 400 0.09514199197292328
26 0 0.5458818674087524
26 80 0.1424376219511032
26 160 0.09576236456632614
26 240 0.07157011330127716
26 320 0.28999635577201843
26 400 0.7949913144111633
27 0 0.251787394285202
27 80 0.29059991240501404
27 160 0.2570103704929352
27 240 0.2145150899887085
27 320 0.25857293605804443
27 400 0.7634069919586182
28 0 0.1835758090019226
28 80 0.22558848559856415
28 160 0.0006984318606555462
28 240 0.2972891330718994
28 320 0.6200159788131714
28 400 0.38213875889778137
29 0 1.401663899421692
29 80 0.30315110087394714
29 160 0.009570938535034657
29 240 0.009620271623134613
29 320 0.9382071495056152
29 400 0.28524965047836304
30 0 0.6204020977020264
30 80 0.7859886884689331
30 160 0.29902076721191406
30 240 0.06210752949118614
30 320 0.4561135172843933
30 400 0.7113251686096191
31 0 0.8012301921844482
31 80 0.4668829143047333
31 160 0.47034963965415955
31 240 0.5509301424026489
31 320 0.46861642599105835
31 400 0.034343890845775604
32 0 0.5009720325469971
32 80 0.4173571765422821
32 160 0.1314283013343811
32 240 5.948887064732844e-06
32 320 0.19509132206439972
32 400 0.6033911108970642
33 0 8.771355351200327e-05
33 80 7.540007936768234e-05
33 160 0.6085000038146973
33 240 0.18067918717861176
33 320 7.45054506978704e-08
33 400 0.2924342155456543
34 0 0.5670025944709778
34 80 0.15651816129684448
34 160 5.587933671336032e-09
34 240 0.10703036189079285
34 320 0.3902088701725006
34 400 0.183994859457016
35 0 0.19522303342819214
35 80 0.09566814452409744
35 160 0.09943507611751556
35 240 0.18810267746448517
35 320 0.09714455902576447
35 400 0.4779191017150879
36 0 0.5106329917907715
36 80 0.24493692815303802
36 160 1.1136459112167358
36 240 0.019159657880663872
36 320 0.001624802127480507
36 400 7.85103693488054e-05
37 0 0.26817867159843445
37 80 0.09098776429891586
37 160 0.26313820481300354
37 240 0.4361325204372406
37 320 0.08413194864988327
37 400 0.16360217332839966
38 0 0.1960783302783966
38 80 0.6862538456916809
38 160 0.5346930027008057
38 240 0.8586876392364502
38 320 0.6008166670799255
38 400 0.35921618342399597
39 0 0.48031049966812134
39 80 0.5383439660072327
39 160 0.3649211823940277
39 240 0.00020835110626649112
39 320 0.1824321299791336
39 400 0.7528150677680969
40 0 0.6399946212768555
40 80 0.5792072415351868
40 160 0.2151402235031128
40 240 0.00018027394253294915
40 320 0.0009873382514342666
40 400 0.17479944229125977
41 0 0.11986303329467773
41 80 0.003360216272994876
41 160 6.35086398688145e-05
41 240 0.04212351143360138
41 320 0.2739308476448059
41 400 0.8193424940109253
42 0 0.1660405397415161
42 80 0.205947607755661
42 160 0.027594219893217087
42 240 0.029147900640964508
42 320 0.13717041909694672
42 400 0.3345735967159271
43 0 0.3412657678127289
43 80 0.007177950814366341
43 160 0.013153338804841042
43 240 0.11667827516794205
43 320 0.3094930350780487
43 400 0.1649911254644394
44 0 0.25459951162338257
44 80 0.21101632714271545
44 160 0.20617571473121643
44 240 1.3392460459726863e-05
44 320 0.35773125290870667
44 400 0.07956880331039429
45 0 0.04775657504796982
45 80 0.26040133833885193
45 160 0.011577809229493141
45 240 2.0489080654328973e-08
45 320 0.39689958095550537
45 400 5.587934559514451e-09
46 0 0.14167428016662598
46 80 4.004682097047407e-08
46 160 0.09130677580833435
46 240 1.452795231671189e-06
46 320 0.06941882520914078
46 400 0.4345110356807709
47 0 0.3107052445411682
47 80 0.015298477374017239
47 160 0.1150660440325737
47 240 0.2521370053291321
47 320 0.057116806507110596
47 400 2.0675099676736863e-07
48 0 4.3772054425517126e-08
48 80 9.313220417084267e-09
48 160 0.13689373433589935
48 240 0.05844074487686157
48 320 0.6344821453094482
48 400 2.1756493879365735e-05
49 0 2.8007172659272328e-05
49 80 0.0016144340625032783
49 160 1.4992945125413826e-06
49 240 0.012895790860056877
49 320 0.5212203860282898
49 400 0.0022694405633956194
50 0 0.012179965153336525
50 80 0.49375221133232117
50 160 4.3772086399940235e-08
50 240 0.20978093147277832
50 320 0.44196680188179016
50 400 0.0959271714091301
51 0 0.0018048076890408993
51 80 5.970507118036039e-05
51 160 6.071025381970685e-06
51 240 0.04569294676184654
51 320 0.10084012150764465
51 400 0.16156405210494995
52 0 0.00016145940753631294
52 80 3.0081139357207576e-07
52 160 0.08509427309036255
52 240 1.378345189095853e-07
52 320 0.15583057701587677
52 400 8.344395041604002e-07
53 0 0.1191510260105133
53 80 0.1542898267507553
53 160 0.052487216889858246
53 240 0.005501121748238802
53 320 0.09351468086242676
53 400 0.002794028725475073
54 0 1.8626430176027498e-08
54 80 0.0911787748336792
54 160 0.08552677929401398
54 240 0.00017636486154515296
54 320 0.0014730154071003199
54 400 0.22472558915615082
55 0 0.380256712436676
55 80 0.0003368860052432865
55 160 0.18232092261314392
55 240 0.1912233680486679
55 320 0.2159552425146103
55 400 0.25326094031333923
56 0 0.5217822790145874
56 80 0.04684685915708542
56 160 9.915085684042424e-06
56 240 0.39181816577911377
56 320 0.021172378212213516
56 400 0.04218302294611931
57 0 1.5598097888869233e-06
57 80 0.04318493232131004
57 160 0.5934766530990601
57 240 6.239617391656793e-07
57 320 0.0003236899501644075
57 400 0.005809226538985968
58 0 0.019571620970964432
58 80 0.08805309981107712
58 160 1.7516729258204577e-06
58 240 0.00021875384845770895
58 320 1.0244544768056585e-08
58 400 1.4676466889795847e-05
59 0 0.1151149794459343
59 80 0.008197689428925514
59 160 0.0017015758203342557
59 240 0.08981609344482422
59 320 9.007692824525293e-06
59 400 1.757484278641641e-05
60 0 0.03426782041788101
60 80 0.02252214029431343
60 160 0.09618566930294037
60 240 0.025576002895832062
60 320 0.19982630014419556
60 400 0.2098134458065033
61 0 8.233916560129728e-06
61 80 0.2437090426683426
61 160 0.013907753862440586
61 240 0.01494458969682455
61 320 0.00015646943938918412
61 400 0.09960855543613434
62 0 0.001994446152821183
62 80 0.23730148375034332
62 160 5.427363430499099e-05
62 240 0.006349288858473301
62 320 2.144541440429748e-06
62 400 0.052447836846113205
63 0 0.028074780479073524
63 80 0.013123992830514908
63 160 9.313225191043273e-10
63 240 0.002838816959410906
63 320 6.230309850252524e-07
63 400 0.16125084459781647
64 0 0.2201460599899292
64 80 0.0
64 160 0.0007959189242683351
64 240 0.00277262507006526
64 320 3.7252894102834944e-09
64 400 7.450577044210149e-09
65 0 0.0036738761700689793
65 80 2.7939675018018306e-09
65 160 0.06759700924158096
65 240 0.06694202870130539
65 320 0.0013685208978131413
65 400 0.11535002291202545
66 0 0.0002643423795234412
66 80 0.003010793589055538
66 160 7.264136456797132e-07
66 240 0.044109046459198
66 320 0.1953439861536026
66 400 1.3726494216825813e-06
67 0 6.121016213000985e-06
67 80 1.1209754120500293e-05
67 160 4.20938158640638e-06
67 240 0.0002921571722254157
67 320 0.0048479484394192696
67 400 1.8626449271863521e-09
68 0 1.0522631782805547e-05
68 80 0.0
68 160 0.00019050906121265143
68 240 1.282130597246578e-05
68 320 2.421436384736353e-08
68 400 0.0
69 0 0.0010275916429236531
69 80 0.0009703811956569552
69 160 4.650837217923254e-05
69 240 0.10624528676271439
69 320 2.9093544071656652e-05
69 400 1.6678004612913355e-05
70 0 1.6192878319998272e-05
70 80 2.1420392570803415e-08
70 160 0.20078253746032715
70 240 0.0002834984625224024
70 320 0.0
70 400 0.0001211808921652846
71 0 1.264645834453404e-05
71 80 0.0001436218444723636
71 160 0.024044619873166084
71 240 4.3053028093709145e-06
71 320 0.019807420670986176
71 400 0.0006133662536740303
72 0 0.1980598419904709
72 80 2.980226909699013e-08
72 160 1.8447950651534484e-06
72 240 1.862629233073676e-07
72 320 5.253029667073861e-05
72 400 0.007676821202039719
73 0 0.05068443715572357
73 80 0.00027326386771164834
73 160 6.05357328709033e-08
73 240 0.0001030346320476383
73 320 3.9581074815941975e-05
73 400 0.005575632210820913
74 0 1.7702440118227969e-06
74 80 0.026285581290721893
74 160 0.08014054596424103
74 240 0.014450892806053162
74 320 6.5192553577730905e-09
74 400 6.5192553577730905e-09
75 0 3.5528253647498786e-05
75 80 0.0037835133261978626
75 160 0.006044695619493723
75 240 1.0244546544413424e-08
75 320 1.3160603884898592e-05
75 400 0.004981993231922388
76 0 0.0026758979074656963
76 80 4.656611984898973e-09
76 160 0.001236220239661634
76 240 0.1677447259426117
76 320 3.858437776216306e-05
76 400 0.00021336758800316602
77 0 0.0032334569841623306
77 80 7.012628771008167e-07
77 160 1.0617024770454009e-07
77 240 0.053944557905197144
77 320 1.2702232652372913e-06
77 400 6.416138785425574e-05
78 0 0.0
78 80 0.00013757194392383099
78 160 6.51925669004072e-09
78 240 4.377210771622231e-08
78 320 0.061595555394887924
78 400 0.00016858401068020612
79 0 0.016827382147312164
79 80 2.7939672797572257e-09
79 160 6.133500573923811e-05
79 240 0.0
79 320 0.000290125171886757
79 400 0.0
80 0 2.2320614334603306e-06
80 80 0.0
80 160 2.318959104741225e-07
80 240 0.0016344136092811823
80 320 0.05876016244292259
80 400 7.887621904956177e-06
81 0 3.925002602045424e-05
81 80 4.228753095958382e-05
81 160 8.316267781083297e-07
81 240 2.4936837235145504e-06
81 320 4.255918156559346e-06
81 400 0.0
82 0 8.316488901982666e-07
82 80 0.0
82 160 6.5192553577730905e-09
82 240 1.409895162396424e-06
82 320 1.0842409210454207e-05
82 400 3.539020809739668e-08
83 0 1.194795800074644e-06
83 80 7.00337750458857e-07
83 160 6.525845947180642e-06
83 240 5.410798280536255e-07
83 320 1.8626450382086546e-09
83 400 2.598364687855792e-07
84 0 2.7939672797572257e-09
84 80 4.7497305644128573e-08
84 160 8.009358509752929e-08
84 240 5.681047099415082e-08
84 320 3.818414029410633e-08
84 400 1.9968763808719814e-05
85 0 1.8626450382086546e-09
85 80 0.0
85 160 1.3666982340510003e-05
85 240 6.091268460295396e-06
85 320 5.1222574626308415e-08
85 400 1.8626449271863521e-09
86 0 4.284072474547429e-08
86 80 6.500360996142263e-07
86 160 7.450577044210149e-09
86 240 2.887095718051569e-08
86 320 2.1047641496352298e-07
86 400 3.580635893740691e-05
87 0 5.122267054957774e-08
87 80 1.816059409520676e-07
87 160 3.445889973363592e-08
87 240 5.969571361674753e-07
87 320 1.8626449271863521e-09
87 400 4.656611540809763e-09
88 0 1.0244542991699745e-08
88 80 3.267662577854935e-06
88 160 0.0
88 240 3.2595622201370134e-07
88 320 1.2293364193283196e-07
88 400 0.0
89 0 1.1761824225686723e-06
89 80 1.9557759856070334e-08
89 160 1.8626450382086546e-09
89 240 0.0
89 320 3.259622260998185e-08
89 400 1.8626450382086546e-09
90 0 5.960446003427933e-08
90 80 6.51925624595151e-09
90 160 1.8626449271863521e-09
90 240 7.580617875646567e-07
90 320 0.0
90 400 7.636811005795607e-08
91 0 0.0
91 80 7.329164759539708e-07
91 160 1.2078554618710768e-06
91 240 5.131432772031985e-07
91 320 1.1845822882605717e-06
91 400 3.911545931600813e-08
92 0 2.7939672797572257e-09
92 80 9.135771961155115e-07
92 160 9.313223969797946e-09
92 240 4.656612428988183e-09
92 320 0.0
92 400 2.5951665065804264e-06
93 0 0.0
93 80 8.940659057543598e-08
93 160 2.446677717671264e-05
93 240 3.7252894102834944e-09
93 320 1.5486477877857396e-06
93 400 9.025819053931627e-06
94 0 2.3360069462796673e-05
94 80 3.860041033476591e-05
94 160 3.9021441011755087e-07
94 240 1.462163226051416e-07
94 320 1.7695118259553055e-08
94 400 9.313225191043273e-10
95 0 9.313220417084267e-09
95 80 2.793965947489596e-08
95 160 1.1567205547180492e-05
95 240 0.0
95 320 8.111458100756863e-07
95 400 2.9336109719224623e-07
96 0 6.715275048918556e-06
96 80 0.0
96 160 0.0
96 240 1.3433019375952426e-05
96 320 3.632150580301641e-08
96 400 6.718968961649807e-06
97 0 1.2107186364573863e-08
97 80 1.8626450382086546e-09
97 160 9.313220417084267e-09
97 240 2.7939672797572257e-09
97 320 3.2663981528457953e-06
97 400 0.0
98 0 7.078019592654528e-08
98 80 0.0
98 160 1.9091901037882053e-07
98 240 1.2665888959872973e-07
98 320 0.0
98 400 0.0
99 0 4.656611540809763e-09
99 80 2.089608869937365e-06
99 160 0.0
99 240 2.7939655922182283e-08
99 320 0.0
99 400 1.8626433728741176e-08
100 0 2.4147329895640723e-06
100 80 2.7939672797572257e-09
100 160 1.0681551430025138e-06
100 240 1.3680700249096844e-05
100 320 8.75438317393673e-08
100 400 1.583246955760842e-08
101 0 5.8673116143381776e-08
101 80 5.001074896426871e-07
101 160 1.21070996783601e-07
101 240 9.313225191043273e-10
101 320 6.127887104412366e-07
101 400 1.8626449271863521e-09
102 0 9.313221305262687e-09
102 80 1.1920845111035305e-07
102 160 1.657736561355705e-07
102 240 7.077836130520154e-07
102 320 6.323592742774053e-07
102 400 1.7588714399607852e-05
103 0 7.450545780329776e-08
103 80 8.381898730647208e-09
103 160 0.0
103 240 1.6949887537975883e-07
103 320 2.1699514718420687e-07
103 400 2.2554118004336488e-06
104 0 5.173646513867425e-06
104 80 1.8626449271863521e-09
104 160 1.2107183700038604e-08
104 240 1.1175869119028903e-08
104 320 3.2596236820836566e-08
104 400 6.5192553577730905e-09
105 0 0.0
105 80 0.0
105 160 1.3410948440650827e-07
105 240 4.045548848807812e-06
105 320 0.0
105 400 9.313225191043273e-10
106 0 4.913727025268599e-06
106 80 3.520320035477198e-07
106 160 0.0
106 240 2.3046834485285217e-06
106 320 9.313225191043273e-10
106 400 0.0
107 0 2.9802265544276452e-08
107 80 0.0
107 160 1.0244544768056585e-08
107 240 2.0209459705711197e-07
107 320 5.8673123248809134e-08
107 400 2.7939672797572257e-09
108 0 0.0
108 80 1.9557754526999815e-08
108 160 4.7216644816217013e-07
108 240 1.4425147583096987e-06
108 320 2.0582113791078882e-07
108 400 3.3003495900629787e-06
109 0 9.313225191043273e-10
109 80 1.5273565168172354e-07
109 160 2.7939675018018306e-09
109 240 1.8626449271863521e-09
109 320 1.583246778125158e-08
109 400 1.165933440461231e-06
110 0 1.7136147789642564e-07
110 80 1.8626450382086546e-09
110 160 9.871446309261955e-07
110 240 1.8626449271863521e-09
110 320 4.760401679959614e-06
110 400 2.1420401452587612e-08
111 0 0.0
111 80 4.142356829106575e-06
111 160 3.1664924904362124e-08
111 240 8.381898730647208e-09
111 320 8.856394515532884e-07
111 400 4.097812578152116e-08
112 0 4.64222239315859e-06
112 80 3.911544865786709e-08
112 160 9.313225191043273e-10
112 240 4.648728918255074e-06
112 320 1.3038505386475663e-08
112 400 4.842862466603037e-08
113 0 1.2107186364573863e-08
113 80 0.0
113 160 3.2036967922977055e-07
113 240 6.426106580192936e-08
113 320 1.285215489588154e-07
113 400 4.03252755631911e-07
114 0 1.3969827961091141e-08
114 80 0.0
114 160 0.0
114 240 6.397950187420065e-07
114 320 1.4592669685953297e-06
114 400 3.7252898543727042e-09
115 0 3.725281416677717e-08
115 80 1.7695116483196216e-08
115 160 2.7939675018018306e-09
115 240 2.8684209496532276e-07
115 320 2.6076991233026092e-08
115 400 4.656606478192771e-08
116 0 0.0
116 80 1.6763797461294416e-08
116 160 0.0
116 240 0.0
116 320 5.795324341306696e-06
116 400 4.656611984898973e-09
117 0 2.3558920929644955e-06
117 80 6.705494826064751e-08
117 160 2.4214349636508814e-08
117 240 0.0
117 320 8.763253731558507e-07
117 400 8.185997444343229e-07
118 0 0.0
118 80 9.313225191043273e-10
118 160 1.8626449271863521e-09
118 240 9.313225191043273e-10
118 320 0.0
118 400 5.017285729991272e-06
119 0 4.966798314853804e-06
119 80 0.0
119 160 0.0
119 240 1.1128512369396049e-06
119 320 9.220040197988055e-08
119 400 4.777608637596131e-07
120 0 5.811363052998786e-07
120 80 3.632149514487537e-08
120 160 2.318655333510833e-06
120 240 2.7939672797572257e-09
120 320 8.381900507004048e-09
120 400 0.0
121 0 9.313225191043273e-10
121 80 3.76817683900299e-06
121 160 2.7939675018018306e-09
121 240 1.137083700086805e-06
121 320 0.0
121 400 3.75791432816186e-06
122 0 2.1978902964292502e-07
122 80 4.656611540809763e-09
122 160 0.0
122 240 1.490115053570662e-08
122 320 1.1734096005966421e-06
122 400 4.208559857943328e-06
123 0 7.450577044210149e-09
123 80 0.0
123 160 1.8671571524464525e-06
123 240 9.313225191043273e-10
123 320 4.656611540809763e-09
123 400 0.0
124 0 5.550597279579961e-07
124 80 4.656611540809763e-09
124 160 0.0
124 240 6.770586082893715e-07
124 320 0.0
124 400 0.0
125 0 6.51925669004072e-09
125 80 3.003869096573908e-06
125 160 9.313225191043273e-10
125 240 9.313225191043273e-10
125 320 0.0
125 400 1.0244544768056585e-08
126 0 0.0
126 80 2.7939672797572257e-09
126 160 1.8626449271863521e-09
126 240 7.357413522868228e-08
126 320 0.0
126 400 7.254669185385865e-07
127 0 7.450577932388569e-09
127 80 0.0
127 160 1.0151360640975327e-07
127 240 0.0
127 320 1.722927720493317e-07
127 400 4.7497305644128573e-08
128 0 6.0262200349825434e-06
128 80 1.0177403055422474e-05
128 160 2.3283055483602766e-08
128 240 0.0
128 320 2.975940333271865e-06
128 400 7.4505797087454084e-09
129 0 7.6368088741674e-08
129 80 3.637830104707973e-06
129 160 5.252579740044894e-07
129 240 0.0
129 320 1.741559287893324e-07
129 400 1.4714761675804766e-07
130 0 9.313225191043273e-10
130 80 2.2246852040552767e-06
130 160 6.314665370155126e-06
130 240 3.576231506485783e-07
130 320 7.208104193523468e-07
130 400 1.5832476663035777e-08
131 0 1.4156003658172267e-07
131 80 7.450577932388569e-09
131 160 3.771878937186557e-06
131 240 2.7939675018018306e-09
131 320 3.4981960652658017e-06
131 400 8.381900507004048e-09
132 0 1.8626449271863521e-09
132 80 5.146343937667552e-06
132 160 0.0
132 240 3.6321512908443765e-08
132 320 1.4750759191883844e-06
132 400 2.9843424727005186e-06
133 0 5.587933671336032e-09
133 80 1.5832478439392617e-08
133 160 8.381886118513648e-08
133 240 2.6821646770258667e-07
133 320 1.8626450382086546e-09
133 400 0.0
134 0 5.839258392370539e-07
134 80 0.0
134 160 9.313225191043273e-10
134 240 9.871956763163325e-08
134 320 7.450578820566989e-09
134 400 1.2107189029109122e-08
135 0 8.381898730647208e-09
135 80 1.960244617293938e-06
135 160 6.5192553577730905e-09
135 240 5.527394478122005e-06
135 320 1.0244511372548004e-07
135 400 2.0582005788583047e-07
136 0 8.38396226754412e-06
136 80 6.545386440848233e-06
136 160 2.3977891032700427e-06
136 240 5.581297500611981e-06
136 320 9.313223081619526e-09
136 400 0.0
137 0 4.656611984898973e-09
137 80 0.0
137 160 1.5366671846095414e-07
137 240 1.583247133396526e-08
137 320 4.656611984898973e-09
137 400 0.0
138 0 4.284076382532476e-08
138 80 7.89270234236028e-06
138 160 0.0
138 240 1.338203787781822e-06
138 320 8.381899618825628e-09
138 400 2.8870946522374652e-08
139 0 5.401492444434552e-07
139 80 1.0244542991699745e-08
139 160 0.0
139 240 2.7939672797572257e-09
139 320 0.0
139 400 5.587933671336032e-09
140 0 5.3085205564684657e-08
140 80 4.4703437396265144e-08
140 160 1.8626450382086546e-09
140 240 3.25962474789776e-08
140 320 0.0
140 400 3.9487596836806915e-07
141 0 2.4853306967997923e-06
141 80 1.2014007211291755e-07
141 160 5.559832629842276e-07
141 240 2.793963638225705e-08
141 320 3.259623326812289e-08
141 400 1.3317838920556824e-07
142 0 2.1902326352574164e-06
142 80 1.0244541215342906e-08
142 160 5.978899935144e-07
142 240 6.388622182385006e-07
142 320 0.0
142 400 0.0
143 0 1.8626449271863521e-09
143 80 2.9336109719224623e-07
143 160 5.3085205564684657e-08
143 240 1.8626449271863521e-09
143 320 2.7939672797572257e-09
143 400 0.0
144 0 9.313225191043273e-10
144 80 2.351236844333471e-06
144 160 1.490115053570662e-08
144 240 1.583246778125158e-08
144 320 8.381861960060633e-08
144 400 2.7939675018018306e-09
145 0 9.313225191043273e-10
145 80 1.1975635970884468e-05
145 160 9.499461128825715e-08
145 240 1.8028337080977508e-06
145 320 2.0356060304038692e-06
145 400 8.115107448247727e-06
146 0 7.452616500813747e-06
146 80 9.313225191043273e-10
146 160 0.0
146 240 5.867317298680064e-08
146 320 5.587933671336032e-09
146 400 9.313225191043273e-10
147 0 1.3969826184734302e-08
147 80 8.381898730647208e-09
147 160 1.8626449271863521e-09
147 240 1.086463362298673e-05
147 320 1.3690379319086787e-07
147 400 2.8498106985352933e-07
148 0 3.538945918535319e-07
148 80 0.0
148 160 3.4178916052951536e-07
148 240 0.0
148 320 2.7939672797572257e-09
148 400 5.122258528444945e-08
149 0 9.042619808496966e-07
149 80 4.284072119276061e-08
149 160 0.0
149 240 9.313225191043273e-10
149 320 4.153591817157576e-07
149 400 5.993555078021018e-06
150 0 8.977477818916668e-07
150 80 5.2153890095496536e-08
150 160 3.982695488957688e-06
150 240 1.2655842738240608e-06
150 320 2.7939672797572257e-09
150 400 1.396983329016166e-08
151 0 1.4602455848944373e-06
151 80 3.821236532530747e-06
151 160 0.0
151 240 8.996062206279021e-07
151 320 1.3726578345085727e-06
151 400 9.313225191043273e-10
152 0 0.0
152 80 1.8626450382086546e-09
152 160 7.869312526054273e-07
152 240 0.0
152 320 9.313225191043273e-10
152 400 0.0
153 0 0.0
153 80 9.313223969797946e-09
153 160 2.5145668658410614e-08
153 240 1.9185009136890585e-07
153 320 1.2107183700038604e-08
153 400 0.0
154 0 2.009640866162954e-06
154 80 7.114994104995276e-07
154 160 0.0
154 240 8.185899673662789e-07
154 320 5.681049586314657e-08
154 400 9.313225191043273e-10
155 0 7.1548784035257995e-06
155 80 0.0
155 160 4.745096703118179e-06
155 240 8.47498924372303e-08
155 320 6.695925662825175e-07
155 400 1.2273872016521636e-06
156 0 1.2107188140930703e-08
156 80 1.8626449271863521e-09
156 160 1.8626430176027498e-08
156 240 2.980226909699013e-08
156 320 0.0
156 400 9.313225191043273e-10
157 0 7.450577044210149e-09
157 80 2.534664872655412e-06
157 160 5.885736982236267e-07
157 240 8.381901395182467e-09
157 320 1.2200274568385794e-07
157 400 2.4214369176434047e-08
158 0 2.905672431552375e-07
158 80 1.0644291705830256e-06
158 160 1.8439970972394804e-07
158 240 2.8125654694122204e-07
158 320 2.6076991233026092e-08
158 400 7.198795515250822e-07
159 0 0.0
159 80 5.587934559514451e-09
159 160 0.0
159 240 7.738907470411505e-07
159 320 0.0
159 400 5.494784005577458e-08
160 0 6.519233153312598e-08
160 80 0.0
160 160 4.237459734213189e-07
160 240 2.0235027022863505e-06
160 320 8.381858407346954e-08
160 400 6.51925624595151e-09
161 0 2.474206894476083e-06
161 80 2.3375847035822517e-07
161 160 1.3969827961091141e-08
161 240 0.0
161 320 2.7939672797572257e-09
161 400 9.313225191043273e-10
162 0 2.6542244313532137e-07
162 80 8.363045367332234e-07
162 160 1.39698306256264e-08
162 240 2.7939675018018306e-09
162 320 1.8626449271863521e-09
162 400 9.843460020420025e-07
163 0 0.0
163 80 7.80410346123972e-07
163 160 3.7252894102834944e-09
163 240 2.4214349636508814e-08
163 320 0.0
163 400 1.4062885611565434e-07
164 0 9.313225191043273e-10
164 80 4.656611540809763e-09
164 160 1.3690359423890186e-07
164 240 0.0
164 320 1.4573997759725899e-06
164 400 3.7252894102834944e-09
165 0 2.1327005583771097e-07
165 80 4.004679254876464e-08
165 160 4.772291958943242e-06
165 240 0.0
165 320 2.412092214854056e-07
165 400 7.580597980449966e-07
166 0 9.815523753786692e-07
166 80 1.8626450382086546e-09
166 160 3.539020099196932e-08
166 240 1.583246778125158e-08
166 320 0.0
166 400 3.7252894102834944e-09
167 0 2.8870946522374652e-08
167 80 6.863546104796114e-07
167 160 9.313225191043273e-10
167 240 3.7252898543727042e-09
167 320 4.0604720652481774e-07
167 400 0.0
168 0 1.571933921695745e-06
168 80 7.366454610746587e-07
168 160 9.313225191043273e-10
168 240 2.3283028838250175e-08
168 320 1.81310076641239e-06
168 400 3.3527555842738366e-08
169 0 1.8626449271863521e-09
169 80 7.078028119167357e-08
169 160 3.609903387769009e-06
169 240 5.680919912265381e-07
169 320 4.656611540809763e-09
169 400 1.2852194686274743e-07
170 0 0.0
170 80 5.042772500019055e-06
170 160 9.313225191043273e-10
170 240 9.313225191043273e-10
170 320 8.474997770235859e-08
170 400 1.424794959348219e-06
171 0 1.8626449271863521e-09
171 80 3.352754163188365e-08
171 160 7.053454737615539e-06
171 240 2.9802265544276452e-08
171 320 7.171151850116075e-08
171 400 0.0
172 0 5.5879341154252415e-09
172 80 2.3095008145901375e-06
172 160 2.2776850983063923e-06
172 240 0.0
172 320 9.313225191043273e-10
172 400 3.939395298857562e-07
173 0 0.0
173 80 4.3119067072439066e-07
173 160 1.0896006870098063e-06
173 240 0.0
173 320 4.377203666194873e-08
173 400 2.7238777420279803e-06
174 0 5.587933671336032e-09
174 80 8.465592600259697e-07
174 160 4.917236537949066e-07
174 240 1.01513919048557e-07
174 320 9.313225191043273e-10
174 400 0.0
175 0 3.7252894102834944e-09
175 80 3.445889973363592e-08
175 160 9.313223969797946e-09
175 240 5.888396117370576e-06
175 320 7.990419703673979e-07
175 400 4.479533117773826e-07
176 0 0.0
176 80 3.632153067201216e-08
176 160 0.0
176 240 2.4184641915780958e-06
176 320 1.1175862901779965e-08
176 400 0.0
177 0 0.0
177 80 2.3469007714993495e-07
177 160 1.3679937183042057e-06
177 240 9.033778525235903e-08
177 320 4.2840767378038436e-08
177 400 1.8626450382086546e-09
178 0 4.563467115303865e-08
178 80 1.4061710089663393e-06
178 160 4.1442760334575723e-07
178 240 2.8688812108157435e-06
178 320 3.0393698580155615e-06
178 400 3.5273487810627557e-06
179 0 2.235172935627361e-08
179 80 2.1809476038470166e-06
179 160 1.3969827961091141e-08
179 240 2.235172402720309e-08
179 320 1.8626229802976013e-07
179 400 1.0430744623590726e-07
180 0 8.530449804311502e-07
180 80 4.284078869432051e-08
180 160 1.3504107698736334e-07
180 240 0.0
180 320 9.313225191043273e-10
180 400 1.5356004041677807e-06
181 0 4.656611540809763e-09
181 80 1.430391421308741e-06
181 160 0.0
181 240 1.989051952477894e-06
181 320 2.4201569885917706e-06
181 400 2.1327042531993357e-07
182 0 3.725281416677717e-08
182 80 0.0
182 160 9.313221305262687e-09
182 240 9.313225191043273e-10
182 320 1.1175862901779965e-08
182 400 0.0
183 0 1.1175863789958385e-08
183 80 2.747368057498534e-07
183 160 2.7007905600839877e-07
183 240 1.4062887032650906e-07
183 320 2.467966453423287e-07
183 400 3.725282127220453e-08
184 0 6.546924851136282e-07
184 80 1.77880835394717e-07
184 160 1.8626450382086546e-09
184 240 9.117117087953375e-07
184 320 1.8626449271863521e-09
184 400 8.754388147735881e-08
185 0 8.66125304810339e-08
185 80 5.5879255000945705e-08
185 160 2.7939675018018306e-09
185 240 3.756613523364649e-06
185 320 1.052324932970805e-06
185 400 0.0
186 0 2.441546257614391e-06
186 80 2.980230107141324e-08
186 160 0.0
186 240 5.401664182613786e-08
186 320 3.7252894102834944e-09
186 400 1.0979575790770468e-06
187 0 4.377203666194873e-08
187 80 1.3130580782672041e-06
187 160 1.3093298321109614e-06
187 240 2.048909131247001e-08
187 320 3.7252894102834944e-09
187 400 2.9117193207639502e-06
188 0 1.4621627997257747e-07
188 80 3.725290076417309e-09
188 160 0.0
188 240 1.0057680128738866e-06
188 320 1.1147143368361867e-06
188 400 3.539017612297357e-08
189 0 0.0
189 80 3.7252894102834944e-09
189 160 1.8626449271863521e-09
189 240 6.1467119394365e-08
189 320 0.0
189 400 0.0
190 0 5.5879341154252415e-09
190 80 1.7330003174720332e-06
190 160 0.0
190 240 2.515273308745236e-06
190 320 0.0
190 400 4.5913486701465445e-07
191 0 1.82611017862655e-06
191 80 2.728737911183998e-07
191 160 2.847465566446772e-06
191 240 3.5969096643384546e-06
191 320 8.148647339112358e-07
191 400 8.381881855257234e-08
192 0 4.451654262993543e-07
192 80 4.935995079335953e-08
192 160 1.4676328419227502e-06
192 240 1.9490287286316743e-06
192 320 2.916608991654357e-06
