1 0.46919082197299133 0.86325
2 0.2716065906861952 0.9220666666666667
3 0.22781023870843814 0.9352833333333334
4 0.20067677252900118 0.9438333333333333
5 0.1809531483791276 0.94935
6 0.16523103186411897 0.9539
7 0.1525855014350877 0.9577166666666667
8 0.141807754617383 0.96095
9 0.13299627189061788 0.9636833333333333
10 0.12455971367450665 0.96575
11 0.11759252947912033 0.9681666666666666
12 0.11150680771514551 0.96975
13 0.10581584672318466 0.9712
14 0.10058027687770471 0.9728
15 0.09594850854547039 0.9747166666666667
16 0.09164699876724657 0.9754
17 0.08764489786600126 0.9768166666666667
18 0.08403998682462076 0.9781333333333333
19 0.08071049684877081 0.9789666666666667
20 0.07756623967306446 0.9798166666666667
21 0.07456572864577969 0.9806166666666667
22 0.07171094938238928 0.9812666666666666
23 0.06913596557687594 0.9825
24 0.0667342912040349 0.98275
25 0.06442562322706175 0.9837
26 0.06212206677134548 0.9842333333333333
27 0.06005697076254562 0.9848166666666667
28 0.058145652805119435 0.9853666666666666
29 0.05630707326553651 0.9858333333333333
30 0.05444938043700352 0.9865333333333334
31 0.052828284333954485 0.9869833333333333
32 0.051194806837403316 0.9873833333333333
33 0.04959130071119459 0.9883833333333333
34 0.04820071470969394 0.9886
35 0.046718716122972556 0.9891
36 0.045396726536773034 0.9895333333333334
37 0.04404623734989146 0.98975
38 0.04278581167883011 0.9904333333333334
39 0.041598626690458 0.9909333333333333
40 0.04046634478228433 0.9908333333333333
41 0.039368973741097366 0.99135
42 0.038327442617145685 0.9918333333333333
43 0.03731825982115226 0.9917333333333334
44 0.03627147855185497 0.9922
45 0.03539862109622213 0.9923833333333333
46 0.03441080025462771 0.9929666666666667
47 0.033485935303940575 0.99315
48 0.03270840282335496 0.99325
49 0.03186118991465679 0.99385
50 0.0310617353070154 0.9939166666666667
51 0.030335836586103573 0.9943833333333333
52 0.029569178205062902 0.99445
53 0.02889592396214541 0.9945166666666667
54 0.028153255173781595 0.9949666666666667
55 0.02748181588395731 0.9949666666666667
56 0.02684730296330983 0.9952
57 0.026218430508476203 0.9953333333333333
58 0.025594340269960193 0.9957
59 0.02502047010401546 0.9958166666666667
60 0.024433645064324966 0.996
61 0.023841358252616324 0.9961833333333333
62 0.02333254701515505 0.99645
63 0.02279116799518752 0.9962833333333333
64 0.022312001437385643 0.99655
65 0.021859402741506093 0.9965833333333334
66 0.021359828946146884 0.9969666666666667
67 0.02094193032460172 0.99705
68 0.0204643550992155 0.9971
69 0.02007763594118898 0.9972666666666666
70 0.019620484798582697 0.9972666666666666
71 0.0192286514663207 0.99745
72 0.018831937113153275 0.99765
73 0.018447005782705316 0.9976666666666667
74 0.01810388753353469 0.99765
75 0.017715906309805858 0.9979333333333333
76 0.01736142996774077 0.9979666666666667
77 0.01700286433420408 0.9979666666666667
78 0.016693964743537945 0.9982
79 0.016373397291961637 0.9982
80 0.016026957769757075 0.9983666666666666
81 0.01574861463298326 0.9983333333333333
82 0.015461320690969541 0.9984166666666666
83 0.015144316631474539 0.9985166666666667
84 0.014853755790573447 0.9985333333333334
85 0.01463568946426071 0.9986833333333334
86 0.014403665472548812 0.9986
87 0.01409268555050688 0.9987666666666667
88 0.013839187578601973 0.9988166666666667
89 0.013595965286808164 0.9988666666666667
90 0.013356683340404175 0.999
91 0.013128539036486798 0.9990166666666667
92 0.012891940525802436 0.99915
93 0.012672856712201511 0.9992
94 0.012449926519488444 0.99915
95 0.012264725792386542 0.9992166666666666
96 0.012069497946034204 0.99925
97 0.011857804846264787 0.9992166666666666
98 0.011655220054963758 0.9992833333333333
99 0.011469779527688554 0.9993
100 0.011286773243799869 0.9993
101 0.011097268115526545 0.9993333333333333
102 0.010937373830513882 0.9993666666666666
103 0.010763902676357294 0.9994333333333333
104 0.01060308336115468 0.9994
105 0.010418115305339001 0.9994333333333333
106 0.010275378916114727 0.9994333333333333
107 0.010112061221867419 0.99945
108 0.00995763194814785 0.9995
109 0.009816909090740912 0.9995833333333334
110 0.009661432239475217 0.99955
111 0.009531283488016584 0.99955
112 0.009384892812407793 0.9995833333333334
113 0.009254114563340571 0.9995666666666667
114 0.009136903721755787 0.9996333333333334
115 0.00898749667625906 0.9996166666666667
116 0.008853246711059484 0.99965
117 0.008732092238144517 0.9996333333333334
118 0.008619780075857475 0.9997
119 0.008500206986688442 0.9996833333333334
120 0.008385736811737309 0.9996666666666667
121 0.00827860665981219 0.9997
122 0.008150421240841593 0.9997166666666667
123 0.008041752141906318 0.99975
124 0.007942359844125363 0.99975
125 0.007840447896309118 0.9997333333333334
126 0.007741974051128318 0.9997666666666667
127 0.007642043727154194 0.99975
128 0.0075248363288814455 0.9997666666666667
129 0.007442916475875832 0.9997833333333334
130 0.007344191657629476 0.9998333333333334
131 0.007256743735693363 0.9998166666666667
132 0.007166838754456975 0.9998333333333334
133 0.0070820640743291105 0.9998
134 0.0069851242472479215 0.99985
135 0.006907634018832988 0.9998666666666667
136 0.006821779204087693 0.99985
137 0.006744559459350526 0.9998333333333334
138 0.0066713327417837216 0.9998666666666667
139 0.006583287191243648 0.9998666666666667
140 0.006516412421286519 0.9998666666666667
141 0.006436332858709702 0.9998833333333333
142 0.006361616067965624 0.9998833333333333
143 0.006292354891886875 0.9998833333333333
144 0.006222354887829804 0.9998833333333333
145 0.0061552751474757625 0.9999
146 0.0060828155319172655 0.9999
147 0.00601994346748831 0.9999
148 0.005940957209353508 0.9999333333333333
149 0.005891999669138715 0.9999166666666667
150 0.005821337338600522 0.9999333333333333
151 0.005760541372646544 0.9999166666666667
152 0.005701235806031315 0.9999
153 0.005638761795622342 0.9999166666666667
154 0.005580749623834896 0.9999166666666667
155 0.005514612128989878 0.9999
156 0.005467459475666261 0.9999333333333333
157 0.0054059698182378595 0.9999166666666667
158 0.0053498218293244176 0.9999333333333333
159 0.005297526927925011 0.99995
160 0.0052499623065923595 0.9999333333333333
161 0.00519582616569383 0.9999333333333333
162 0.005146059484135653 0.9999333333333333
163 0.005087676270902634 0.9999333333333333
164 0.005042786842513917 0.9999333333333333
165 0.004991902782371256 0.9999333333333333
166 0.004942050968199524 0.99995
167 0.004900188682956308 0.9999333333333333
168 0.004852187359702589 0.99995
169 0.004809969899379638 0.99995
170 0.004763786842836055 0.9999333333333333
171 0.004724354972429415 0.9999333333333333
172 0.004669620795969738 0.9999833333333333
173 0.004635981439467845 0.9999666666666667
174 0.004592910160008731 0.9999666666666667
175 0.004548748313729316 0.9999666666666667
176 0.004505995917680071 0.9999833333333333
177 0.004473095267528553 0.9999833333333333
178 0.004427862258058097 1.0
179 0.004393729538634928 1.0
180 0.004358422936254076 1.0
181 0.004315918945927801 0.9999833333333333
182 0.00428081660726066 0.9999833333333333
183 0.00424373928712669 1.0
184 0.004203703463835113 1.0
185 0.004171460526618066 0.9999833333333333
186 0.004135219297478043 1.0
187 0.004107238952073453 1.0
188 0.004068320073477272 1.0
189 0.004035748175230187 1.0
190 0.004006387912598786 1.0
191 0.003965194674649599 1.0
192 0.003941805401533 1.0
193 0.003908172543190404 1.0
194 0.003878973143201059 1.0
195 0.003847264653957411 1.0
196 0.003815513212672635 1.0
197 0.003787974844366979 1.0
198 0.0037553489479029787 1.0
199 0.0037251202122016405 1.0
200 0.0037001220731318857 1.0
201 0.0036727949268996777 1.0
202 0.003640369134845891 1.0
203 0.003616982154540225 1.0
204 0.0035902058108965916 1.0
205 0.0035611062634811758 1.0
206 0.0035351243262032248 1.0
207 0.003511883996251816 1.0
208 0.0034850755275022596 1.0
209 0.0034621184034499407 1.0
210 0.003433378263642745 1.0
211 0.0034112640163068897 1.0
212 0.0033867598434578557 1.0
213 0.003360695436970194 1.0
214 0.003336357619878508 1.0
215 0.00331586584096838 1.0
216 0.003293956524438298 1.0
217 0.003266583860311697 1.0
218 0.0032490783710844877 1.0
219 0.0032239936692799046 1.0
220 0.0032040394047326815 1.0
221 0.003180635597076275 1.0
222 0.003156139803399989 1.0
223 0.0031404057796895583 1.0
224 0.003119405348728627 1.0
225 0.003095329327852344 1.0
226 0.003075629263234609 1.0
227 0.0030561790066604404 1.0
228 0.00303315900617154 1.0
229 0.0030143978079157406 1.0
230 0.0029954471226249424 1.0
231 0.0029783026930982315 1.0
232 0.002957574523134487 1.0
233 0.002936340546655431 1.0
234 0.0029226534485842772 1.0
235 0.0028976161865197788 1.0
236 0.002883140933263038 1.0
237 0.0028673089175139553 1.0
238 0.002846183086028581 1.0
239 0.002830555053876598 1.0
240 0.0028116708738790915 1.0
241 0.0027956485937931327 1.0
242 0.0027766387590935936 1.0
243 0.002761004968478815 1.0
244 0.002743271823877147 1.0
245 0.002728927440555103 1.0
246 0.002709389822100843 1.0
247 0.0026949675597830306 1.0
248 0.002676740757126147 1.0
249 0.002662822419751698 1.0
250 0.00264905891599638 1.0
251 0.0026331414937226377 1.0
252 0.002618982643037955 1.0
253 0.0026027014518011688 1.0
254 0.0025877095674520043 1.0
255 0.0025714720108621775 1.0
256 0.0025588372490926783 1.0
257 0.00254252428205799 1.0
258 0.002527117492136623 1.0
259 0.00251529043712127 1.0
260 0.0025011441869058535 1.0
261 0.002485032684963022 1.0
262 0.0024706365523620576 1.0
263 0.002459656067767433 1.0
264 0.002445657957228087 1.0
265 0.0024320727795300915 1.0
266 0.002419075946127976 1.0
267 0.002408194416728832 1.0
268 0.0023878431610409607 1.0
269 0.0023815304290121997 1.0
270 0.002365538143619363 1.0
271 0.0023550844127272585 1.0
272 0.0023413152023871887 1.0
273 0.0023279011666304124 1.0
274 0.0023171979488918124 1.0
275 0.0023017021023662393 1.0
276 0.0022919216718989364 1.0
277 0.00228005158237126 1.0
278 0.0022687279873205893 1.0
279 0.002257255521957387 1.0
280 0.0022469086155269555 1.0
281 0.002236689609323523 1.0
282 0.002221877789814899 1.0
283 0.00220993201413166 1.0
284 0.0022005265184453747 1.0
285 0.0021885091352384727 1.0
286 0.0021768629203177195 1.0
287 0.0021681023472081076 1.0
288 0.0021568397278470524 1.0
289 0.0021439420483407696 1.0
290 0.0021334950031384006 1.0
291 0.0021220237942043145 1.0
292 0.0021148409032553774 1.0
293 0.002104216218386878 1.0
294 0.0020918933481577713 1.0
295 0.0020816336715542305 1.0
296 0.0020726365068289977 1.0
297 0.0020629615177398426 1.0
298 0.002051672557426462 1.0
299 0.0020428444021818306 1.0
300 0.0020331809122084593 1.0
9999 0.002011960605159402 1.0
