1 0 3.1159191131591797
1 80 0.5345544219017029
1 160 0.3957855999469757
1 240 0.30049747228622437
1 320 0.37064629793167114
1 400 0.2612060606479645
2 0 0.2886602282524109
2 80 0.31540319323539734
2 160 0.31901511549949646
2 240 0.23817646503448486
2 320 0.17161376774311066
2 400 0.2715364992618561
3 0 0.22394543886184692
3 80 0.22480978071689606
3 160 0.32878971099853516
3 240 0.2525128722190857
3 320 0.2357390969991684
3 400 0.250578910112381
4 0 0.24937646090984344
4 80 0.356934517621994
4 160 0.21770799160003662
4 240 0.1867012232542038
4 320 0.12171399593353271
4 400 0.18963667750358582
5 0 0.205161452293396
5 80 0.06788266450166702
5 160 0.1971556842327118
5 240 0.1906539648771286
5 320 0.1951337605714798
5 400 0.2571970224380493
6 0 0.12807488441467285
6 80 0.14281094074249268
6 160 0.14512069523334503
6 240 0.11101142317056656
6 320 0.271018922328949
6 400 0.1632121205329895
7 0 0.1587170511484146
7 80 0.17079925537109375
7 160 0.13395994901657104
7 240 0.15582533180713654
7 320 0.1222158670425415
7 400 0.12420821189880371
8 0 0.17994186282157898
8 80 0.14589494466781616
8 160 0.14884774386882782
8 240 0.19285927712917328
8 320 0.16270950436592102
8 400 0.08176883310079575
9 0 0.12112753838300705
9 80 0.08220188319683075
9 160 0.15174637734889984
9 240 0.13917125761508942
9 320 0.1438351273536682
9 400 0.11402735114097595
10 0 0.1485130488872528
10 80 0.07634175568819046
10 160 0.11361981928348541
10 240 0.13673506677150726
10 320 0.10296934843063354
10 400 0.23894384503364563
11 0 0.15265019237995148
11 80 0.0444745309650898
11 160 0.09079380333423615
11 240 0.114822618663311
11 320 0.09011954814195633
11 400 0.1012076884508133
12 0 0.05882184952497482
12 80 0.10173319280147552
12 160 0.12112612277269363
12 240 0.11461877822875977
12 320 0.1209016814827919
12 400 0.2335997074842453
13 0 0.08746492117643356
13 80 0.19641992449760437
13 160 0.13185687363147736
13 240 0.07084670662879944
13 320 0.1599639654159546
13 400 0.12909716367721558
14 0 0.10809732228517532
14 80 0.060367658734321594
14 160 0.12580254673957825
14 240 0.09596860408782959
14 320 0.09693434089422226
14 400 0.04404037445783615
15 0 0.057797301560640335
15 80 0.0683569386601448
15 160 0.04932565614581108
15 240 0.09354060143232346
15 320 0.11900530755519867
15 400 0.1291780173778534
16 0 0.05460386723279953
16 80 0.11168931424617767
16 160 0.18007123470306396
16 240 0.06130865216255188
16 320 0.07213205844163895
16 400 0.07498118281364441
17 0 0.11227060854434967
17 80 0.086480051279068
17 160 0.08584483712911606
17 240 0.06113138049840927
17 320 0.06349264830350876
17 400 0.05313995108008385
18 0 0.10336993634700775
18 80 0.07010506093502045
18 160 0.12179932743310928
18 240 0.1079525575041771
18 320 0.08451258391141891
18 400 0.04287324473261833
19 0 0.03431002050638199
19 80 0.11993102729320526
19 160 0.09093543887138367
19 240 0.0466882549226284
19 320 0.06677285581827164
19 400 0.10500574856996536
20 0 0.05264098569750786
20 80 0.10708185285329819
20 160 0.03654699772596359
20 240 0.1223861500620842
20 320 0.07957801967859268
20 400 0.07387566566467285
21 0 0.08264347910881042
21 80 0.07277759909629822
21 160 0.047783587127923965
21 240 0.07065973430871964
21 320 0.049675390124320984
21 400 0.044061921536922455
22 0 0.13918793201446533
22 80 0.09339858591556549
22 160 0.08534406125545502
22 240 0.06741519272327423
22 320 0.09130074828863144
22 400 0.05390815809369087
23 0 0.05912172049283981
23 80 0.06594770401716232
23 160 0.07143878191709518
23 240 0.06338062882423401
23 320 0.038166727870702744
23 400 0.055933237075805664
24 0 0.06523431837558746
24 80 0.061993759125471115
24 160 0.035123083740472794
24 240 0.05131268501281738
24 320 0.08635689318180084
24 400 0.09377659857273102
25 0 0.05531859025359154
25 80 0.11261995881795883
25 160 0.05108574777841568
25 240 0.04881371557712555
25 320 0.06749517470598221
25 400 0.05325235798954964
26 0 0.07508209347724915
26 80 0.06663204729557037
26 160 0.046429332345724106
26 240 0.07395508885383606
26 320 0.0607316792011261
26 400 0.08799687772989273
27 0 0.046013396233320236
27 80 0.0681709572672844
27 160 0.06835013628005981
27 240 0.03727080300450325
27 320 0.041838351637125015
27 400 0.06082751601934433
28 0 0.038861218839883804
28 80 0.0773119255900383
28 160 0.04002208635210991
28 240 0.05668697506189346
28 320 0.0709616169333458
28 400 0.03933360427618027
29 0 0.022726457566022873
29 80 0.06477277725934982
29 160 0.07017771154642105
29 240 0.03282816708087921
29 320 0.06410160660743713
29 400 0.06328660249710083
30 0 0.01409848965704441
30 80 0.04947299137711525
30 160 0.028094492852687836
30 240 0.05921454727649689
30 320 0.08442556113004684
30 400 0.053060851991176605
31 0 0.05769229680299759
31 80 0.03280962258577347
31 160 0.043343912810087204
31 240 0.04224206134676933
31 320 0.07258077710866928
31 400 0.04558251053094864
32 0 0.025110064074397087
32 80 0.031057512387633324
32 160 0.032690029591321945
32 240 0.02679126150906086
32 320 0.039004307240247726
32 400 0.022488323971629143
33 0 0.037658143788576126
33 80 0.041763756424188614
33 160 0.09002320468425751
33 240 0.03114016354084015
33 320 0.06870879977941513
33 400 0.10006488859653473
34 0 0.05044328048825264
34 80 0.03899974003434181
34 160 0.02092924155294895
34 240 0.02140970155596733
34 320 0.04862983897328377
34 400 0.059373434633016586
35 0 0.08950211852788925
35 80 0.046601127833127975
35 160 0.03788810968399048
35 240 0.035135142505168915
35 320 0.04862821474671364
35 400 0.04100434482097626
36 0 0.024220222607254982
36 80 0.05089922994375229
36 160 0.05070076137781143
36 240 0.044504132121801376
36 320 0.03917621821165085
36 400 0.06659150123596191
37 0 0.03632600978016853
37 80 0.020188499242067337
37 160 0.026559870690107346
37 240 0.035479895770549774
37 320 0.053075943142175674
37 400 0.024060355499386787
38 0 0.02815754897892475
38 80 0.0344676710665226
38 160 0.06597106158733368
38 240 0.06162614747881889
38 320 0.02451791986823082
38 400 0.01281569804996252
39 0 0.034723538905382156
39 80 0.048888858407735825
39 160 0.020850101485848427
39 240 0.025453124195337296
39 320 0.03504250571131706
39 400 0.03250105679035187
40 0 0.04386673867702484
40 80 0.047617554664611816
40 160 0.032260697335004807
40 240 0.04471365734934807
40 320 0.048210080713033676
40 400 0.04434940963983536
41 0 0.02677050605416298
41 80 0.060531679540872574
41 160 0.04572819918394089
41 240 0.058258701115846634
41 320 0.03678927570581436
41 400 0.021684227511286736
42 0 0.02886955998837948
42 80 0.032024651765823364
42 160 0.03353482857346535
42 240 0.03226311132311821
42 320 0.07362161576747894
42 400 0.024794001132249832
43 0 0.022590504959225655
43 80 0.06328744441270828
43 160 0.023384952917695045
43 240 0.011968590319156647
43 320 0.07286764681339264
43 400 0.07006945461034775
44 0 0.029943687841296196
44 80 0.03962533921003342
44 160 0.02722880430519581
44 240 0.044602639973163605
44 320 0.04141918569803238
44 400 0.034739382565021515
45 0 0.03838358819484711
45 80 0.034507330507040024
45 160 0.017944468185305595
45 240 0.03533439338207245
45 320 0.030737940222024918
45 400 0.0230112187564373
46 0 0.023062627762556076
46 80 0.03348171338438988
46 160 0.015572980977594852
46 240 0.028017399832606316
46 320 0.02777932770550251
46 400 0.060589760541915894
47 0 0.03296227380633354
47 80 0.03699914738535881
47 160 0.04169885069131851
47 240 0.021258171647787094
47 320 0.04296223819255829
47 400 0.011236735619604588
48 0 0.027332553640007973
48 80 0.019877836108207703
48 160 0.014796406961977482
48 240 0.030443258583545685
48 320 0.032084546983242035
48 400 0.01317379716783762
49 0 0.014112322591245174
49 80 0.023262113332748413
49 160 0.056795720010995865
49 240 0.05036455765366554
49 320 0.04660697653889656
49 400 0.01905278116464615
50 0 0.03598660230636597
50 80 0.023504076525568962
50 160 0.023827649652957916
50 240 0.018395202234387398
50 320 0.05435921996831894
50 400 0.021589580923318863
51 0 0.027518287301063538
51 80 0.06457506120204926
51 160 0.02378876321017742
51 240 0.018067242577672005
51 320 0.03731440380215645
51 400 0.048247236758470535
52 0 0.013615826144814491
52 80 0.05462700501084328
52 160 0.007300015538930893
52 240 0.01593722216784954
52 320 0.08078227937221527
52 400 0.015440896153450012
53 0 0.020737338811159134
53 80 0.012033221311867237
53 160 0.08529185503721237
53 240 0.05293116718530655
53 320 0.014852235093712807
53 400 0.02003565803170204
54 0 0.025113709270954132
54 80 0.018742268905043602
54 160 0.0360475592315197
54 240 0.022281087934970856
54 320 0.016772422939538956
54 400 0.022615868598222733
55 0 0.025835953652858734
55 80 0.024927396327257156
55 160 0.023853393271565437
55 240 0.043966274708509445
55 320 0.020143894478678703
55 400 0.028416497632861137
56 0 0.0605890192091465
56 80 0.025514991953969002
56 160 0.016937505453824997
56 240 0.014184798114001751
56 320 0.02940603718161583
56 400 0.034787412732839584
57 0 0.013851138763129711
57 80 0.012635128572583199
57 160 0.01738743484020233
57 240 0.03132578730583191
57 320 0.02253292314708233
57 400 0.039946697652339935
58 0 0.03534388542175293
58 80 0.026615286245942116
58 160 0.01391652598977089
58 240 0.016895713284611702
58 320 0.03166067227721214
58 400 0.017279254272580147
59 0 0.02342180907726288
59 80 0.017732180655002594
59 160 0.016335077583789825
59 240 0.027966326102614403
59 320 0.01778695546090603
59 400 0.039541907608509064
60 0 0.01740732602775097
60 80 0.009454550221562386
60 160 0.015460379421710968
60 240 0.04589361697435379
60 320 0.010605684481561184
60 400 0.014283157885074615
61 0 0.02104032225906849
61 80 0.039901625365018845
61 160 0.0604894757270813
61 240 0.009616452269256115
61 320 0.021107859909534454
61 400 0.015989115461707115
62 0 0.029539497569203377
62 80 0.013417216017842293
62 160 0.018263226374983788
62 240 0.009630097076296806
62 320 0.02251359634101391
62 400 0.020559119060635567
63 0 0.008148249238729477
63 80 0.01512543112039566
63 160 0.021848751232028008
63 240 0.049850210547447205
63 320 0.01350377220660448
63 400 0.017950916662812233
64 0 0.018057096749544144
64 80 0.04185261204838753
64 160 0.015354176983237267
64 240 0.019684338942170143
64 320 0.017060143873095512
64 400 0.00901615247130394
65 0 0.01865958422422409
65 80 0.011711074970662594
65 160 0.025975778698921204
65 240 0.039558980613946915
65 320 0.007422962225973606
65 400 0.011007491499185562
66 0 0.011896952986717224
66 80 0.012531423009932041
66 160 0.016850590705871582
66 240 0.020326290279626846
66 320 0.01971171796321869
66 400 0.019375121220946312
67 0 0.015845708549022675
67 80 0.01382670272141695
67 160 0.03362271562218666
67 240 0.011663892306387424
67 320 0.02721071057021618
67 400 0.013363156467676163
68 0 0.007611148525029421
68 80 0.014296225272119045
68 160 0.010843703523278236
68 240 0.021658943966031075
68 320 0.022590067237615585
68 400 0.008060633204877377
69 0 0.02521694451570511
69 80 0.016663264483213425
69 160 0.030856065452098846
69 240 0.013389854691922665
69 320 0.0070135826244950294
69 400 0.028737185522913933
70 0 0.02610022947192192
70 80 0.019815733656287193
70 160 0.011517549864947796
70 240 0.01932097040116787
70 320 0.012722468003630638
70 400 0.013870185241103172
71 0 0.02028508111834526
71 80 0.017243918031454086
71 160 0.01849224604666233
71 240 0.03504385054111481
71 320 0.016583828255534172
71 400 0.023132899776101112
72 0 0.03111753612756729
72 80 0.014716625213623047
72 160 0.0861688032746315
72 240 0.009836205281317234
72 320 0.021722588688135147
72 400 0.01196889765560627
73 0 0.023728538304567337
73 80 0.012621939182281494
73 160 0.01662766933441162
73 240 0.011407651007175446
73 320 0.01969965547323227
73 400 0.020787639543414116
74 0 0.013447398319840431
74 80 0.019744426012039185
74 160 0.024601824581623077
74 240 0.018034571781754494
74 320 0.013274003751575947
74 400 0.01614025980234146
75 0 0.018061457201838493
75 80 0.01098724640905857
75 160 0.01252075657248497
75 240 0.05475505068898201
75 320 0.016680721193552017
75 400 0.014193432405591011
76 0 0.00965836551040411
76 80 0.015263130888342857
76 160 0.01253157202154398
76 240 0.00984544400125742
76 320 0.008716251701116562
76 400 0.027091799303889275
77 0 0.018607256934046745
77 80 0.006759779993444681
77 160 0.012578531168401241
77 240 0.023882485926151276
77 320 0.01143645215779543
77 400 0.01936494931578636
78 0 0.010168571956455708
78 80 0.023362217471003532
78 160 0.02123650163412094
78 240 0.013901646248996258
78 320 0.015238923020660877
78 400 0.019701551645994186
79 0 0.013285999186336994
79 80 0.010427211411297321
79 160 0.010701139457523823
79 240 0.01154382061213255
79 320 0.013940698467195034
79 400 0.018106553703546524
80 0 0.06263111531734467
80 80 0.01024543959647417
80 160 0.012772797606885433
80 240 0.009431972168385983
80 320 0.007315260823816061
80 400 0.012192207388579845
81 0 0.01477902103215456
81 80 0.00642589433118701
81 160 0.012059270404279232
81 240 0.02543206326663494
81 320 0.015895823016762733
81 400 0.015057412907481194
82 0 0.019808035343885422
82 80 0.013031375594437122
82 160 0.012355418875813484
82 240 0.010599983856081963
82 320 0.02341575361788273
82 400 0.014085127972066402
83 0 0.009552826173603535
83 80 0.009084290824830532
83 160 0.012288635596632957
83 240 0.011690584942698479
83 320 0.025392716750502586
83 400 0.009003396145999432
84 0 0.019101276993751526
84 80 0.018288109451532364
84 160 0.01449726615101099
84 240 0.007925812155008316
84 320 0.022284463047981262
84 400 0.008263375610113144
85 0 0.008359197527170181
85 80 0.010284660384058952
85 160 0.009509434923529625
85 240 0.01768742874264717
85 320 0.006081278435885906
85 400 0.016455113887786865
86 0 0.08111344277858734
86 80 0.008054682984948158
86 160 0.01942194625735283
86 240 0.011257369071245193
86 320 0.006151227280497551
86 400 0.01800178550183773
87 0 0.01031965296715498
87 80 0.01160811074078083
87 160 0.011851156130433083
87 240 0.012615744955837727
87 320 0.016136327758431435
87 400 0.015266958624124527
88 0 0.015272573567926884
88 80 0.01457588654011488
88 160 0.007737188600003719
88 240 0.008649758994579315
88 320 0.015991006046533585
88 400 0.019713139161467552
89 0 0.011047651059925556
89 80 0.02761514112353325
89 160 0.01282098051160574
89 240 0.012859784997999668
89 320 0.010469009168446064
89 400 0.023257672786712646
90 0 0.013808690942823887
90 80 0.008292091079056263
90 160 0.009150031954050064
90 240 0.004115920979529619
90 320 0.019986288622021675
90 400 0.010406557470560074
91 0 0.012002886272966862
91 80 0.008572488091886044
91 160 0.01297059003263712
91 240 0.01690172404050827
91 320 0.00822814553976059
91 400 0.019900711253285408
92 0 0.013168415986001492
92 80 0.014575901441276073
92 160 0.012034418061375618
92 240 0.011016473174095154
92 320 0.02499908208847046
92 400 0.007381621748209
93 0 0.007316462229937315
93 80 0.00980006717145443
93 160 0.02013532444834709
93 240 0.00317173870280385
93 320 0.011991678737103939
93 400 0.010436244308948517
94 0 0.012746044434607029
94 80 0.011954224668443203
94 160 0.012996794655919075
94 240 0.016116337850689888
94 320 0.020028207451105118
94 400 0.013867996633052826
95 0 0.006775988731533289
95 80 0.011214358732104301
95 160 0.02110520750284195
95 240 0.011698754504323006
95 320 0.01898704096674919
95 400 0.01036175899207592
96 0 0.008636536076664925
96 80 0.01370710413902998
96 160 0.011778892017900944
96 240 0.020329836755990982
96 320 0.013991029001772404
96 400 0.012405097484588623
97 0 0.014242086559534073
97 80 0.018552348017692566
97 160 0.014552991837263107
97 240 0.017353607341647148
97 320 0.01051316037774086
97 400 0.005618158262223005
98 0 0.012624097056686878
98 80 0.00849174801260233
98 160 0.010107074864208698
98 240 0.018340259790420532
98 320 0.012719185091555119
98 400 0.018156444653868675
99 0 0.008703900501132011
99 80 0.008734813891351223
99 160 0.014432920143008232
99 240 0.013887276872992516
99 320 0.006114931311458349
99 400 0.03006061725318432
100 0 0.010670216754078865
100 80 0.008917341008782387
100 160 0.01103209424763918
100 240 0.014800148084759712
100 320 0.007697320077568293
100 400 0.008300099521875381
101 0 0.0089896684512496
101 80 0.010396590456366539
101 160 0.02535821869969368
101 240 0.007271484471857548
101 320 0.015218688175082207
101 400 0.035756245255470276
102 0 0.010891618207097054
102 80 0.016362536698579788
102 160 0.008911417797207832
102 240 0.014249075204133987
102 320 0.008158170618116856
102 400 0.010562355630099773
103 0 0.02729964815080166
103 80 0.0076247588731348515
103 160 0.011593194678425789
103 240 0.010294681414961815
103 320 0.0038879180792719126
103 400 0.00896858423948288
104 0 0.007644559722393751
104 80 0.010302895680069923
104 160 0.009793343022465706
104 240 0.009550495073199272
104 320 0.009317957796156406
104 400 0.012678271159529686
105 0 0.009423976764082909
105 80 0.007501486223191023
105 160 0.013531571254134178
105 240 0.006371804978698492
105 320 0.006748164538294077
105 400 0.013483474962413311
106 0 0.00667071295902133
106 80 0.007654858287423849
106 160 0.0023224882315844297
106 240 0.011425072327256203
106 320 0.0185229554772377
106 400 0.00828244537115097
107 0 0.00796084851026535
107 80 0.008055152371525764
107 160 0.012769833207130432
107 240 0.008334821090102196
107 320 0.008000570349395275
107 400 0.011768747121095657
108 0 0.005237557925283909
108 80 0.007240945938974619
108 160 0.008316314779222012
108 240 0.01296121347695589
108 320 0.016330018639564514
108 400 0.005058067850768566
109 0 0.007394443266093731
109 80 0.010796685703098774
109 160 0.0034151202999055386
109 240 0.011931801214814186
109 320 0.030966078862547874
109 400 0.006097203120589256
110 0 0.013553664088249207
110 80 0.008203408680856228
110 160 0.007735579274594784
110 240 0.009611583314836025
110 320 0.006137692369520664
110 400 0.011972860433161259
111 0 0.005677973385900259
111 80 0.010491917841136456
111 160 0.015544742345809937
111 240 0.006985276471823454
111 320 0.01071733608841896
111 400 0.00722927413880825
112 0 0.0066743032075464725
112 80 0.005049401894211769
112 160 0.008492878638207912
112 240 0.005694189574569464
112 320 0.009798640385270119
112 400 0.010352485813200474
113 0 0.009262047708034515
113 80 0.005877707153558731
113 160 0.007029114291071892
113 240 0.01183879654854536
113 320 0.009107298217713833
113 400 0.00967160053551197
114 0 0.00762947928160429
114 80 0.022548602893948555
114 160 0.005563682410866022
114 240 0.011924894526600838
114 320 0.011558454483747482
114 400 0.009395882487297058
115 0 0.009177622385323048
115 80 0.006195914000272751
115 160 0.004684389568865299
115 240 0.01240136381238699
115 320 0.00935948546975851
115 400 0.018747350201010704
116 0 0.004230875987559557
116 80 0.0042145512998104095
116 160 0.017310483381152153
116 240 0.009546997025609016
116 320 0.010819114744663239
116 400 0.014809041284024715
117 0 0.006747493986040354
117 80 0.01009417325258255
117 160 0.007954594679176807
117 240 0.008902591653168201
117 320 0.003720636246725917
117 400 0.008235275745391846
118 0 0.007544198539108038
118 80 0.006181308533996344
118 160 0.008201142773032188
118 240 0.012325122021138668
118 320 0.0035391529090702534
118 400 0.009136509150266647
119 0 0.00913536362349987
119 80 0.011942388489842415
119 160 0.005183354951441288
119 240 0.004528763238340616
119 320 0.007963123731315136
119 400 0.005539442412555218
120 0 0.01991978846490383
120 80 0.00916463416069746
120 160 0.006779563147574663
120 240 0.006656502839177847
120 320 0.0069556087255477905
120 400 0.009875820018351078
121 0 0.016737638041377068
121 80 0.015247904695570469
121 160 0.0034903078339993954
121 240 0.0060236589051783085
121 320 0.0034939153119921684
121 400 0.00415503466501832
122 0 0.006933859549462795
122 80 0.007703481242060661
122 160 0.007614280562847853
122 240 0.01265540812164545
122 320 0.008473513647913933
122 400 0.011392085812985897
123 0 0.0045992536470294
123 80 0.009134409949183464
123 160 0.008140635676681995
123 240 0.008359110914170742
123 320 0.006749336142092943
123 400 0.007296872790902853
124 0 0.007073430810123682
124 80 0.009883329272270203
124 160 0.01125650480389595
124 240 0.006615153048187494
124 320 0.006793336011469364
124 400 0.009014359675347805
125 0 0.007054843939840794
125 80 0.006433587055653334
125 160 0.009582136757671833
125 240 0.008779101073741913
125 320 0.008968854323029518
125 400 0.007342406082898378
126 0 0.010067052207887173
126 80 0.004362016450613737
126 160 0.00852684024721384
126 240 0.0048484704457223415
126 320 0.007365636061877012
126 400 0.005079551599919796
127 0 0.002284969901666045
127 80 0.004717365372925997
127 160 0.005869267508387566
127 240 0.0047341627068817616
127 320 0.010272523388266563
127 400 0.006602317560464144
128 0 0.01173054613173008
128 80 0.008087823167443275
128 160 0.004198243375867605
128 240 0.010442513972520828
128 320 0.006344467401504517
128 400 0.00997986365109682
129 0 0.00574894156306982
129 80 0.005473309196531773
129 160 0.005686643999069929
129 240 0.005576993338763714
129 320 0.003156932769343257
129 400 0.0030910088680684566
130 0 0.003651460399851203
130 80 0.007607538718730211
130 160 0.007962029427289963
130 240 0.00500179547816515
130 320 0.007778314873576164
130 400 0.008038857020437717
131 0 0.008637548424303532
131 80 0.006526385433971882
131 160 0.00947555247694254
131 240 0.008191282860934734
131 320 0.004144156817346811
131 400 0.0032810678239911795
132 0 0.005161359440535307
132 80 0.006296672858297825
132 160 0.01190758403390646
132 240 0.013660290278494358
132 320 0.005088765639811754
132 400 0.008275202475488186
133 0 0.00942081119865179
133 80 0.006782851181924343
133 160 0.009559809230268002
133 240 0.0051382253877818584
133 320 0.009475505910813808
133 400 0.005723706912249327
134 0 0.004442304372787476
134 80 0.005131451413035393
134 160 0.005461983848363161
134 240 0.006286017131060362
134 320 0.004322329070419073
134 400 0.009777364321053028
135 0 0.008517540991306305
135 80 0.00657316530123353
135 160 0.005734649952501059
135 240 0.0059507773257792
135 320 0.006120509468019009
135 400 0.0029557563830167055
136 0 0.009408812038600445
136 80 0.007051562424749136
136 160 0.004015916958451271
136 240 0.005292714573442936
136 320 0.0114549919962883
136 400 0.0036702915094792843
137 0 0.0059426696971058846
137 80 0.0033869219478219748
137 160 0.003521283622831106
137 240 0.011849983595311642
137 320 0.0064304727129638195
137 400 0.0029911259189248085
138 0 0.018705403432250023
138 80 0.008463769219815731
138 160 0.004266768228262663
138 240 0.004364924039691687
138 320 0.006005268543958664
138 400 0.0056914701126515865
139 0 0.011002113111317158
139 80 0.008883576840162277
139 160 0.011653626337647438
139 240 0.012521584518253803
139 320 0.014460806734859943
139 400 0.005820027552545071
140 0 0.004478416405618191
140 80 0.0046599251218140125
140 160 0.008817559108138084
140 240 0.004929199814796448
140 320 0.005756408907473087
140 400 0.0036631966941058636
141 0 0.00681076617911458
141 80 0.011065894737839699
141 160 0.006138342898339033
141 240 0.002315998775884509
141 320 0.005786237306892872
141 400 0.011061128228902817
142 0 0.0030786069110035896
142 80 0.004261326510459185
142 160 0.004056118428707123
142 240 0.0015248204581439495
142 320 0.005645255092531443
142 400 0.009927700273692608
143 0 0.007150222547352314
143 80 0.006487520411610603
143 160 0.007099420763552189
143 240 0.0043874504044651985
143 320 0.005539126228541136
143 400 0.005876791663467884
144 0 0.008092327043414116
144 80 0.006790408864617348
144 160 0.005147499032318592
144 240 0.010401015169918537
144 320 0.008594012819230556
144 400 0.009541241452097893
145 0 0.0053543285466730595
145 80 0.004835607949644327
145 160 0.016183964908123016
145 240 0.005247645080089569
145 320 0.005709960591048002
145 400 0.0058235605247318745
146 0 0.004325478337705135
146 80 0.003231432056054473
146 160 0.008296440355479717
146 240 0.007188404444605112
146 320 0.00844457559287548
146 400 0.0015487275086343288
147 0 0.010599147528409958
147 80 0.00484317634254694
147 160 0.002598381834104657
147 240 0.005466798320412636
147 320 0.004694673232734203
147 400 0.004539932124316692
148 0 0.006930905394256115
148 80 0.008282958529889584
148 160 0.005402466282248497
148 240 0.00412539578974247
148 320 0.006792616564780474
148 400 0.006057404913008213
149 0 0.010211888700723648
149 80 0.0037474120035767555
149 160 0.0053124274127185345
149 240 0.010581470094621181
149 320 0.004208110738545656
149 400 0.0019242919515818357
150 0 0.00603598402813077
150 80 0.00430024741217494
150 160 0.007162692490965128
150 240 0.007989986799657345
150 320 0.008538502268493176
150 400 0.01160566695034504
151 0 0.003234414616599679
151 80 0.003821199294179678
151 160 0.0066758496686816216
151 240 0.005159033462405205
151 320 0.008062370121479034
151 400 0.006258198991417885
152 0 0.004924247041344643
152 80 0.006583311595022678
152 160 0.003050207393243909
152 240 0.008557838387787342
152 320 0.003455237252637744
152 400 0.007470221258699894
153 0 0.007171991281211376
153 80 0.0027202190831303596
153 160 0.004384678788483143
153 240 0.006725247483700514
153 320 0.0036502990406006575
153 400 0.00449634762480855
154 0 0.004436048213392496
154 80 0.008451700210571289
154 160 0.005562556441873312
154 240 0.006097450386732817
154 320 0.011156579479575157
154 400 0.007529078982770443
155 0 0.004084993153810501
155 80 0.006833337713032961
155 160 0.004237302113324404
155 240 0.0038522242102771997
155 320 0.0015364594291895628
155 400 0.006812253501266241
156 0 0.003652426414191723
156 80 0.006613952107727528
156 160 0.003331016981974244
156 240 0.005240350496023893
156 320 0.0037003280594944954
156 400 0.0070050363428890705
157 0 0.0050183809362351894
157 80 0.007243217900395393
157 160 0.0037706466391682625
157 240 0.0071044741198420525
157 320 0.002802171278744936
157 400 0.0035986131988465786
158 0 0.004229945130646229
158 80 0.00857296958565712
158 160 0.006660528015345335
158 240 0.0010650284821167588
158 320 0.006203512195497751
158 400 0.004351124633103609
159 0 0.0050885952077806
159 80 0.006159492302685976
159 160 0.003257433418184519
159 240 0.0035472922027111053
159 320 0.005572925321757793
159 400 0.005417149513959885
160 0 0.003982542082667351
160 80 0.004822248127311468
160 160 0.004134662449359894
160 240 0.00346022448502481
160 320 0.0034140944480895996
160 400 0.007415093947201967
161 0 0.0032435099128633738
161 80 0.0055500902235507965
161 160 0.001003722194582224
161 240 0.0028663177508860826
161 320 0.004689545836299658
161 400 0.004932107869535685
162 0 0.005919803865253925
162 80 0.004640292841941118
162 160 0.00674004340544343
162 240 0.00634048180654645
162 320 0.0037867040373384953
162 400 0.0034183631651103497
163 0 0.002802723553031683
163 80 0.005394315347075462
163 160 0.0037165347021073103
163 240 0.003998517990112305
163 320 0.002161190379410982
163 400 0.0024831814225763083
164 0 0.006315057165920734
164 80 0.0019530162680894136
164 160 0.005106932483613491
164 240 0.002588312141597271
164 320 0.006364113185554743
164 400 0.0036495085805654526
165 0 0.005704364739358425
165 80 0.004842238966375589
165 160 0.006271743681281805
165 240 0.004056889098137617
165 320 0.0046513499692082405
165 400 0.005360924638807774
166 0 0.004115859512239695
166 80 0.004765971098095179
166 160 0.008759859949350357
166 240 0.00870825070887804
166 320 0.006996278651058674
166 400 0.003433116478845477
167 0 0.00737945968285203
167 80 0.005375770386308432
167 160 0.00909323338419199
167 240 0.0034005732741206884
167 320 0.0024878429248929024
167 400 0.0022250800393521786
168 0 0.00788152776658535
168 80 0.008269261568784714
168 160 0.0036440598778426647
168 240 0.0019724706653505564
168 320 0.004720471333712339
168 400 0.0038064694963395596
169 0 0.00279225199483335
169 80 0.0035939794033765793
169 160 0.008389519527554512
169 240 0.0023808556143194437
169 320 0.003419908694922924
169 400 0.004055369179695845
170 0 0.006345647387206554
170 80 0.004216957371681929
170 160 0.006060089450329542
170 240 0.0038044953253120184
170 320 0.005352617707103491
170 400 0.003771802643314004
171 0 0.004813486710190773
171 80 0.008249161764979362
171 160 0.005407257005572319
171 240 0.0034953379072248936
171 320 0.0040435646660625935
171 400 0.004136074800044298
172 0 0.005395675078034401
172 80 0.003786113578826189
172 160 0.005203945096582174
172 240 0.005016788840293884
172 320 0.006189434789121151
172 400 0.006199025548994541
173 0 0.0030958405695855618
173 80 0.0017965984297916293
173 160 0.003894853638485074
173 240 0.004919631872326136
173 320 0.0040540629997849464
173 400 0.0031277528032660484
174 0 0.004565328825265169
174 80 0.004267584066838026
174 160 0.004949499387294054
174 240 0.006304970942437649
174 320 0.005048148334026337
174 400 0.004022857639938593
175 0 0.0020853669848293066
175 80 0.005769924260675907
175 160 0.0021703047677874565
175 240 0.006048249546438456
175 320 0.005952565930783749
175 400 0.005843400955200195
176 0 0.002674015471711755
176 80 0.004975530784577131
176 160 0.0030499943532049656
176 240 0.0046846019104123116
176 320 0.005467474460601807
176 400 0.00545266130939126
177 0 0.004434183705598116
177 80 0.0034069193061441183
177 160 0.00580674409866333
177 240 0.0030652680434286594
177 320 0.002417933428660035
177 400 0.0036964144092053175
178 0 0.014285899698734283
178 80 0.0034385190811008215
178 160 0.003525572596117854
178 240 0.005234676878899336
178 320 0.002922606421634555
178 400 0.003888421691954136
179 0 0.0042549073696136475
179 80 0.004786305595189333
179 160 0.005277944728732109
179 240 0.004820981062948704
179 320 0.004996156319975853
179 400 0.002727786311879754
180 0 0.0022063839714974165
180 80 0.003721505170688033
180 160 0.00251330086030066
180 240 0.004578810650855303
180 320 0.003207400208339095
180 400 0.0021514492109417915
181 0 0.00400238111615181
181 80 0.005587424151599407
181 160 0.004201546777039766
181 240 0.0032934609334915876
181 320 0.0040267156437039375
181 400 0.007897940464317799
182 0 0.0027204935904592276
182 80 0.002784131094813347
182 160 0.003476870246231556
182 240 0.0023983102291822433
182 320 0.0036404172424227
182 400 0.006372762843966484
183 0 0.0027328617870807648
183 80 0.0026779253967106342
183 160 0.0044987741857767105
183 240 0.005760090425610542
183 320 0.00378043157979846
183 400 0.003761295462027192
184 0 0.005740606691688299
184 80 0.0050537195056676865
184 160 0.004016917198896408
184 240 0.0025883575435727835
184 320 0.004252601880580187
184 400 0.0028193534817546606
185 0 0.002415468217805028
185 80 0.007435369770973921
185 160 0.005238882265985012
185 240 0.0029714389238506556
185 320 0.0036572713870555162
185 400 0.004121280275285244
186 0 0.002875340636819601
186 80 0.005294925533235073
186 160 0.003998310770839453
186 240 0.004919860977679491
186 320 0.005536838434636593
186 400 0.0013949814019724727
187 0 0.004254595842212439
187 80 0.0037721027620136738
187 160 0.002379028359428048
187 240 0.0016314093954861164
187 320 0.001774167874827981
187 400 0.00334589509293437
188 0 0.0033637522719800472
188 80 0.003944722935557365
188 160 0.004410020541399717
188 240 0.005635169800370932
188 320 0.0038766544312238693
188 400 0.0023835839238017797
189 0 0.002889399416744709
189 80 0.004337137099355459
189 160 0.004158748313784599
189 240 0.003349325153976679
189 320 0.004065412096679211
189 400 0.006212451495230198
190 0 0.005323960445821285
190 80 0.005591101478785276
190 160 0.0022073707077652216
190 240 0.002963748062029481
190 320 0.004354516975581646
190 400 0.0031237222719937563
191 0 0.0036824902053922415
191 80 0.002310442039743066
191 160 0.0014979714760556817
191 240 0.004677662625908852
191 320 0.004579765256494284
191 400 0.0019903595093637705
192 0 0.0022466448135674
192 80 0.0029231873340904713
192 160 0.0027486723847687244
192 240 0.00418864144012332
192 320 0.002134951064363122
192 400 0.00408044271171093
193 0 0.004614924546331167
193 80 0.001673628226853907
193 160 0.0025089445989578962
193 240 0.002975229872390628
193 320 0.004933500662446022
193 400 0.0032306616194546223
194 0 0.004413718823343515
194 80 0.0021043617743998766
194 160 0.0026661334559321404
194 240 0.0011447930010035634
194 320 0.004976349417120218
194 400 0.003522555809468031
195 0 0.004308227449655533
195 80 0.002364879474043846
195 160 0.002831625984981656
195 240 0.005196327809244394
195 320 0.003086315467953682
195 400 0.005433558952063322
196 0 0.0015588399255648255
196 80 0.004421777557581663
196 160 0.0012292827013880014
196 240 0.002849745098501444
196 320 0.0036885389126837254
196 400 0.004334178287535906
197 0 0.003807132365182042
197 80 0.0032584487926214933
197 160 0.002424973761662841
197 240 0.0036044958978891373
197 320 0.002703414298593998
197 400 0.006271633319556713
198 0 0.006417426280677319
198 80 0.006038885097950697
198 160 0.004071683157235384
198 240 0.0049171061255037785
198 320 0.0022785947658121586
198 400 0.0031907258089631796
199 0 0.00610716175287962
199 80 0.008197810500860214
199 160 0.0037812888622283936
199 240 0.0055734761990606785
199 320 0.005763314198702574
199 400 0.002926244167611003
200 0 0.0030765037517994642
200 80 0.003247050568461418
200 160 0.005122854840010405
200 240 0.005105691961944103
200 320 0.002247233409434557
200 400 0.007019323296844959
201 0 0.004099596291780472
201 80 0.0029593815561383963
201 160 0.0026433079037815332
201 240 0.004352627322077751
201 320 0.0056209443137049675
201 400 0.0031859581358730793
202 0 0.00161080458201468
202 80 0.0019822048489004374
202 160 0.003632569219917059
202 240 0.0045030792243778706
202 320 0.004644493572413921
202 400 0.0050329542718827724
203 0 0.0026057425420731306
203 80 0.003959552850574255
203 160 0.0027859434485435486
203 240 0.0028080670163035393
203 320 0.002972701098769903
203 400 0.0023383446969091892
204 0 0.00324269849807024
204 80 0.003197353333234787
204 160 0.0035604280419647694
204 240 0.0023602661676704884
204 320 0.0020083216950297356
204 400 0.0031863378826528788
205 0 0.0018717251950874925
205 80 0.003944723401218653
205 160 0.005174274556338787
205 240 0.0036313869059085846
205 320 0.0027170178946107626
205 400 0.0023897946812212467
206 0 0.0022208066657185555
206 80 0.0033104089088737965
206 160 0.004954495932906866
206 240 0.004886997863650322
206 320 0.0016736940015107393
206 400 0.003273312933743
207 0 0.004584134090691805
207 80 0.00347967934794724
207 160 0.0024825269356369972
207 240 0.0032607009634375572
207 320 0.0028562804218381643
207 400 0.004853192251175642
208 0 0.003135697217658162
208 80 0.0045628114603459835
208 160 0.001657078042626381
208 240 0.0021001168061047792
208 320 0.0019924920052289963
208 400 0.005348567850887775
209 0 0.003957722801715136
209 80 0.001786670065484941
209 160 0.0027876407839357853
209 240 0.0016879953909665346
209 320 0.0024597377050668
209 400 0.004806659650057554
210 0 0.00391286751255393
210 80 0.0032932355534285307
210 160 0.0029425446409732103
210 240 0.008408011868596077
210 320 0.0038832409773021936
210 400 0.0032136389054358006
211 0 0.0032133592758327723
211 80 0.004301431123167276
211 160 0.003412992227822542
211 240 0.003450677264481783
211 320 0.004297070205211639
211 400 0.002554924227297306
212 0 0.0057193743996322155
212 80 0.0033557431306689978
212 160 0.0015300641534850001
212 240 0.002104599494487047
212 320 0.0027279017958790064
212 400 0.003084804629907012
213 0 0.0015155180590227246
213 80 0.001925522112287581
213 160 0.0019838244188576937
213 240 0.0038966434076428413
213 320 0.0036661047488451004
213 400 0.0020438143983483315
214 0 0.0031957055907696486
214 80 0.0031803459860384464
214 160 0.0046347351744771
214 240 0.0021015533711761236
214 320 0.004450873006135225
214 400 0.001975312130525708
215 0 0.004568975418806076
215 80 0.004078440368175507
215 160 0.002735076006501913
215 240 0.004842402413487434
215 320 0.003118403721600771
215 400 0.002182740718126297
216 0 0.0031115105375647545
216 80 0.0028933763969689608
216 160 0.0038464057724922895
216 240 0.0021714894101023674
216 320 0.0036589240189641714
216 400 0.004228248726576567
217 0 0.0046782526187598705
217 80 0.003864273661747575
217 160 0.0021228159312158823
217 240 0.0030690454877913
217 320 0.0025661373510956764
217 400 0.0015140954637899995
218 0 0.002906457521021366
218 80 0.00303286244161427
218 160 0.0023285201750695705
218 240 0.0015838096151128411
218 320 0.0027840242255479097
218 400 0.0012900324072688818
219 0 0.002205049619078636
219 80 0.00209794077090919
219 160 0.004331651609390974
219 240 0.0026594020891934633
219 320 0.0033202623017132282
219 400 0.004161292687058449
220 0 0.0028246059082448483
220 80 0.0028289277106523514
220 160 0.0026444930117577314
220 240 0.002511425409466028
220 320 0.002081186743453145
220 400 0.004620491061359644
221 0 0.0022431991528719664
221 80 0.003474357072263956
221 160 0.003266748273745179
221 240 0.004528217948973179
221 320 0.004616960417479277
221 400 0.005181651562452316
222 0 0.003725556656718254
222 80 0.004171906504780054
222 160 0.0028861812315881252
222 240 0.0014881842071190476
222 320 0.0019172647735103965
222 400 0.0030843536369502544
223 0 0.004978548735380173
223 80 0.0025114731397479773
223 160 0.0032497448846697807
223 240 0.0013538829516619444
223 320 0.0030390475876629353
223 400 0.0032643568702042103
224 0 0.0015224952949211001
224 80 0.004615917336195707
224 160 0.0021572464611381292
224 240 0.0043445611372590065
224 320 0.002785719931125641
224 400 0.003264036728069186
225 0 0.0019839098677039146
225 80 0.001406931784003973
225 160 0.00318348640576005
225 240 0.002660537138581276
225 320 0.002224992262199521
225 400 0.005654609762132168
226 0 0.003792029805481434
226 80 0.004542262759059668
226 160 0.003116763196885586
226 240 0.0024371228646486998
226 320 0.0043562548235058784
226 400 0.0023532880004495382
227 0 0.0040807705372571945
227 80 0.0017074120696634054
227 160 0.002234032843261957
227 240 0.0045547448098659515
227 320 0.0036021259147673845
227 400 0.003399179084226489
228 0 0.0018737774807959795
228 80 0.00244531431235373
228 160 0.002460711868479848
228 240 0.002293344121426344
228 320 0.003125793067738414
228 400 0.0028367212507873774
229 0 0.003437264356762171
229 80 0.002456983085721731
229 160 0.0019574661273509264
229 240 0.00240289606153965
229 320 0.0020105992443859577
229 400 0.0015159504255279899
230 0 0.0022367280907928944
230 80 0.004978277254849672
230 160 0.001922394847497344
230 240 0.003094631480053067
230 320 0.004090582486242056
230 400 0.0027242216747254133
231 0 0.0023045549169182777
231 80 0.003349408507347107
231 160 0.0031757212709635496
231 240 0.0024594904389232397
231 320 0.0018457400146871805
231 400 0.002007188042625785
232 0 0.004845162387937307
232 80 0.0016861481126397848
232 160 0.0036590860690921545
232 240 0.005134305916726589
232 320 0.0013829199597239494
232 400 0.002111967420205474
233 0 0.003782673040404916
233 80 0.0032023864332586527
233 160 0.001114036189392209
233 240 0.0023728914093226194
233 320 0.0030015241354703903
233 400 0.0015948684886097908
234 0 0.00431912112981081
234 80 0.002542381174862385
234 160 0.0037999062333256006
234 240 0.0034094450529664755
234 320 0.003983223345130682
234 400 0.007213001139461994
235 0 0.0033404638525098562
235 80 0.0031624326948076487
235 160 0.003047185717150569
235 240 0.002076824428513646
235 320 0.001739667495712638
235 400 0.002576836384832859
236 0 0.002217432949692011
236 80 0.002549941884353757
236 160 0.0013482957147061825
236 240 0.005022306926548481
236 320 0.0038073700852692127
236 400 0.0017287475056946278
237 0 0.003882216988131404
237 80 0.0012501194141805172
237 160 0.0020274342969059944
237 240 0.002055234042927623
237 320 0.002376826945692301
237 400 0.003916146233677864
238 0 0.0033061285503208637
238 80 0.0034382911399006844
238 160 0.0014188672648742795
238 240 0.002158223884180188
238 320 0.002495469292625785
238 400 0.004528081975877285
239 0 0.00537196034565568
239 80 0.002291679847985506
239 160 0.0022708072792738676
239 240 0.00215182569809258
239 320 0.0022516946773976088
239 400 0.0010784950572997332
240 0 0.0016560569638386369
240 80 0.002685531973838806
240 160 0.0017403146484866738
240 240 0.0026892044115811586
240 320 0.003030914580449462
240 400 0.0062330798245966434
241 0 0.003363619092851877
241 80 0.004121076315641403
241 160 0.00167372589930892
241 240 0.002929795766249299
241 320 0.002670693676918745
241 400 0.0025205169804394245
242 0 0.0036461730487644672
242 80 0.0009500928572379053
242 160 0.0019470213446766138
242 240 0.0036010381300002337
242 320 0.002956812269985676
242 400 0.002757149515673518
243 0 0.0033221293706446886
243 80 0.0031167815905064344
243 160 0.0024103913456201553
243 240 0.003504860447719693
243 320 0.0024547153152525425
243 400 0.002179875737056136
244 0 0.006689731031656265
244 80 0.004511674400418997
244 160 0.0035167986061424017
244 240 0.0031462698243558407
244 320 0.0030629446264356375
244 400 0.0029020372312515974
245 0 0.002286645583808422
245 80 0.003061450319364667
245 160 0.004377408418804407
245 240 0.003508748719468713
245 320 0.0014089611358940601
245 400 0.0024244871456176043
246 0 0.005149524658918381
246 80 0.0021588460076600313
246 160 0.003340842667967081
246 240 0.0037934689316898584
246 320 0.0016082588117569685
246 400 0.0017894566990435123
247 0 0.0018003394361585379
247 80 0.003835830604657531
247 160 0.0012031513033434749
247 240 0.0035232563968747854
247 320 0.0019588591530919075
247 400 0.004169336054474115
248 0 0.0033765644766390324
248 80 0.002171492436900735
248 160 0.0013357516145333648
248 240 0.0018630379345268011
248 320 0.0016882570926100016
248 400 0.0024095496628433466
249 0 0.0012827931204810739
249 80 0.0035144095309078693
249 160 0.0016540929209440947
249 240 0.0005311050335876644
249 320 0.0030169389210641384
249 400 0.0020699554588645697
250 0 0.0041526323184370995
250 80 0.002414940856397152
250 160 0.0026737083680927753
250 240 0.0032593701034784317
250 320 0.0012059397995471954
250 400 0.0015458744019269943
251 0 0.0028795781545341015
251 80 0.0035577842500060797
251 160 0.003297851188108325
251 240 0.0028883328195661306
251 320 0.0018038630951195955
251 400 0.0037818308919668198
252 0 0.0018330031307414174
252 80 0.0019155347254127264
252 160 0.0011855510529130697
252 240 0.00297252438031137
252 320 0.004532257094979286
252 400 0.002713321940973401
253 0 0.0030177654698491096
253 80 0.0029733115807175636
253 160 0.0037610249128192663
253 240 0.0023464919067919254
253 320 0.002437353366985917
253 400 0.002540262183174491
254 0 0.0022550595458596945
254 80 0.0024211539421230555
254 160 0.001296696369536221
254 240 0.0024040555581450462
254 320 0.00231452495791018
254 400 0.003390428377315402
255 0 0.0016898997128009796
255 80 0.0021275558974593878
255 160 0.0040299915708601475
255 240 0.0017972764326259494
255 320 0.003176730591803789
255 400 0.0029624546878039837
256 0 0.0022705551236867905
256 80 0.0030553771648555994
256 160 0.00327172945253551
256 240 0.0018454848323017359
256 320 0.0011819617357105017
256 400 0.0027791394386440516
257 0 0.0008361779619008303
257 80 0.001202033250592649
257 160 0.0009877306874841452
257 240 0.002236591652035713
257 320 0.0023051828611642122
257 400 0.0010769573273137212
258 0 0.0028295281808823347
258 80 0.001733945682644844
258 160 0.003188113449141383
258 240 0.001777110854163766
258 320 0.002828311873599887
258 400 0.00353053817525506
259 0 0.003320652060210705
259 80 0.0023820819333195686
259 160 0.002115813549607992
259 240 0.001439401414245367
259 320 0.0022921180352568626
259 400 0.00236654095351696
260 0 0.0023588533513247967
260 80 0.002188855316489935
260 160 0.0021700726356357336
260 240 0.002277504187077284
260 320 0.0029234865214675665
260 400 0.0018654572777450085
261 0 0.0017121336422860622
261 80 0.001016051392070949
261 160 0.0015757977962493896
261 240 0.002296187449246645
261 320 0.003744967747479677
261 400 0.0020324664656072855
262 0 0.0022859852761030197
262 80 0.0011941543780267239
262 160 0.0031476435251533985
262 240 0.0029513617046177387
262 320 0.0029582995921373367
262 400 0.0006868165801279247
263 0 0.0023861457593739033
263 80 0.0025442116893827915
263 160 0.0030423456337302923
263 240 0.001999086933210492
263 320 0.0013533906312659383
263 400 0.0012957429280504584
264 0 0.002346150577068329
264 80 0.0019972501322627068
264 160 0.0021614502184093
264 240 0.0039612166583538055
264 320 0.002078830963000655
264 400 0.0019429735839366913
265 0 0.0017640379955992103
265 80 0.002722756704315543
265 160 0.0018522272584959865
265 240 0.0029878057539463043
265 320 0.002088212873786688
265 400 0.003288056468591094
266 0 0.001959262415766716
266 80 0.0024660066701471806
266 160 0.002532988553866744
266 240 0.0029686111956834793
266 320 0.0029506669379770756
266 400 0.00114066107198596
267 0 0.0011909734457731247
267 80 0.003572015790268779
267 160 0.0014472006587311625
267 240 0.0027853355277329683
267 320 0.0027640685439109802
267 400 0.0016573852626606822
268 0 0.0031118541955947876
268 80 0.0017808728152886033
268 160 0.0018714523175731301
268 240 0.0021413611248135567
268 320 0.0017030598828569055
268 400 0.0011971854837611318
269 0 0.0024608871899545193
269 80 0.002803524024784565
269 160 0.004677369724959135
269 240 0.0031149741262197495
269 320 0.0024310399312525988
269 400 0.004176031798124313
270 0 0.0027736439369618893
270 80 0.002202508505433798
270 160 0.0030285133980214596
270 240 0.0019155422924086452
270 320 0.0015757931396365166
270 400 0.0016021232586354017
271 0 0.0026354528963565826
271 80 0.0019285182934254408
271 160 0.004118617624044418
271 240 0.0021904432214796543
271 320 0.001358467503450811
271 400 0.002999891061335802
272 0 0.0031866924837231636
272 80 0.003143548732623458
272 160 0.002435028087347746
272 240 0.001334429602138698
272 320 0.0014645694755017757
272 400 0.0013775782426819205
273 0 0.0013276692479848862
273 80 0.003895790548995137
273 160 0.0018017470138147473
273 240 0.004184362478554249
273 320 0.0015661632642149925
273 400 0.0018391904886811972
274 0 0.005027159117162228
274 80 0.0033268211409449577
274 160 0.003538593417033553
274 240 0.0026950344908982515
274 320 0.0016741371946409345
274 400 0.002099897712469101
275 0 0.001683579059317708
275 80 0.003990187309682369
275 160 0.001598685747012496
275 240 0.0031070245895534754
275 320 0.0033441802952438593
275 400 0.0018786236178129911
276 0 0.0024481769651174545
276 80 0.0016024118522182107
276 160 0.0017779163317754865
276 240 0.0033986966591328382
276 320 0.002294776728376746
276 400 0.0021887070033699274
277 0 0.0009730480960570276
277 80 0.0008842621464282274
277 160 0.002413274487480521
277 240 0.0018628857797011733
277 320 0.0028310019988566637
277 400 0.0021014136727899313
278 0 0.0032303021289408207
278 80 0.0020059722010046244
278 160 0.0027492812369018793
278 240 0.0037724238354712725
278 320 0.0032131802290678024
278 400 0.0026567878667265177
279 0 0.002100463258102536
279 80 0.003129421966150403
279 160 0.0015650315908715129
279 240 0.0011199112050235271
279 320 0.0006791336927562952
279 400 0.0031256084330379963
280 0 0.0017305538058280945
280 80 0.0031183448154479265
280 160 0.0022390219382941723
280 240 0.0019574789330363274
280 320 0.0018478959100320935
280 400 0.0013656248338520527
281 0 0.002597268670797348
281 80 0.003954456187784672
281 160 0.002163585741072893
281 240 0.0021564075723290443
281 320 0.0016246932791545987
281 400 0.0018796233925968409
282 0 0.0018935243133455515
282 80 0.0016176628414541483
282 160 0.0010166169377043843
282 240 0.0017676054267212749
282 320 0.0010676501551643014
282 400 0.001787654124200344
283 0 0.0015048444038257003
283 80 0.0022275662049651146
283 160 0.0013115190668031573
283 240 0.0017625911859795451
283 320 0.0032603356521576643
283 400 0.0020315491128712893
284 0 0.0030626808293163776
284 80 0.002063623396679759
284 160 0.0033401604741811752
284 240 0.0020067007280886173
284 320 0.0017919435631483793
284 400 0.0016595281194895506
285 0 0.003300614655017853
285 80 0.00404597632586956
285 160 0.002977869939059019
285 240 0.002668691100552678
285 320 0.004112014081329107
285 400 0.0010223551653325558
286 0 0.0013210384640842676
286 80 0.0023147892206907272
286 160 0.0020736553706228733
286 240 0.0013928351690992713
286 320 0.0018674153834581375
286 400 0.002730409149080515
287 0 0.00035725205088965595
287 80 0.0024483581073582172
287 160 0.002090991707518697
287 240 0.0019728916231542826
287 320 0.0028845251072198153
287 400 0.001939203473739326
288 0 0.0009860434802249074
288 80 0.002139526419341564
288 160 0.0014724393840879202
288 240 0.002146708080545068
288 320 0.0024802011903375387
288 400 0.001580350915901363
289 0 0.001342762028798461
289 80 0.0012061594752594829
289 160 0.0037209116853773594
289 240 0.001879253308288753
289 320 0.002997565781697631
289 400 0.003700082190334797
290 0 0.003684448776766658
290 80 0.002485080389305949
290 160 0.0021433180663734674
290 240 0.0027110839728266
290 320 0.000933558854740113
290 400 0.0014604865573346615
291 0 0.0019482859643176198
291 80 0.0030292074661701918
291 160 0.0008964311564341187
291 240 0.001511405105702579
291 320 0.0020154898520559072
291 400 0.0014506613370031118
292 0 0.0014352328144013882
292 80 0.0018152075354009867
292 160 0.002108084037899971
292 240 0.0017409068532288074
292 320 0.004596964921802282
292 400 0.0028200913220643997
293 0 0.002072506118565798
293 80 0.0014882171526551247
293 160 0.0013707398902624846
293 240 0.00181352358777076
293 320 0.0007258247933350503
293 400 0.0005777350743301213
294 0 0.00228523975238204
294 80 0.0026701875030994415
294 160 0.0030026095919311047
294 240 0.0020343633368611336
294 320 0.002089159796014428
294 400 0.0008155528921633959
295 0 0.00174810946919024
295 80 0.0015205582603812218
295 160 0.0030266002286225557
295 240 0.0018687020055949688
295 320 0.0015499710571020842
295 400 0.0035707936622202396
296 0 0.001915273256599903
296 80 0.0022732201032340527
296 160 0.003285085316747427
296 240 0.0023219885770231485
296 320 0.0011530091287568212
296 400 0.003027989063411951
297 0 0.0032927319407463074
297 80 0.00229066563770175
297 160 0.002530638827010989
297 240 0.0032359138131141663
297 320 0.0035894836764782667
297 400 0.0029716352000832558
298 0 0.0017372742295265198
298 80 0.00132805947214365
298 160 0.003400533925741911
298 240 0.002060091122984886
298 320 0.0008469367166981101
298 400 0.001919067115522921
299 0 0.0014586144825443625
299 80 0.004762306343764067
299 160 0.0007818066515028477
299 240 0.0023053977638483047
299 320 0.0018099986482411623
299 400 0.0027029714547097683
300 0 0.0017224715556949377
300 80 0.0026324577629566193
300 160 0.002005157293751836
300 240 0.0029936579521745443
300 320 0.0023080753162503242
300 400 0.0016423671040683985
