1 0.43151199484049385 0.8755
2 0.23827155994009108 0.9326
3 0.1960894153920064 0.94545
4 0.17042007831050388 0.95345
5 0.15199533822948236 0.95885
6 0.1380055747084272 0.9629
7 0.1267204530823078 0.9660333333333333
8 0.11742217757745084 0.9690166666666666
9 0.10956495511792362 0.9706
10 0.10277705461676441 0.97245
11 0.09665988742320268 0.9740666666666666
12 0.09138837304990938 0.9755333333333334
13 0.08676297696970546 0.9772
14 0.08247675721261546 0.97805
15 0.07857450871055187 0.9796
16 0.07504363542299534 0.9804833333333334
17 0.07181633765032805 0.9814
18 0.06894539349051172 0.9822
19 0.0661333091239304 0.9830833333333333
20 0.06355568542401356 0.98415
21 0.06107327464157775 0.9844666666666667
22 0.05890688506850619 0.9851
23 0.05676168705156045 0.9857666666666667
24 0.05480280715519431 0.9863166666666666
25 0.05279534179836448 0.9869333333333333
26 0.051061313784023975 0.9875
27 0.049470172253753074 0.9875666666666667
28 0.0478342131657927 0.9887666666666667
29 0.04641573904141752 0.98905
30 0.04488628383860913 0.9895
31 0.04354049020341592 0.9899833333333333
32 0.04230209301386688 0.9901333333333333
33 0.04101938661187887 0.99075
34 0.03990298014348631 0.9909666666666667
35 0.038768758191101586 0.9913666666666666
36 0.037687948209914696 0.9916833333333334
37 0.03665725819107248 0.9922
38 0.0357248889071855 0.9920166666666667
39 0.03468436253830981 0.9925
40 0.03379924247946852 0.9928833333333333
41 0.032904736325343346 0.9932
42 0.03207405548749257 0.9934333333333333
43 0.031243461669722535 0.9937
44 0.030508279133198868 0.99395
45 0.029731769680675032 0.99425
46 0.028993661650446558 0.9943166666666666
47 0.028283276428371223 0.99465
48 0.027610198281872184 0.99475
49 0.026955299721812324 0.9949666666666667
50 0.026322224326352322 0.9952
51 0.025747715164897347 0.99525
52 0.02509370223501884 0.9956
53 0.024541626576143605 0.9957833333333334
54 0.02396393492659018 0.9959333333333333
55 0.023449194322683727 0.9962833333333333
56 0.02292483552162454 0.9962666666666666
57 0.02244867721516917 0.9963166666666666
58 0.022000347354463233 0.9965666666666667
59 0.021517040326134926 0.9967833333333334
60 0.021051026359478486 0.9971166666666667
61 0.020594311220797776 0.9972833333333333
62 0.02016024952724592 0.9971333333333333
63 0.019747759307871687 0.99745
64 0.01937356984802782 0.9975833333333334
65 0.018995872397881263 0.9977
66 0.0185971087220111 0.9977
67 0.018214713198754357 0.9978333333333333
68 0.0178397529766456 0.9979166666666667
69 0.01753560740347785 0.9979333333333333
70 0.01717476142165281 0.9981
71 0.016843519655109912 0.9982833333333333
72 0.01652105893743143 0.99825
73 0.016247025557926724 0.9983666666666666
74 0.015915472983325057 0.99845
75 0.01561661904056205 0.9983833333333333
76 0.015366445122751345 0.99845
77 0.015075393696265942 0.9985
78 0.014769130078122528 0.9986666666666667
79 0.014534077226821738 0.9986166666666667
80 0.01427843888202853 0.9986333333333334
81 0.01403102883125848 0.9987166666666667
82 0.013810270608388889 0.9987166666666667
83 0.013559674600393437 0.9988
84 0.013325994280772581 0.9988333333333334
85 0.0130983054486991 0.9988333333333334
86 0.012871037419043434 0.99895
87 0.012662412569439138 0.9989833333333333
88 0.012478046018435662 0.9990166666666667
89 0.012268544285437033 0.9989666666666667
90 0.012064631469349172 0.9990333333333333
91 0.011884523775063154 0.9991166666666667
92 0.011694158482522185 0.9991666666666666
93 0.011498619361456904 0.99925
94 0.011322689002383746 0.9992666666666666
95 0.011174396873374324 0.9993333333333333
96 0.010984081018870986 0.99935
97 0.010810005448278048 0.9993333333333333
98 0.010658744661542556 0.9993666666666666
99 0.010498556586455054 0.9993666666666666
100 0.010347968319367403 0.9993666666666666
101 0.010214921142379723 0.9994666666666666
102 0.010052652833963444 0.99945
103 0.009910592247845173 0.99955
104 0.009758318470580491 0.9996166666666667
105 0.009647176393976947 0.99955
106 0.009506137792402303 0.9995833333333334
107 0.009371579004658152 0.9995666666666667
108 0.00924490700547359 0.99955
109 0.00912333812777088 0.9995833333333334
110 0.008980497253685396 0.9996666666666667
111 0.008888537197488982 0.99965
112 0.008750914856652492 0.9996
113 0.008644710769499542 0.9996833333333334
114 0.008539818700399004 0.9996666666666667
115 0.008419642131080601 0.9996833333333334
116 0.008303932611272533 0.9997166666666667
117 0.008214837144702863 0.9996666666666667
118 0.008089620871211229 0.9996833333333334
119 0.008007514244590851 0.9997166666666667
120 0.007894251988565268 0.9997166666666667
121 0.007788254829274534 0.9997
122 0.0077178805206677935 0.9996666666666667
123 0.007609672310736292 0.99975
124 0.007522459084074746 0.9997833333333334
125 0.007411601206809997 0.99975
126 0.007338203305849182 0.9997333333333334
127 0.007247468923280107 0.99975
128 0.0071676540231185235 0.9997666666666667
129 0.007083035852096832 0.9998333333333334
130 0.007001608368883064 0.9997833333333334
131 0.0069202367255567455 0.9997666666666667
132 0.0068436445581959065 0.9998166666666667
133 0.006767581313548645 0.9998333333333334
134 0.006698942441405899 0.9998166666666667
135 0.006622234063132652 0.99985
136 0.0065516617828245355 0.9998833333333333
137 0.0064803866363231785 0.9998666666666667
138 0.006412114808782697 0.9999
139 0.0063429452935114565 0.9998833333333333
140 0.006262605984026053 0.9998833333333333
141 0.006207671801823734 0.99995
142 0.006140839477786536 0.9999166666666667
143 0.00608093260841043 0.99995
144 0.00601378707081151 0.9999333333333333
145 0.005945189483910561 0.99995
146 0.005895260815768798 0.9999
147 0.005829663877226492 0.9999333333333333
148 0.0057704458988682705 0.99995
149 0.005720076068286607 0.9999333333333333
150 0.005654885669175321 0.99995
151 0.005600935131408719 0.9999333333333333
152 0.005545535516033549 0.99995
153 0.005498514914049157 0.9999666666666667
154 0.00544037677691197 0.9999666666666667
155 0.005386195376144051 0.99995
156 0.005342670006683465 0.99995
157 0.005282589399229997 0.9999666666666667
158 0.005241398181049411 0.99995
159 0.005179409988160962 0.9999833333333333
160 0.005133685661352742 0.99995
161 0.005092855088406805 0.9999666666666667
162 0.005042552157912824 0.9999833333333333
163 0.005011409544932054 0.9999833333333333
164 0.004952464526125006 0.9999833333333333
165 0.004913668962630398 0.9999833333333333
166 0.004868886957534833 0.9999833333333333
167 0.0048291373441665016 0.9999833333333333
168 0.0047874133805555705 0.9999833333333333
169 0.004747645786232642 0.9999833333333333
170 0.004707730890907991 0.9999833333333333
171 0.004662078560274372 0.9999833333333333
172 0.004618968800835208 0.9999833333333333
173 0.004581146135822987 0.9999833333333333
174 0.004541936141849835 0.9999833333333333
175 0.004502977373568452 0.9999833333333333
176 0.004464403990515149 0.9999833333333333
177 0.004429830571086501 0.9999833333333333
178 0.0043963710782425934 0.9999833333333333
179 0.004359250807308598 0.9999833333333333
180 0.004324428576192678 0.9999833333333333
181 0.004289084595681699 0.9999833333333333
182 0.004251228263805202 0.9999833333333333
183 0.004221816598348367 0.9999833333333333
184 0.004184366773261921 0.9999833333333333
185 0.0041541698627543255 0.9999833333333333
186 0.004124453816282898 0.9999833333333333
187 0.004088114754213437 0.9999833333333333
188 0.004058283317818253 0.9999833333333333
189 0.004026261103306728 0.9999833333333333
190 0.003994900746015844 0.9999833333333333
191 0.003962201308329969 0.9999833333333333
192 0.003935964967209552 0.9999833333333333
193 0.003900309581794083 0.9999833333333333
194 0.003880477664289253 0.9999833333333333
195 0.0038488969196384744 0.9999833333333333
196 0.003811547694020847 0.9999833333333333
197 0.0037937126104294985 0.9999833333333333
198 0.0037650059451158446 0.9999833333333333
199 0.003735665066628409 0.9999833333333333
200 0.0037072992137472415 0.9999833333333333
201 0.003678781954300548 0.9999833333333333
202 0.0036582548335355436 0.9999833333333333
203 0.003631685234071103 0.9999833333333333
204 0.003605615903513192 0.9999833333333333
205 0.003578841917465991 0.9999833333333333
206 0.0035523759324782725 0.9999833333333333
207 0.00352573006012753 0.9999833333333333
208 0.003508159899706843 0.9999833333333333
209 0.003478853043038716 1.0
210 0.0034612931194094652 0.9999833333333333
211 0.0034330230485995427 1.0
212 0.0034122977991338206 0.9999833333333333
213 0.0033908045025609892 1.0
214 0.003367264594347564 1.0
215 0.0033380636531583617 0.9999833333333333
216 0.0033228260766305744 1.0
217 0.003298322605003895 0.9999833333333333
218 0.0032812233481591922 1.0
219 0.0032568429620303055 0.9999833333333333
220 0.003236240900577362 0.9999833333333333
221 0.003216048943867752 0.9999833333333333
222 0.003194550886553631 1.0
223 0.003172635666475987 1.0
224 0.003154416224668061 1.0
225 0.0031322539512957655 0.9999833333333333
226 0.0031112705998774023 1.0
227 0.0030957641794151667 1.0
228 0.003070494330707572 1.0
229 0.0030528371341959405 1.0
230 0.0030366294828158167 1.0
231 0.003016549668439638 1.0
232 0.0030013706704138964 1.0
233 0.002983862814530214 1.0
234 0.002962696900058077 1.0
235 0.0029429946494882488 1.0
236 0.0029295910918550974 1.0
237 0.002909510090489433 1.0
238 0.002891986309287589 1.0
239 0.0028734252076230643 1.0
240 0.0028603307352756766 1.0
241 0.0028414043647148756 1.0
242 0.0028245518576534494 1.0
243 0.002807683891865975 1.0
244 0.0027886405154051923 1.0
245 0.002775475063221231 1.0
246 0.0027597426312234896 1.0
247 0.0027429365735651967 1.0
248 0.0027305265752795233 1.0
249 0.0027101188972552637 1.0
250 0.00269430745468745 1.0
251 0.00268039076220689 1.0
252 0.0026686680798571724 1.0
253 0.002652471567611339 1.0
254 0.002636734728089798 1.0
255 0.0026225037053664293 1.0
256 0.0026096194119466696 1.0
257 0.0025955285154171844 1.0
