1 0 3.3237552642822266
1 80 0.479508638381958
1 160 0.4000943899154663
1 240 0.2966192662715912
1 320 0.39558491110801697
1 400 0.2233572155237198
2 0 0.35977640748023987
2 80 0.2033529132604599
2 160 0.278109073638916
2 240 0.2451818734407425
2 320 0.26585349440574646
2 400 0.19432102143764496
3 0 0.16086213290691376
3 80 0.33099204301834106
3 160 0.1592462956905365
3 240 0.15307123959064484
3 320 0.2055463343858719
3 400 0.21429064869880676
4 0 0.10232214629650116
4 80 0.16703853011131287
4 160 0.19366426765918732
4 240 0.16575199365615845
4 320 0.1251596212387085
4 400 0.18878766894340515
5 0 0.18001626431941986
5 80 0.273053377866745
5 160 0.07814037799835205
5 240 0.1093442514538765
5 320 0.13870638608932495
5 400 0.11873956769704819
6 0 0.12776514887809753
6 80 0.17858976125717163
6 160 0.13126018643379211
6 240 0.17163041234016418
6 320 0.1259162873029709
6 400 0.07749424129724503
7 0 0.07707422971725464
7 80 0.072025366127491
7 160 0.11744505167007446
7 240 0.11125615239143372
7 320 0.08996167778968811
7 400 0.11777248978614807
8 0 0.08711018413305283
8 80 0.09367550909519196
8 160 0.11246532946825027
8 240 0.15179412066936493
8 320 0.08309191465377808
8 400 0.11947201192378998
9 0 0.08436238765716553
9 80 0.07033424824476242
9 160 0.1481921225786209
9 240 0.07812651991844177
9 320 0.12734904885292053
9 400 0.13626328110694885
10 0 0.07005258649587631
10 80 0.09516751021146774
10 160 0.05238763615489006
10 240 0.08527250587940216
10 320 0.10213737934827805
10 400 0.05832583084702492
11 0 0.14521023631095886
11 80 0.1483122706413269
11 160 0.05094510316848755
11 240 0.1312483251094818
11 320 0.08774097263813019
11 400 0.11672660708427429
12 0 0.12160748243331909
12 80 0.06565795838832855
12 160 0.04950057342648506
12 240 0.08300745487213135
12 320 0.10642459988594055
12 400 0.04441668465733528
13 0 0.07215327024459839
13 80 0.07107876986265182
13 160 0.12197130173444748
13 240 0.06993680447340012
13 320 0.09654705226421356
13 400 0.1080607995390892
14 0 0.10456565022468567
14 80 0.08883389085531235
14 160 0.03817327320575714
14 240 0.08192545175552368
14 320 0.10708323866128922
14 400 0.09528311342000961
15 0 0.06219964474439621
15 80 0.09275675565004349
15 160 0.0881391391158104
15 240 0.0672234445810318
15 320 0.08133415877819061
15 400 0.0819239392876625
16 0 0.15498951077461243
16 80 0.03764672949910164
16 160 0.03835591301321983
16 240 0.03721805661916733
16 320 0.12280367314815521
16 400 0.07897954434156418
17 0 0.0978182703256607
17 80 0.05978623405098915
17 160 0.06139570474624634
17 240 0.08445682376623154
17 320 0.08433634042739868
17 400 0.09254058450460434
18 0 0.07565712183713913
18 80 0.07283644378185272
18 160 0.06436431407928467
18 240 0.047325499355793
18 320 0.04968910291790962
18 400 0.04551990330219269
19 0 0.09458263218402863
19 80 0.0818856954574585
19 160 0.06238526478409767
19 240 0.07766564190387726
19 320 0.08583055436611176
19 400 0.0585656501352787
20 0 0.0336838960647583
20 80 0.03267316892743111
20 160 0.06179751455783844
20 240 0.08400516211986542
20 320 0.06308387964963913
20 400 0.08956697583198547
21 0 0.06250538676977158
21 80 0.0214773491024971
21 160 0.07265889644622803
21 240 0.07987575978040695
21 320 0.05024144425988197
21 400 0.058916326612234116
22 0 0.02693016082048416
22 80 0.051112763583660126
22 160 0.06804980337619781
22 240 0.04522772133350372
22 320 0.0564289465546608
22 400 0.050180673599243164
23 0 0.06141200289130211
23 80 0.05601733550429344
23 160 0.036660876125097275
23 240 0.02644776739180088
23 320 0.04382091015577316
23 400 0.06248311325907707
24 0 0.06593917310237885
24 80 0.09845557063817978
24 160 0.046532243490219116
24 240 0.05258634313941002
24 320 0.10153993219137192
24 400 0.029492029920220375
25 0 0.030153483152389526
25 80 0.05646058917045593
25 160 0.05594838038086891
25 240 0.08627765625715256
25 320 0.020388998091220856
25 400 0.0547247938811779
26 0 0.10608943551778793
26 80 0.0306877288967371
26 160 0.023456642404198647
26 240 0.03671073168516159
26 320 0.07472655177116394
26 400 0.020288962870836258
27 0 0.052675485610961914
27 80 0.08421731740236282
27 160 0.02336784452199936
27 240 0.059169940650463104
27 320 0.06200157105922699
27 400 0.04415154084563255
28 0 0.035795535892248154
28 80 0.07347935438156128
28 160 0.06310971081256866
28 240 0.02964041754603386
28 320 0.024068953469395638
28 400 0.06143214926123619
29 0 0.04043366387486458
29 80 0.02063179574906826
29 160 0.044523224234580994
29 240 0.07774849236011505
29 320 0.02780976891517639
29 400 0.03406183794140816
30 0 0.028775431215763092
30 80 0.01971503533422947
30 160 0.05566306784749031
30 240 0.07699021697044373
30 320 0.05765638127923012
30 400 0.039432547986507416
31 0 0.04926656559109688
31 80 0.08071865886449814
31 160 0.030466808006167412
31 240 0.032597366720438004
31 320 0.11860055476427078
31 400 0.02457302063703537
32 0 0.054043952375650406
32 80 0.025252092629671097
32 160 0.036422621458768845
32 240 0.03154369816184044
32 320 0.020478717982769012
32 400 0.029791390523314476
33 0 0.06894534081220627
33 80 0.07437586039304733
33 160 0.04258531332015991
33 240 0.01852310635149479
33 320 0.04346967861056328
33 400 0.044092439115047455
34 0 0.02800353243947029
34 80 0.0682545155286789
34 160 0.09685999900102615
34 240 0.06259961426258087
34 320 0.04596414044499397
34 400 0.02424720861017704
35 0 0.022866416722536087
35 80 0.027067819610238075
35 160 0.039722148329019547
35 240 0.018137533217668533
35 320 0.03385350853204727
35 400 0.041485901921987534
36 0 0.035536106675863266
36 80 0.01717887818813324
36 160 0.03342893347144127
36 240 0.024363702163100243
36 320 0.0304691344499588
36 400 0.013407863676548004
37 0 0.038412343710660934
37 80 0.05993949994444847
37 160 0.04966433346271515
37 240 0.035863082855939865
37 320 0.034019168466329575
37 400 0.039356205612421036
38 0 0.02991221472620964
38 80 0.03283079341053963
38 160 0.027893897145986557
38 240 0.036140475422143936
38 320 0.047732219099998474
38 400 0.03048556298017502
39 0 0.03164044767618179
39 80 0.04515673965215683
39 160 0.01312498189508915
39 240 0.047395531088113785
39 320 0.04202739894390106
39 400 0.047289881855249405
40 0 0.03661077469587326
40 80 0.01175638660788536
40 160 0.014550321735441685
40 240 0.035368070006370544
40 320 0.04936591535806656
40 400 0.03461658954620361
41 0 0.02415904961526394
41 80 0.012447288259863853
41 160 0.020125987008213997
41 240 0.03300907835364342
41 320 0.018416034057736397
41 400 0.01597697101533413
42 0 0.020324576646089554
42 80 0.017007041722536087
42 160 0.034555643796920776
42 240 0.013162348419427872
42 320 0.019232681021094322
42 400 0.02675703912973404
43 0 0.01568947359919548
43 80 0.010688108392059803
43 160 0.014752169139683247
43 240 0.021990245208144188
43 320 0.03656337037682533
43 400 0.03719832003116608
44 0 0.012261302210390568
44 80 0.052261099219322205
44 160 0.041945625096559525
44 240 0.016479503363370895
44 320 0.024736661463975906
44 400 0.014948800206184387
45 0 0.026944400742650032
45 80 0.02493629977107048
45 160 0.02282259799540043
45 240 0.031266484409570694
45 320 0.0189510565251112
45 400 0.027676893398165703
46 0 0.01362430490553379
46 80 0.01775984838604927
46 160 0.03501676395535469
46 240 0.027327673509716988
46 320 0.010134701617062092
46 400 0.01278736162930727
47 0 0.03536598011851311
47 80 0.04462462663650513
47 160 0.018107520416378975
47 240 0.020624451339244843
47 320 0.031225401908159256
47 400 0.02165413834154606
48 0 0.01539849117398262
48 80 0.027524584904313087
48 160 0.034436218440532684
48 240 0.02544601447880268
48 320 0.040416501462459564
48 400 0.04810880869626999
49 0 0.01670045219361782
49 80 0.0547436960041523
49 160 0.010052930563688278
49 240 0.01889086328446865
49 320 0.0203518345952034
49 400 0.03453125059604645
50 0 0.04071488231420517
50 80 0.027220511808991432
50 160 0.027974583208560944
50 240 0.017821986228227615
50 320 0.03566862270236015
50 400 0.03222014382481575
51 0 0.009451712481677532
51 80 0.01688637211918831
51 160 0.01988126151263714
51 240 0.01866442896425724
51 320 0.03779130429029465
51 400 0.08173823356628418
52 0 0.015092800371348858
52 80 0.020073577761650085
52 160 0.027406033128499985
52 240 0.02881728485226631
52 320 0.01272155623883009
52 400 0.030598577111959457
53 0 0.01530289463698864
53 80 0.014753717929124832
53 160 0.024815861135721207
53 240 0.006650256458669901
53 320 0.014548144303262234
53 400 0.017193667590618134
54 0 0.015516377054154873
54 80 0.014497267082333565
54 160 0.009438703767955303
54 240 0.0231332927942276
54 320 0.040854185819625854
54 400 0.02010462060570717
55 0 0.013512694276869297
55 80 0.017894137650728226
55 160 0.023453665897250175
55 240 0.0260628629475832
55 320 0.027683308348059654
55 400 0.04196077957749367
56 0 0.012677519582211971
56 80 0.04745970666408539
56 160 0.024681823328137398
56 240 0.02152148447930813
56 320 0.04479261487722397
56 400 0.011779630556702614
57 0 0.013091053813695908
57 80 0.026759237051010132
57 160 0.04193805158138275
57 240 0.01390048023313284
57 320 0.01958468370139599
57 400 0.024597320705652237
58 0 0.012764967046678066
58 80 0.010734879411756992
58 160 0.02361328899860382
58 240 0.022083116695284843
58 320 0.011159533634781837
58 400 0.023334594443440437
59 0 0.03314823657274246
59 80 0.02212711237370968
59 160 0.007149673067033291
59 240 0.026014801114797592
59 320 0.018643075600266457
59 400 0.020352289080619812
60 0 0.0401768833398819
60 80 0.030968666076660156
60 160 0.026525791734457016
60 240 0.020373474806547165
60 320 0.013601175509393215
60 400 0.05024075135588646
61 0 0.01703812927007675
61 80 0.0108578409999609
61 160 0.015159915201365948
61 240 0.021495668217539787
61 320 0.015233366750180721
61 400 0.006892841309309006
62 0 0.03458525985479355
62 80 0.028656117618083954
62 160 0.013553444296121597
62 240 0.011840058490633965
62 320 0.027903849259018898
62 400 0.023013900965452194
63 0 0.025105830281972885
63 80 0.015225499868392944
63 160 0.01785656437277794
63 240 0.014375686645507812
63 320 0.013441210612654686
63 400 0.02018941193819046
64 0 0.019852885976433754
64 80 0.005365909077227116
64 160 0.026867534965276718
64 240 0.042192477732896805
64 320 0.022825142368674278
64 400 0.023903630673885345
65 0 0.012281505391001701
65 80 0.022060321643948555
65 160 0.009430227801203728
65 240 0.01176086999475956
65 320 0.012087056413292885
65 400 0.01040211133658886
66 0 0.012207012623548508
66 80 0.014488101936876774
66 160 0.020457465201616287
66 240 0.01759183220565319
66 320 0.01775393635034561
66 400 0.02089523710310459
67 0 0.016642490401864052
67 80 0.013280468061566353
67 160 0.03035680390894413
67 240 0.020415691658854485
67 320 0.02470363676548004
67 400 0.014142711646854877
68 0 0.01665864698588848
68 80 0.009179521352052689
68 160 0.009727351367473602
68 240 0.012466009706258774
68 320 0.019925769418478012
68 400 0.004957331344485283
69 0 0.01611902192234993
69 80 0.015419873408973217
69 160 0.016802296042442322
69 240 0.024300411343574524
69 320 0.019867142662405968
69 400 0.013985497877001762
70 0 0.009032882750034332
70 80 0.012308113276958466
70 160 0.0164579339325428
70 240 0.026309888809919357
70 320 0.01213308796286583
70 400 0.01678416319191456
71 0 0.01623772270977497
71 80 0.0235662292689085
71 160 0.02031874470412731
71 240 0.03897566720843315
71 320 0.009920275770127773
71 400 0.009913005866110325
72 0 0.023164909332990646
72 80 0.019944438710808754
72 160 0.037561479955911636
72 240 0.019261125475168228
72 320 0.010921203531324863
72 400 0.01938769966363907
73 0 0.023780927062034607
73 80 0.009866289794445038
73 160 0.0039146230556070805
73 240 0.015919310972094536
73 320 0.007187466602772474
73 400 0.017102276906371117
74 0 0.015133245848119259
74 80 0.012378391809761524
74 160 0.007018387783318758
74 240 0.015869049355387688
74 320 0.009294742718338966
74 400 0.008960479870438576
75 0 0.007197858765721321
75 80 0.016030844300985336
75 160 0.008217890746891499
75 240 0.012774156406521797
75 320 0.014294841326773167
75 400 0.012759319506585598
76 0 0.010937011800706387
76 80 0.02415773831307888
76 160 0.03299236670136452
76 240 0.007999377325177193
76 320 0.01173382718116045
76 400 0.01257642637938261
77 0 0.009766754694283009
77 80 0.006523917894810438
77 160 0.007995816878974438
77 240 0.01108244713395834
77 320 0.0069799781776964664
77 400 0.04730633646249771
78 0 0.022097481414675713
78 80 0.017671924084424973
78 160 0.013949736952781677
78 240 0.01664109155535698
78 320 0.020696787163615227
78 400 0.012932700105011463
79 0 0.008736596442759037
79 80 0.016477836295962334
79 160 0.0043162996880710125
79 240 0.014084536582231522
79 320 0.018185118213295937
79 400 0.013034384697675705
80 0 0.011097929440438747
80 80 0.012263813987374306
80 160 0.007785970810800791
80 240 0.012621760368347168
80 320 0.013506395742297173
80 400 0.016868069767951965
81 0 0.0035147869493812323
81 80 0.008048893883824348
81 160 0.0053609334863722324
81 240 0.016358284279704094
81 320 0.007606407627463341
81 400 0.007039423566311598
82 0 0.007865102030336857
82 80 0.016498157754540443
82 160 0.013280200771987438
82 240 0.012957983650267124
82 320 0.022597461938858032
82 400 0.014059672132134438
83 0 0.01733502931892872
83 80 0.010805969126522541
83 160 0.021335311233997345
83 240 0.008778355084359646
83 320 0.005499016027897596
83 400 0.014886653982102871
84 0 0.010115181095898151
84 80 0.014580737799406052
84 160 0.007973368279635906
84 240 0.016913410276174545
84 320 0.00869863759726286
84 400 0.012413990683853626
85 0 0.006970348302274942
85 80 0.06184026971459389
85 160 0.007941625081002712
85 240 0.011910606175661087
85 320 0.012495359405875206
85 400 0.011252012103796005
86 0 0.008339847438037395
86 80 0.01900266669690609
86 160 0.016564292833209038
86 240 0.014339424669742584
86 320 0.011540856212377548
86 400 0.016537653282284737
87 0 0.01010831817984581
87 80 0.007600065786391497
87 160 0.01759001985192299
87 240 0.006469468120485544
87 320 0.010815650224685669
87 400 0.016210880130529404
88 0 0.023859664797782898
88 80 0.004212368745356798
88 160 0.00816317368298769
88 240 0.02360321581363678
88 320 0.012802368961274624
88 400 0.007442228961735964
89 0 0.008425845764577389
89 80 0.004681798629462719
89 160 0.010000442154705524
89 240 0.018020033836364746
89 320 0.012456904165446758
89 400 0.01834682561457157
90 0 0.00744643434882164
90 80 0.01673380844295025
90 160 0.010114186443388462
90 240 0.0059775845147669315
90 320 0.008104603737592697
90 400 0.014689323492348194
91 0 0.0045923772267997265
91 80 0.01825515180826187
91 160 0.010053268633782864
91 240 0.007115223444998264
91 320 0.012258498929440975
91 400 0.010291936807334423
92 0 0.01297461986541748
92 80 0.004200962837785482
92 160 0.012902213260531425
92 240 0.009594839066267014
92 320 0.015114418230950832
92 400 0.009260413236916065
93 0 0.013487381860613823
93 80 0.006040590815246105
93 160 0.008358623832464218
93 240 0.01184040680527687
93 320 0.007109852507710457
93 400 0.0110880546271801
94 0 0.009315724484622478
94 80 0.009687669575214386
94 160 0.011450323276221752
94 240 0.008935952559113503
94 320 0.011983542703092098
94 400 0.014281444251537323
95 0 0.00516230845823884
95 80 0.006741564720869064
95 160 0.005064769648015499
95 240 0.007973205298185349
95 320 0.010640686377882957
95 400 0.020391756668686867
96 0 0.01650245673954487
96 80 0.006705941632390022
96 160 0.010987228713929653
96 240 0.005841829814016819
96 320 0.009373143315315247
96 400 0.014341620728373528
97 0 0.013843873515725136
97 80 0.011129681952297688
97 160 0.005620867945253849
97 240 0.007493642158806324
97 320 0.013805711641907692
97 400 0.007790011819452047
98 0 0.015150927007198334
98 80 0.004889646545052528
98 160 0.026049867272377014
98 240 0.005476628430187702
98 320 0.006969624664634466
98 400 0.012835877947509289
99 0 0.008508761413395405
99 80 0.006536706816405058
99 160 0.008526111021637917
99 240 0.005388619378209114
99 320 0.010853121057152748
99 400 0.0061425440944731236
100 0 0.007627416402101517
100 80 0.006825756281614304
100 160 0.007252792827785015
100 240 0.021023357287049294
100 320 0.008056089282035828
100 400 0.02283070981502533
101 0 0.006354060489684343
101 80 0.006602142006158829
101 160 0.013641693629324436
101 240 0.010924041271209717
101 320 0.0046232338063418865
101 400 0.012851833365857601
102 0 0.00521084712818265
102 80 0.020834309980273247
102 160 0.009791589342057705
102 240 0.008361970074474812
102 320 0.005978734232485294
102 400 0.011623449623584747
103 0 0.007432362996041775
103 80 0.008744969964027405
103 160 0.01425100490450859
103 240 0.008588072843849659
103 320 0.004982213955372572
103 400 0.009626040235161781
104 0 0.00902586430311203
104 80 0.008824174292385578
104 160 0.013457035645842552
104 240 0.011096403934061527
104 320 0.008049237541854382
104 400 0.013950482942163944
105 0 0.013592366129159927
105 80 0.012893151491880417
105 160 0.01302691176533699
105 240 0.005426034331321716
105 320 0.009993641637265682
105 400 0.012798028998076916
106 0 0.009793060831725597
106 80 0.007763384375721216
106 160 0.007208624389022589
106 240 0.012297158129513264
106 320 0.007893502712249756
106 400 0.005491588730365038
107 0 0.006009901873767376
107 80 0.006440657656639814
107 160 0.01026072446256876
107 240 0.009226631373167038
107 320 0.008621915243566036
107 400 0.006226398982107639
108 0 0.012118118815124035
108 80 0.01150225568562746
108 160 0.0076812757179141045
108 240 0.00738630723208189
108 320 0.005271444097161293
108 400 0.007976274006068707
109 0 0.0071546477265655994
109 80 0.013968088664114475
109 160 0.008492869324982166
109 240 0.005292762070894241
109 320 0.01538811344653368
109 400 0.027920041233301163
110 0 0.011442114599049091
110 80 0.007639199495315552
110 160 0.01188186276704073
110 240 0.008979345671832561
110 320 0.00868665799498558
110 400 0.0043857283890247345
111 0 0.009915024973452091
111 80 0.009561812505126
111 160 0.020010672509670258
111 240 0.011868937872350216
111 320 0.008049793541431427
111 400 0.0050486186519265175
112 0 0.007541001308709383
112 80 0.009675062261521816
112 160 0.007986094802618027
112 240 0.010851080529391766
112 320 0.007561847101897001
112 400 0.007547627668827772
113 0 0.010263647884130478
113 80 0.006717970594763756
113 160 0.0037295331712812185
113 240 0.014689811505377293
113 320 0.006182546261698008
113 400 0.007648052182048559
114 0 0.006965764332562685
114 80 0.00629461370408535
114 160 0.007550436072051525
114 240 0.008601621724665165
114 320 0.01396698597818613
114 400 0.006989922374486923
115 0 0.0120314322412014
115 80 0.006164223421365023
115 160 0.009580619633197784
115 240 0.007078561931848526
115 320 0.007337932474911213
115 400 0.010114660486578941
116 0 0.011925885453820229
116 80 0.00707448972389102
116 160 0.005355521570891142
116 240 0.00441754749044776
116 320 0.016152294352650642
116 400 0.008176700212061405
117 0 0.024111783131957054
117 80 0.0064926124177873135
117 160 0.013501208275556564
117 240 0.003138348227366805
117 320 0.010033545084297657
117 400 0.00503918994218111
118 0 0.008808406069874763
118 80 0.009580453857779503
118 160 0.008411089889705181
118 240 0.008649236522614956
118 320 0.017381073907017708
118 400 0.00867499876767397
119 0 0.009947847574949265
119 80 0.006557184271514416
119 160 0.010040097869932652
119 240 0.007978692650794983
119 320 0.00943030510097742
119 400 0.014649576507508755
120 0 0.010546419769525528
120 80 0.005548470187932253
120 160 0.005769477225840092
120 240 0.007943319156765938
120 320 0.006052363198250532
120 400 0.009105742909014225
121 0 0.009623275138437748
121 80 0.01021090429276228
121 160 0.007495952770113945
121 240 0.0065123336389660835
121 320 0.00536683714017272
121 400 0.012973971664905548
122 0 0.005953690502792597
122 80 0.01065197866410017
122 160 0.007813104428350925
122 240 0.006118218880146742
122 320 0.00943365041166544
122 400 0.0063617657870054245
123 0 0.004004443529993296
123 80 0.006327302195131779
123 160 0.008375492878258228
123 240 0.00720824534073472
123 320 0.005399663466960192
123 400 0.00551082007586956
124 0 0.006565169896930456
124 80 0.008155016228556633
124 160 0.006153254769742489
124 240 0.0027604401111602783
124 320 0.011693563312292099
124 400 0.006102283019572496
125 0 0.007068162318319082
125 80 0.0053732749074697495
125 160 0.006374733056873083
125 240 0.010244511999189854
125 320 0.0031191790476441383
125 400 0.007132856175303459
126 0 0.008786392398178577
126 80 0.005112330429255962
126 160 0.009093993343412876
126 240 0.012671126052737236
126 320 0.009097800590097904
126 400 0.005895490292459726
127 0 0.006548975128680468
127 80 0.0073120309971272945
127 160 0.004606330301612616
127 240 0.005351568106561899
127 320 0.00598975270986557
127 400 0.005933342035859823
128 0 0.014159397222101688
128 80 0.005898555740714073
128 160 0.004032444208860397
128 240 0.01189221628010273
128 320 0.0034382392186671495
128 400 0.008232750929892063
129 0 0.008264194242656231
129 80 0.005540667567402124
129 160 0.006799402646720409
129 240 0.007159772794693708
129 320 0.007652785163372755
129 400 0.00867343507707119
130 0 0.012570678256452084
130 80 0.007615687791258097
130 160 0.00332300690934062
130 240 0.007700660265982151
130 320 0.00813408475369215
130 400 0.017635516822338104
131 0 0.01164233684539795
131 80 0.003590106265619397
131 160 0.008346802555024624
131 240 0.005149769131094217
131 320 0.006112454924732447
131 400 0.007967262528836727
132 0 0.004323014989495277
132 80 0.0060034263879060745
132 160 0.007296488154679537
132 240 0.00268849590793252
132 320 0.0025493435095995665
132 400 0.011300197802484035
133 0 0.009511838667094707
133 80 0.007068580016493797
133 160 0.003665051655843854
133 240 0.008518535643815994
133 320 0.00863360334187746
133 400 0.00429966114461422
134 0 0.00731353834271431
134 80 0.008443012833595276
134 160 0.008507005870342255
134 240 0.00489406194537878
134 320 0.013821431435644627
134 400 0.007165590301156044
135 0 0.007946687750518322
135 80 0.00864570215344429
135 160 0.010848202742636204
135 240 0.010076167993247509
135 320 0.006975025404244661
135 400 0.0058232578448951244
136 0 0.004667733795940876
136 80 0.01084490679204464
136 160 0.009319566190242767
136 240 0.003503113053739071
136 320 0.005129676312208176
136 400 0.005166984628885984
137 0 0.009465325623750687
137 80 0.006733949761837721
137 160 0.006700641941279173
137 240 0.003666491014882922
137 320 0.0030571231618523598
137 400 0.004345427732914686
138 0 0.005076264031231403
138 80 0.0056586433202028275
138 160 0.012936978600919247
138 240 0.002091922564432025
138 320 0.005212689749896526
138 400 0.008992417715489864
139 0 0.010540323331952095
139 80 0.010314340703189373
139 160 0.0064122648909688
139 240 0.006474570371210575
139 320 0.005484476685523987
139 400 0.005611941684037447
140 0 0.004620067775249481
140 80 0.005133545491844416
140 160 0.007222118321806192
140 240 0.007975373417139053
140 320 0.0067601278424263
140 400 0.005859390366822481
141 0 0.007468678057193756
141 80 0.0043283929117023945
141 160 0.007430548779666424
141 240 0.00307282293215394
141 320 0.005194156430661678
141 400 0.01098005473613739
142 0 0.00399498175829649
142 80 0.0047558750957250595
142 160 0.009653035551309586
142 240 0.0075926887802779675
142 320 0.007829774171113968
142 400 0.008304174058139324
143 0 0.004274478182196617
143 80 0.013454794883728027
143 160 0.003099270397797227
143 240 0.001783594023436308
143 320 0.007850094698369503
143 400 0.0035762109328061342
144 0 0.008455093018710613
144 80 0.002946082502603531
144 160 0.0029236276168376207
144 240 0.007202178239822388
144 320 0.007472773548215628
144 400 0.003110575955361128
145 0 0.004545445088297129
145 80 0.008130793459713459
145 160 0.007876045070588589
145 240 0.013839474879205227
145 320 0.010603816248476505
145 400 0.010351568460464478
146 0 0.005387238692492247
146 80 0.003671160666272044
146 160 0.005494436714798212
146 240 0.0065465327352285385
146 320 0.004648692440241575
146 400 0.004211595747619867
147 0 0.007995708845555782
147 80 0.004825390875339508
147 160 0.004695663694292307
147 240 0.0035226622130721807
147 320 0.003112571081146598
147 400 0.0025925757363438606
148 0 0.009534988552331924
148 80 0.0047393240965902805
148 160 0.004388200119137764
148 240 0.003281682264059782
148 320 0.004612410441040993
148 400 0.005474358797073364
149 0 0.006566365249454975
149 80 0.008431446738541126
149 160 0.006301466841250658
149 240 0.006904266774654388
149 320 0.004443286918103695
149 400 0.004830222576856613
150 0 0.0037087255623191595
150 80 0.0031296880915760994
150 160 0.0034553485456854105
150 240 0.004138674587011337
150 320 0.005324247293174267
150 400 0.0023210986983031034
151 0 0.004124109633266926
151 80 0.0025149350985884666
151 160 0.0032164244912564754
151 240 0.0027784043923020363
151 320 0.003857587929815054
151 400 0.0035502987448126078
152 0 0.004255290608853102
152 80 0.005129789002239704
152 160 0.0037091930862516165
152 240 0.012534921988844872
152 320 0.00658661313354969
152 400 0.0033489479683339596
153 0 0.005200215615332127
153 80 0.005065176635980606
153 160 0.013270769268274307
153 240 0.00441142451018095
153 320 0.0031552694272249937
153 400 0.004401965532451868
154 0 0.007034963928163052
154 80 0.0060319481417536736
154 160 0.0038933001924306154
154 240 0.005613888148218393
154 320 0.006953704636543989
154 400 0.004755222238600254
155 0 0.002457144670188427
155 80 0.007772824261337519
155 160 0.006248563062399626
155 240 0.0030377234797924757
155 320 0.004215685185045004
155 400 0.0129620973020792
156 0 0.004787573590874672
156 80 0.007944166660308838
156 160 0.003258771263062954
156 240 0.002707838546484709
156 320 0.0032140430994331837
156 400 0.007864665240049362
157 0 0.012859375216066837
157 80 0.0061766100116074085
157 160 0.006570656318217516
157 240 0.0038674797397106886
157 320 0.004741936456412077
157 400 0.0033982167951762676
158 0 0.00659065879881382
158 80 0.005973232910037041
158 160 0.0038972552865743637
158 240 0.0047328961081802845
158 320 0.007095322012901306
158 400 0.002772767562419176
159 0 0.008092807605862617
159 80 0.003336044494062662
159 160 0.011121251620352268
159 240 0.0036629203241318464
159 320 0.00422228267416358
159 400 0.00558521319180727
160 0 0.006759649608284235
160 80 0.0025853493716567755
160 160 0.005267343483865261
160 240 0.004842149559408426
160 320 0.009056590497493744
160 400 0.00622580898925662
161 0 0.0056085227988660336
161 80 0.0014654546976089478
161 160 0.005611158441752195
161 240 0.004868602380156517
161 320 0.005869997199624777
161 400 0.0034741838462650776
162 0 0.006346156820654869
162 80 0.005530024878680706
162 160 0.005164509639143944
162 240 0.0065094223245978355
162 320 0.005427293013781309
162 400 0.00546352518722415
163 0 0.008955600671470165
163 80 0.003642633557319641
163 160 0.006232909392565489
163 240 0.00784945860505104
163 320 0.0043485453352332115
163 400 0.0029847524128854275
164 0 0.00449635274708271
164 80 0.003835356794297695
164 160 0.0028557919431477785
164 240 0.005006806924939156
164 320 0.004307522904127836
164 400 0.006156854797154665
165 0 0.002074143383651972
165 80 0.005612358450889587
165 160 0.0052538905292749405
165 240 0.004259807523339987
165 320 0.002887343754991889
165 400 0.003605208359658718
166 0 0.004583671689033508
166 80 0.00541142700240016
166 160 0.0035537343937903643
166 240 0.005006729159504175
166 320 0.005980799440294504
166 400 0.0027815005742013454
167 0 0.0027165242936462164
167 80 0.004112187307327986
167 160 0.0024887355975806713
167 240 0.007330114953219891
167 320 0.0031984373927116394
167 400 0.004175205249339342
168 0 0.004546050447970629
168 80 0.002767115831375122
168 160 0.0062964903190732
168 240 0.0027060043066740036
168 320 0.004193218890577555
168 400 0.002808236051350832
169 0 0.003261659061536193
169 80 0.005201400723308325
169 160 0.004513503052294254
169 240 0.0018528003711253405
169 320 0.006261799018830061
169 400 0.003419153857976198
170 0 0.0025753790978342295
170 80 0.004899890162050724
170 160 0.0065775164403021336
170 240 0.002074179006740451
170 320 0.0060695623978972435
170 400 0.004236218985170126
171 0 0.006567956879734993
171 80 0.005779961124062538
171 160 0.006134033203125
171 240 0.004915246274322271
171 320 0.006194797810167074
171 400 0.003163338638842106
172 0 0.004237694200128317
172 80 0.0037050903774797916
172 160 0.005080594681203365
172 240 0.0029578215908259153
172 320 0.002214126056060195
172 400 0.006056987680494785
173 0 0.0031493795104324818
173 80 0.00467234943062067
173 160 0.001602927572093904
173 240 0.003903845325112343
173 320 0.0040946584194898605
173 400 0.005170853342860937
174 0 0.0035711880773305893
174 80 0.004001304507255554
174 160 0.003984353039413691
174 240 0.0024358152877539396
174 320 0.007998543791472912
174 400 0.005240690894424915
175 0 0.0041197603568434715
175 80 0.002638452686369419
175 160 0.0039313193410634995
175 240 0.005817674566060305
175 320 0.005671564489603043
175 400 0.005851138383150101
176 0 0.002392949303612113
176 80 0.0038511997554451227
176 160 0.004033308941870928
176 240 0.004186438862234354
176 320 0.006111562717705965
176 400 0.007220465689897537
177 0 0.0036819393280893564
177 80 0.0053540561348199844
177 160 0.0028472847770899534
177 240 0.004018288105726242
177 320 0.006437534932047129
177 400 0.004261851776391268
178 0 0.002519052242860198
178 80 0.0028984579257667065
178 160 0.004081441089510918
178 240 0.001964262221008539
178 320 0.003120601875707507
178 400 0.004274777136743069
179 0 0.005917821545153856
179 80 0.004490461200475693
179 160 0.0037286451552063227
179 240 0.004500670824199915
179 320 0.005856282077729702
179 400 0.004699318669736385
180 0 0.003640238894149661
180 80 0.004319647327065468
180 160 0.003719164989888668
180 240 0.004556356463581324
180 320 0.004429745487868786
180 400 0.008267337456345558
181 0 0.00591399148106575
181 80 0.002438509836792946
181 160 0.0032008052803575993
181 240 0.004825606010854244
181 320 0.002295468468219042
181 400 0.0026701372116804123
182 0 0.003002976067364216
182 80 0.004032287746667862
182 160 0.0027784518897533417
182 240 0.002056069439277053
182 320 0.009318433701992035
182 400 0.003866070881485939
183 0 0.0051507847383618355
183 80 0.001818353310227394
183 160 0.002027596812695265
183 240 0.0050629302859306335
183 320 0.0043815504759550095
183 400 0.005808282643556595
184 0 0.0028941831551492214
184 80 0.004438961856067181
184 160 0.0070001813583076
184 240 0.0065371198579669
184 320 0.001639707013964653
184 400 0.0038141049444675446
185 0 0.009011372923851013
185 80 0.0036681017372757196
185 160 0.005739778280258179
185 240 0.006456580478698015
185 320 0.0036498631816357374
185 400 0.0031820330768823624
186 0 0.0018352372571825981
186 80 0.002685192506760359
186 160 0.0037553859874606133
186 240 0.0021715208422392607
186 320 0.005949623417109251
186 400 0.005356703884899616
187 0 0.004027525894343853
187 80 0.0030523173045367002
187 160 0.002886182861402631
187 240 0.0034845538903027773
187 320 0.0050429231487214565
187 400 0.002234890591353178
188 0 0.004316097125411034
188 80 0.0024361941032111645
188 160 0.003231809474527836
188 240 0.0036130729131400585
188 320 0.0054484945721924305
188 400 0.0028117832262068987
189 0 0.002722868463024497
189 80 0.002786492696031928
189 160 0.003845531726256013
189 240 0.005068636499345303
189 320 0.0031751699279993773
189 400 0.004030431620776653
190 0 0.004880199674516916
190 80 0.006938525475561619
190 160 0.004565735347568989
190 240 0.0025153581518679857
190 320 0.00325375166721642
190 400 0.002575591206550598
191 0 0.005677720997482538
191 80 0.00546367047354579
191 160 0.002941385144367814
191 240 0.0031558747868984938
191 320 0.003546970197930932
191 400 0.0048819356597959995
192 0 0.0024214957375079393
192 80 0.003414321690797806
192 160 0.0021311973687261343
192 240 0.002935389056801796
192 320 0.0038583960849791765
192 400 0.006263855844736099
193 0 0.003118684282526374
193 80 0.003176520112901926
193 160 0.0011849065776914358
193 240 0.003237749682739377
193 320 0.004251515958458185
193 400 0.005117885768413544
194 0 0.003902446711435914
194 80 0.0023159640841186047
194 160 0.006132987327873707
194 240 0.0021834520157426596
194 320 0.0066511258482933044
194 400 0.0020827464759349823
195 0 0.004279219079762697
195 80 0.003550969995558262
195 160 0.0028449820820242167
195 240 0.0028427597135305405
195 320 0.0011789991986006498
195 400 0.0016856782604008913
196 0 0.0038189683109521866
196 80 0.005024999845772982
196 160 0.0041418555192649364
196 240 0.007398481015115976
196 320 0.0031477492302656174
196 400 0.005226977169513702
197 0 0.003576762741431594
197 80 0.0049170539714396
197 160 0.0031739661935716867
197 240 0.00209573726169765
197 320 0.0046475548297166824
197 400 0.0018546328647062182
198 0 0.004343864042311907
198 80 0.0048187244683504105
198 160 0.004062534309923649
198 240 0.0034153650049120188
198 320 0.0042130653746426105
198 400 0.005147947464138269
199 0 0.0013494639424607158
199 80 0.00197848048992455
199 160 0.002567873802036047
199 240 0.005299095995724201
199 320 0.0038967907894402742
199 400 0.0034407463390380144
200 0 0.003486547851935029
200 80 0.004304060712456703
200 160 0.0028739236295223236
200 240 0.003508591325953603
200 320 0.0018823276041075587
200 400 0.004479104653000832
201 0 0.006177812814712524
201 80 0.002764481818303466
201 160 0.00231313519179821
201 240 0.0040712542831897736
201 320 0.003922984469681978
201 400 0.0029344905633479357
202 0 0.0022156110499054193
202 80 0.004159661941230297
202 160 0.0017639999277889729
202 240 0.005403703544288874
202 320 0.0061548203229904175
202 400 0.002205295255407691
203 0 0.0019973579328507185
203 80 0.0022824418265372515
203 160 0.004732572007924318
203 240 0.00187343405559659
203 320 0.0028117699548602104
203 400 0.0030933087691664696
204 0 0.0023591406643390656
204 80 0.005928432568907738
204 160 0.006414718460291624
204 240 0.0028315666131675243
204 320 0.002654589479789138
204 400 0.003079199232161045
205 0 0.0062430426478385925
205 80 0.005820923019200563
205 160 0.004181927070021629
205 240 0.0041280691511929035
205 320 0.003436401719227433
205 400 0.0013075711904093623
206 0 0.0021412402857095003
206 80 0.0034587422851473093
206 160 0.0017975694499909878
206 240 0.0035729161463677883
206 320 0.0022131195291876793
206 400 0.0037947206292301416
207 0 0.0020641128066927195
207 80 0.0036400698591023684
207 160 0.0038890973664820194
207 240 0.0033603329211473465
207 320 0.004857419990003109
207 400 0.004432386253029108
208 0 0.003827820997685194
208 80 0.0018908450147137046
208 160 0.00500280549749732
208 240 0.0039284722879529
208 320 0.00507998326793313
208 400 0.0028491229750216007
209 0 0.0020631991792470217
209 80 0.0033997553400695324
209 160 0.0027558631263673306
209 240 0.0010006243828684092
209 320 0.002409272361546755
209 400 0.0037720482796430588
210 0 0.007070580031722784
210 80 0.0010869649704545736
210 160 0.002609840128570795
210 240 0.004273032769560814
210 320 0.006752572953701019
210 400 0.004383915103971958
211 0 0.0032343980856239796
211 80 0.0031290347687900066
211 160 0.004073453135788441
211 240 0.00320059503428638
211 320 0.0034796230029314756
211 400 0.003490337636321783
212 0 0.0011390442959964275
212 80 0.0036279407795518637
212 160 0.002034013159573078
212 240 0.006482040509581566
212 320 0.002412795787677169
212 400 0.0034032054245471954
213 0 0.003089706413447857
213 80 0.002875522244721651
213 160 0.0035116691142320633
213 240 0.0042959339916706085
213 320 0.003085868898779154
213 400 0.004484841134399176
214 0 0.003408203599974513
214 80 0.005875753238797188
214 160 0.004909730516374111
214 240 0.005613083951175213
214 320 0.005535900592803955
214 400 0.0016918389592319727
215 0 0.0037283857818692923
215 80 0.0045323544181883335
215 160 0.003841214347630739
215 240 0.0047559901140630245
215 320 0.0024979773443192244
215 400 0.004034404177218676
216 0 0.002610614988952875
216 80 0.0038066976703703403
216 160 0.002336653182283044
216 240 0.0029118095990270376
216 320 0.002807017182931304
216 400 0.0032893535681068897
217 0 0.002136292401701212
217 80 0.0030050489585846663
217 160 0.0017578552942723036
217 240 0.004864530172199011
217 320 0.0034232228063046932
217 400 0.004257232882082462
218 0 0.0032287249341607094
218 80 0.002386515261605382
218 160 0.0020990902557969093
218 240 0.003021642565727234
218 320 0.0037440669257193804
218 400 0.004025014117360115
219 0 0.003079832997173071
219 80 0.004420197568833828
219 160 0.0038288754876703024
219 240 0.00454156706109643
219 320 0.004219627473503351
219 400 0.0033651646226644516
220 0 0.0034821496810764074
220 80 0.0010983028914779425
220 160 0.0042291060090065
220 240 0.009069560095667839
220 320 0.0036982984747737646
220 400 0.0059323497116565704
221 0 0.00390640739351511
221 80 0.003637446090579033
221 160 0.0035365077201277018
221 240 0.003994898404926062
221 320 0.004417592193931341
221 400 0.004736599512398243
222 0 0.0026312442496418953
222 80 0.0023711700923740864
222 160 0.0030882658902555704
222 240 0.004080538637936115
222 320 0.0017640118021517992
222 400 0.004360762424767017
223 0 0.0026025883853435516
223 80 0.005431197118014097
223 160 0.002826584968715906
223 240 0.004155639559030533
223 320 0.002724881051108241
223 400 0.004320543725043535
224 0 0.002298609586432576
224 80 0.002043678192421794
224 160 0.0013109275605529547
224 240 0.0019466676749289036
224 320 0.0022675266955047846
224 400 0.003593089524656534
225 0 0.004872007295489311
225 80 0.00462155370041728
225 160 0.0025283058639615774
225 240 0.0037611851003021
225 320 0.0026739768218249083
225 400 0.003323579439893365
226 0 0.003674055216833949
226 80 0.002224539639428258
226 160 0.002438414841890335
226 240 0.00418766587972641
226 320 0.002625158289447427
226 400 0.0022487042006105185
227 0 0.00257868436165154
227 80 0.002266696887090802
227 160 0.004025299567729235
227 240 0.0028791388031095266
227 320 0.004496847745031118
227 400 0.0030092678498476744
228 0 0.006724204868078232
228 80 0.003202679567039013
228 160 0.001213332638144493
228 240 0.003095312975347042
228 320 0.004572634119540453
228 400 0.0021766284480690956
229 0 0.0028698728419840336
229 80 0.0032120717223733664
229 160 0.0014537106035277247
229 240 0.0018372139893472195
229 320 0.0022815775591880083
229 400 0.0014368145493790507
230 0 0.0018208312103524804
230 80 0.0016998802311718464
230 160 0.002906105248257518
230 240 0.0018682285444810987
230 320 0.002181562129408121
230 400 0.004080798011273146
231 0 0.001610787003301084
231 80 0.0051225656643509865
231 160 0.0055085462518036366
231 240 0.002427558647468686
231 320 0.0017858247738331556
231 400 0.0037345332093536854
232 0 0.0019881073385477066
232 80 0.0025677457451820374
232 160 0.004125012084841728
232 240 0.0019045490771532059
232 320 0.0015059045981615782
232 400 0.0017963022692129016
233 0 0.0018952707760035992
233 80 0.0025338067207485437
233 160 0.0037665418349206448
233 240 0.001602844218723476
233 320 0.0028461774345487356
233 400 0.0012769897002726793
234 0 0.001852620393037796
234 80 0.007246968802064657
234 160 0.002808238845318556
234 240 0.003205596236512065
234 320 0.0020233076065778732
234 400 0.0025158647913485765
235 0 0.0018810072215273976
235 80 0.005118810571730137
235 160 0.0014261744217947125
235 240 0.003837808035314083
235 320 0.0026929157320410013
235 400 0.003823039820417762
236 0 0.0032663883175700903
236 80 0.001870446023531258
236 160 0.003411440644413233
236 240 0.003295667702332139
236 320 0.001819561468437314
236 400 0.002758768852800131
237 0 0.0018688052659854293
237 80 0.0020843190141022205
237 160 0.005099880043417215
237 240 0.005520234815776348
237 320 0.003370178397744894
237 400 0.0027487140614539385
238 0 0.004532736260443926
238 80 0.0016663562273606658
238 160 0.0018549554515630007
238 240 0.002273528603836894
238 320 0.004741600248962641
238 400 0.0018240701174363494
239 0 0.004680943209677935
239 80 0.0029658155981451273
239 160 0.004001416265964508
239 240 0.005721145309507847
239 320 0.001793547417037189
239 400 0.002363093663007021
240 0 0.0029236150439828634
240 80 0.0019716147799044847
240 160 0.001393723301589489
240 240 0.002339551690965891
240 320 0.002421702491119504
240 400 0.0023094688076525927
241 0 0.0023426662664860487
241 80 0.005422856658697128
241 160 0.002553109312430024
241 240 0.002722567180171609
241 320 0.0021009582560509443
241 400 0.0032206480391323566
242 0 0.002711085369810462
242 80 0.0017327420646324754
242 160 0.005044429562985897
242 240 0.002471554558724165
242 320 0.0006393397343344986
242 400 0.003390420461073518
243 0 0.0015212224097922444
243 80 0.0024911200162023306
243 160 0.0019136429764330387
243 240 0.0010588887380436063
243 320 0.005030862055718899
243 400 0.002445830497890711
244 0 0.004820418544113636
244 80 0.00487566040828824
244 160 0.004915894009172916
244 240 0.0016977344639599323
244 320 0.0025242066476494074
244 400 0.002695215167477727
245 0 0.003564073471352458
245 80 0.0016005757497623563
245 160 0.00170649285428226
245 240 0.0010657674865797162
245 320 0.0035502654500305653
245 400 0.0021842820569872856
246 0 0.004032876342535019
246 80 0.0022841652389615774
246 160 0.002011937089264393
246 240 0.004729131702333689
246 320 0.0019707661122083664
246 400 0.00423383666202426
247 0 0.0024879993870854378
247 80 0.0028311610221862793
247 160 0.002931254683062434
247 240 0.0008626048802398145
247 320 0.0019305952591821551
247 400 0.0024693452287465334
248 0 0.0036514243111014366
248 80 0.002657904289662838
248 160 0.0017679863376542926
248 240 0.0034209333825856447
248 320 0.0034405533224344254
248 400 0.0021560711320489645
249 0 0.0025141946971416473
249 80 0.002243264578282833
249 160 0.0024118483997881413
249 240 0.006644335109740496
249 320 0.003971806727349758
249 400 0.0034594314638525248
250 0 0.002827076707035303
250 80 0.0017150883795693517
250 160 0.0024347479920834303
250 240 0.0031993810553103685
250 320 0.0011928249150514603
250 400 0.0004402636259328574
251 0 0.0026213780511170626
251 80 0.0023899218067526817
251 160 0.002103180391713977
251 240 0.0037621757946908474
251 320 0.002192082582041621
251 400 0.0016644264105707407
252 0 0.0020773387514054775
252 80 0.002892473479732871
252 160 0.002893437398597598
252 240 0.001876773894764483
252 320 0.002564562950283289
252 400 0.0024274836760014296
253 0 0.0017191621009260416
253 80 0.0025407313369214535
253 160 0.0010857462184503675
253 240 0.002896953606978059
253 320 0.002878027269616723
253 400 0.0008445228450000286
254 0 0.0011739525943994522
254 80 0.00244920258410275
254 160 0.001960539724677801
254 240 0.0016106064431369305
254 320 0.00219565792940557
254 400 0.00386421917937696
255 0 0.002896757097914815
255 80 0.0028797267004847527
255 160 0.002556043677031994
255 240 0.0025265172589570284
255 320 0.003062860807403922
255 400 0.0013237124076113105
256 0 0.0017458306392654777
256 80 0.0030916898977011442
256 160 0.0024621738120913506
256 240 0.0017942554550245404
256 320 0.0033781586680561304
256 400 0.002546011470258236
257 0 0.0018560800235718489
257 80 0.002865393413230777
257 160 0.0027741510421037674
257 240 0.002477322705090046
257 320 0.003006343962624669
257 400 0.002729965839534998
258 0 0.002808092627674341
258 80 0.0016646087169647217
