1 0.4592580618952383 0.8675833333333334
2 0.25338672414453806 0.92815
3 0.21008141321350515 0.941
4 0.18325208243467153 0.9485166666666667
5 0.16422990968486648 0.9542833333333334
6 0.14946538092358025 0.9585166666666667
7 0.13763509920315703 0.9621666666666666
8 0.12756278963167783 0.96485
9 0.11888327872924713 0.9673833333333334
10 0.11156283116448662 0.9690833333333333
11 0.10525518197065858 0.9715166666666667
12 0.09941503154173462 0.97325
13 0.09419535687451423 0.97435
14 0.089646675768914 0.9760166666666666
15 0.08538601334605898 0.97745
16 0.08151653163961128 0.97835
17 0.07812398756300208 0.9793666666666667
18 0.07488903795668819 0.9802333333333333
19 0.07185107641525741 0.9812333333333333
20 0.06900088986290544 0.9822833333333333
21 0.06639242075336005 0.9832
22 0.06397679543841495 0.9834833333333334
23 0.061658822798303196 0.9845
24 0.059601958487619726 0.9849833333333333
25 0.05751393413516695 0.9857166666666667
26 0.05553427937903257 0.9862833333333333
27 0.05375657940327105 0.9869666666666667
28 0.05206661454951966 0.9870333333333333
29 0.05046964651430403 0.9875
30 0.04888794860685431 0.9881
31 0.04744575558297797 0.9886833333333334
32 0.046034435543027136 0.9891666666666666
33 0.04472649300586123 0.9893333333333333
34 0.0434698840823652 0.9897666666666667
35 0.042162657489003275 0.9905666666666667
36 0.0410101220472408 0.99095
37 0.0399194587725026 0.9910833333333333
38 0.038863939298654414 0.9913666666666666
39 0.03778017635967559 0.99195
40 0.03680996749518332 0.9922833333333333
41 0.03586111218531503 0.99265
42 0.03490366644537779 0.99285
43 0.03402225970467334 0.99295
44 0.03318522860016078 0.9934
45 0.03235758626773985 0.9937666666666667
46 0.031555835706696136 0.9937166666666667
47 0.03077473153453519 0.9940166666666667
48 0.030050530022919686 0.9942
49 0.02932064034449838 0.9944166666666666
50 0.028618030272908747 0.9946333333333334
51 0.028025692267252055 0.9948
52 0.02734608972655621 0.9950666666666667
53 0.026715140944636707 0.9951333333333333
54 0.026092716056837648 0.9953166666666666
55 0.02552862731076634 0.9955833333333334
56 0.024968861999399246 0.9955666666666667
57 0.02443468007944159 0.9957
58 0.02391487670772429 0.9958666666666667
59 0.023354133127380345 0.9961666666666666
60 0.022888346515627687 0.9963
61 0.022387751446627795 0.9963
62 0.021918757428436964 0.9965333333333334
63 0.021445468070108626 0.9966833333333334
64 0.020986526806368186 0.9969333333333333
65 0.020581162199556732 0.9967666666666667
66 0.02015492079584901 0.997
67 0.019805501817838786 0.9972
68 0.01936082858373838 0.9973333333333333
69 0.01899542322239356 0.9973833333333333
70 0.018621761876065086 0.9974833333333334
71 0.01826806658549286 0.9976333333333334
72 0.017900575148954448 0.99765
73 0.01754622567625744 0.9977
74 0.017253792339832638 0.9977666666666667
75 0.016926681383578446 0.9979333333333333
76 0.016609757902350888 0.998
77 0.01630319412132459 0.9980666666666667
78 0.016011225213525073 0.99815
79 0.015711838779633423 0.9980666666666667
80 0.015463034307131413 0.99825
81 0.015169868278982384 0.9983833333333333
82 0.014910093651635687 0.9983333333333333
83 0.014652563736581409 0.9985666666666667
84 0.0143850635283434 0.9986333333333334
85 0.014143079026802771 0.9986666666666667
86 0.013923686959329985 0.9986333333333334
87 0.013670540288158221 0.9986666666666667
88 0.013444315529922876 0.9988
89 0.013213376137318768 0.9988833333333333
90 0.013021264684948523 0.9989
91 0.012814239952276383 0.9990166666666667
92 0.012600809940373275 0.9989333333333333
93 0.012387756700577861 0.99905
94 0.012196456872995125 0.9991333333333333
95 0.012003592758088 0.9991666666666666
96 0.011821637835119293 0.9991833333333333
97 0.011626397416408637 0.9991833333333333
98 0.011462023055780608 0.99925
99 0.011270053724426705 0.99925
100 0.011111397487319895 0.9993166666666666
101 0.010947679437057519 0.99925
102 0.010786855847997738 0.99935
103 0.010643384365766033 0.9994
104 0.010456797455860449 0.9994
105 0.010327043906370523 0.9994
106 0.01017560774752342 0.9994166666666666
107 0.010034006373928999 0.9994
108 0.00988935231482352 0.9995
109 0.009754232562848054 0.9994666666666666
110 0.009613986557988978 0.9995833333333334
111 0.009492941725967345 0.9995333333333334
112 0.009374572237187039 0.9995833333333334
113 0.00923976029129401 0.9995333333333334
114 0.009111890095973145 0.9995666666666667
115 0.008977377510714982 0.9995833333333334
116 0.008871456978024482 0.9996333333333334
117 0.008763576911609453 0.9996666666666667
118 0.008654270882605076 0.9996166666666667
119 0.00853153552288122 0.9996166666666667
120 0.008429899685152335 0.99965
121 0.008316704344107652 0.99965
122 0.008213064521610705 0.9997166666666667
123 0.008113003835312403 0.9997166666666667
124 0.008009707276175207 0.9997166666666667
125 0.007911022501324477 0.99975
126 0.007812312063969561 0.99975
127 0.007710827890086546 0.99975
128 0.00762530158572733 0.9997666666666667
129 0.0075457289855657165 0.9997833333333334
130 0.0074533008643165866 0.9997666666666667
131 0.007353985974533376 0.9997833333333334
132 0.007275677692673322 0.99985
133 0.007182533605032162 0.9998166666666667
134 0.007110225127340713 0.9998
135 0.007028377763847553 0.99985
136 0.006944943978232758 0.9998333333333334
137 0.006868999226511256 0.9998666666666667
138 0.006784068984485893 0.99985
139 0.006716568644261802 0.99985
140 0.006639572293328832 0.9998833333333333
141 0.006565269713264221 0.9998666666666667
142 0.006496716316527268 0.9998833333333333
143 0.006426507780856606 0.9999
144 0.006361006464469614 0.9999166666666667
145 0.006284743553396863 0.9999166666666667
146 0.0062210569766336194 0.9999
147 0.006152002843591307 0.9999
148 0.00608469110760671 0.9999
149 0.00602547898277966 0.9999333333333333
150 0.005970271536832186 0.9999
151 0.00591235128052628 0.9999166666666667
152 0.005850160368599061 0.9999
153 0.005790842229625516 0.9999333333333333
154 0.005722035216525007 0.9999333333333333
155 0.005676718875279289 0.9999166666666667
156 0.005623132445420553 0.9999166666666667
157 0.005565297190171442 0.9999333333333333
158 0.005511667582391104 0.9999
159 0.005461769330668758 0.9999333333333333
160 0.005396612456687954 0.99995
161 0.005359189503062675 0.9999333333333333
162 0.005293938673105337 0.9999333333333333
163 0.005251254278745478 0.99995
164 0.00520279751963981 0.99995
165 0.0051622362695693935 0.9999333333333333
166 0.005106752116564733 0.9999666666666667
167 0.005056519055245583 0.99995
168 0.005010190426058241 0.9999333333333333
169 0.004970609196034799 0.99995
170 0.004922437683633491 0.9999666666666667
171 0.004882300711189236 0.9999666666666667
172 0.0048351568091206 0.9999666666666667
173 0.004797284227502006 0.9999666666666667
174 0.004753072937475894 0.9999666666666667
175 0.004711162564637604 0.9999666666666667
176 0.004674890731920058 0.9999666666666667
177 0.004631976418788912 0.9999666666666667
178 0.004595098601999695 0.9999833333333333
179 0.004554030225812785 0.9999833333333333
180 0.004516537715273816 0.9999833333333333
181 0.004476057742335109 0.9999833333333333
182 0.00444304351451626 0.9999833333333333
183 0.00440706104548501 0.9999833333333333
184 0.004366278550825886 0.9999833333333333
185 0.004333820014046247 0.9999833333333333
186 0.004296832966299525 0.9999833333333333
187 0.0042594142376320135 0.9999833333333333
188 0.004228393444101384 0.9999833333333333
189 0.004193910335534131 0.9999833333333333
190 0.0041625302642144995 1.0
191 0.004132808344230167 0.9999833333333333
192 0.004097387890767322 0.9999833333333333
193 0.00406313963732851 0.9999833333333333
194 0.004034650581541346 0.9999833333333333
195 0.0040040434105321765 0.9999833333333333
196 0.003974648557656975 0.9999833333333333
197 0.003945858067354318 0.9999833333333333
198 0.003912229108676783 0.9999833333333333
199 0.0038828884233047425 1.0
200 0.0038576667872952546 0.9999833333333333
201 0.003827880583217006 0.9999833333333333
202 0.0037990962934575036 0.9999833333333333
203 0.0037698818719201187 1.0
204 0.003747183854368005 0.9999833333333333
205 0.0037163802152519413 0.9999833333333333
206 0.0036941901701234422 0.9999833333333333
207 0.0036658108439683707 1.0
208 0.0036381056876297097 1.0
209 0.003611568616939458 0.9999833333333333
210 0.0035842100710872173 1.0
211 0.003563147569785137 0.9999833333333333
212 0.0035394664346448967 1.0
213 0.003511554324753217 1.0
214 0.003485801535894844 1.0
215 0.0034622049833119696 1.0
216 0.003440948654470572 1.0
217 0.003419804277453524 1.0
218 0.0033958388812296877 1.0
219 0.0033738068489880084 1.0
220 0.0033501975412325645 0.9999833333333333
221 0.0033273598352851256 1.0
222 0.003302956654279153 1.0
223 0.003280177531860221 1.0
224 0.003263046041995819 1.0
225 0.003237530412184678 1.0
226 0.0032176032467786946 1.0
227 0.0032015615754744917 1.0
228 0.0031781415981270355 1.0
229 0.003160528135922815 1.0
230 0.003137366906769558 1.0
231 0.003120098576155195 1.0
232 0.003098640469898746 1.0
233 0.003080024082374487 1.0
234 0.0030605474937218688 1.0
235 0.0030424503293305415 1.0
236 0.0030211239260361233 1.0
237 0.0030044086336064885 1.0
238 0.002984905090338902 1.0
239 0.002961427956915844 1.0
240 0.0029510002058775807 1.0
241 0.0029316175952931044 1.0
242 0.002915523710848291 1.0
243 0.0028958558811119067 1.0
244 0.0028793449937574455 1.0
245 0.002856956209058065 1.0
246 0.0028475589776185274 1.0
247 0.002829176199901452 1.0
248 0.0028120473271478087 1.0
249 0.0027970854126697364 1.0
250 0.002776330995518885 1.0
251 0.002766640598216513 1.0
252 0.00275076258339798 1.0
253 0.002734236007775746 1.0
254 0.002716429530581368 1.0
255 0.0027018049034351573 1.0
256 0.0026891109601123882 1.0
257 0.0026702465664998477 1.0
258 0.0026564266735455517 1.0
259 0.002642180500571916 1.0
260 0.0026265614424526356 1.0
