1 0 3.2675254344940186
1 80 0.5181147456169128
1 160 0.37370023131370544
1 240 0.24827812612056732
1 320 0.3728581666946411
1 400 0.3310965299606323
2 0 0.33793455362319946
2 80 0.16754736006259918
2 160 0.2552490830421448
2 240 0.2721632719039917
2 320 0.3699854612350464
2 400 0.1425698846578598
3 0 0.2861936390399933
3 80 0.181590273976326
3 160 0.2497372031211853
3 240 0.2722393572330475
3 320 0.1564713716506958
3 400 0.17714548110961914
4 0 0.1382342278957367
4 80 0.28354570269584656
4 160 0.1925133317708969
4 240 0.13269571959972382
4 320 0.13533887267112732
4 400 0.21270224452018738
5 0 0.1860339492559433
5 80 0.17612996697425842
5 160 0.22160542011260986
5 240 0.2145659327507019
5 320 0.1570860743522644
5 400 0.19941549003124237
6 0 0.17052136361598969
6 80 0.15522713959217072
6 160 0.1660926789045334
6 240 0.18560411036014557
6 320 0.0826449990272522
6 400 0.07557205855846405
7 0 0.19313962757587433
7 80 0.12852516770362854
7 160 0.11981606483459473
7 240 0.12357953935861588
7 320 0.13544534146785736
7 400 0.09604062885046005
8 0 0.10661909729242325
8 80 0.06874962151050568
8 160 0.08634765446186066
8 240 0.12886102497577667
8 320 0.13475003838539124
8 400 0.12331757694482803
9 0 0.14085374772548676
9 80 0.056947577744722366
9 160 0.15801119804382324
9 240 0.0663580670952797
9 320 0.10745464265346527
9 400 0.15770433843135834
10 0 0.07601321488618851
10 80 0.15157660841941833
10 160 0.1031937226653099
10 240 0.07670167088508606
10 320 0.08961910009384155
10 400 0.11086513102054596
11 0 0.11718849092721939
11 80 0.1342906355857849
11 160 0.16769880056381226
11 240 0.04452812299132347
11 320 0.11419349908828735
11 400 0.10825852304697037
12 0 0.1321917176246643
12 80 0.058197151869535446
12 160 0.08033544570207596
12 240 0.051734380424022675
12 320 0.14094211161136627
12 400 0.11105722934007645
13 0 0.08093201369047165
13 80 0.05528159812092781
13 160 0.11349768191576004
13 240 0.08114620298147202
13 320 0.1278221607208252
13 400 0.07905702292919159
14 0 0.06260766834020615
14 80 0.07010221481323242
14 160 0.09735188633203506
14 240 0.05804089456796646
14 320 0.05652432516217232
14 400 0.08060190826654434
15 0 0.06839185953140259
15 80 0.08648322522640228
15 160 0.06476597487926483
15 240 0.09192386269569397
15 320 0.12624025344848633
15 400 0.09651375561952591
16 0 0.08959603309631348
16 80 0.1085602343082428
16 160 0.09888811409473419
16 240 0.09047002345323563
16 320 0.04908457398414612
16 400 0.12775418162345886
17 0 0.09316647052764893
17 80 0.07306880503892899
17 160 0.12274003773927689
17 240 0.0530640073120594
17 320 0.07297273725271225
17 400 0.0941760465502739
18 0 0.051624543964862823
18 80 0.1036287173628807
18 160 0.05486046522855759
18 240 0.0932333916425705
18 320 0.06899342685937881
18 400 0.022125355899333954
19 0 0.05747726187109947
19 80 0.04230586066842079
19 160 0.07843577116727829
19 240 0.0626082792878151
19 320 0.06892798840999603
19 400 0.11626171320676804
20 0 0.0811709314584732
20 80 0.0690908282995224
20 160 0.04063330963253975
20 240 0.05437805876135826
20 320 0.05561099946498871
20 400 0.08325960487127304
21 0 0.10745677351951599
21 80 0.04363217577338219
21 160 0.0623856782913208
21 240 0.036452535539865494
21 320 0.02879096195101738
21 400 0.02954995632171631
22 0 0.08791432529687881
22 80 0.06801224499940872
22 160 0.037893444299697876
22 240 0.025149239227175713
22 320 0.08177939802408218
22 400 0.07384941726922989
23 0 0.0972420871257782
23 80 0.05024674907326698
23 160 0.15619707107543945
23 240 0.06274323910474777
23 320 0.05298199877142906
23 400 0.0560297966003418
24 0 0.027427028864622116
24 80 0.03520025312900543
24 160 0.09544370323419571
24 240 0.046953871846199036
24 320 0.0363682322204113
24 400 0.02263195812702179
25 0 0.05557405576109886
25 80 0.04178391396999359
25 160 0.034741148352622986
25 240 0.06274058669805527
25 320 0.020995350554585457
25 400 0.026606539264321327
26 0 0.055536866188049316
26 80 0.06375417858362198
26 160 0.09712698310613632
26 240 0.06204571947455406
26 320 0.03262605518102646
26 400 0.03488636761903763
27 0 0.06121945381164551
27 80 0.030744194984436035
27 160 0.07761251926422119
27 240 0.06623995304107666
27 320 0.07289262115955353
27 400 0.03298981487751007
28 0 0.058727677911520004
28 80 0.03943569213151932
28 160 0.0887676328420639
28 240 0.06884828954935074
28 320 0.06115518882870674
28 400 0.12423785775899887
29 0 0.04145095869898796
29 80 0.04098274186253548
29 160 0.04339926689863205
29 240 0.018448209390044212
29 320 0.08208318799734116
29 400 0.0666583925485611
30 0 0.05358998477458954
30 80 0.04793024808168411
30 160 0.07228413969278336
30 240 0.08476579189300537
30 320 0.05206422880291939
30 400 0.03584316000342369
31 0 0.04423632472753525
31 80 0.03761493042111397
31 160 0.04368171468377113
31 240 0.06856704503297806
31 320 0.10746261477470398
31 400 0.03514460101723671
32 0 0.09486952424049377
32 80 0.048819802701473236
32 160 0.051638852804899216
32 240 0.03152361884713173
32 320 0.051206089556217194
32 400 0.051841165870428085
33 0 0.025883706286549568
33 80 0.0896446704864502
33 160 0.016926364973187447
33 240 0.0511043518781662
33 320 0.02913464978337288
33 400 0.04251408204436302
34 0 0.07245253771543503
34 80 0.02725369483232498
34 160 0.025328202173113823
34 240 0.04197356849908829
34 320 0.04637131839990616
34 400 0.04673958942294121
35 0 0.04954963177442551
35 80 0.019038034602999687
35 160 0.024723205715417862
35 240 0.05623647943139076
35 320 0.038104310631752014
35 400 0.1033492460846901
36 0 0.03717074170708656
36 80 0.017836028710007668
36 160 0.03261341527104378
36 240 0.02532382309436798
36 320 0.02494969591498375
36 400 0.026509162038564682
37 0 0.048723962157964706
37 80 0.03551848605275154
37 160 0.03222594037652016
37 240 0.045729272067546844
37 320 0.05961364135146141
37 400 0.05716122314333916
38 0 0.05918262153863907
38 80 0.0402500219643116
38 160 0.015021837316453457
38 240 0.05998113378882408
38 320 0.06436073035001755
38 400 0.04644863307476044
39 0 0.015865005552768707
39 80 0.022141320630908012
39 160 0.055421121418476105
39 240 0.027108710259199142
39 320 0.048866186290979385
39 400 0.04229782521724701
40 0 0.030784137547016144
40 80 0.03648701310157776
40 160 0.05019640550017357
40 240 0.04336633160710335
40 320 0.033611882477998734
40 400 0.08644431084394455
41 0 0.03488079085946083
41 80 0.023330675438046455
41 160 0.03156537562608719
41 240 0.04045746475458145
41 320 0.03016054816544056
41 400 0.022290179505944252
42 0 0.024355879053473473
42 80 0.034417275339365005
42 160 0.0099014388397336
42 240 0.048757996410131454
42 320 0.04166676849126816
42 400 0.03555343672633171
43 0 0.0640830546617508
43 80 0.03745465353131294
43 160 0.011912503279745579
43 240 0.06496664881706238
43 320 0.02060074917972088
43 400 0.021062137559056282
44 0 0.02120915614068508
44 80 0.023782597854733467
44 160 0.03921516239643097
44 240 0.02907082810997963
44 320 0.02669326402246952
44 400 0.019204868003726006
45 0 0.058735765516757965
45 80 0.014783899299800396
45 160 0.029004795476794243
45 240 0.025020886212587357
45 320 0.11046264320611954
45 400 0.021843018010258675
46 0 0.016082219779491425
46 80 0.02778228372335434
46 160 0.05742030590772629
46 240 0.014727998524904251
46 320 0.03954833745956421
46 400 0.02786930836737156
47 0 0.030973682180047035
47 80 0.03176983818411827
47 160 0.050406355410814285
47 240 0.052855685353279114
47 320 0.019293300807476044
47 400 0.01319081149995327
48 0 0.01738862507045269
48 80 0.03366788476705551
48 160 0.038078323006629944
48 240 0.029283659532666206
48 320 0.030764669179916382
48 400 0.02266746386885643
49 0 0.015432561747729778
49 80 0.019199157133698463
49 160 0.02465261146426201
49 240 0.06169905513525009
49 320 0.0565788596868515
49 400 0.043544698506593704
50 0 0.024047372862696648
50 80 0.01633882150053978
50 160 0.03428376093506813
50 240 0.03764950484037399
50 320 0.031159650534391403
50 400 0.026179591193795204
51 0 0.04902190342545509
51 80 0.031665313988924026
51 160 0.035165611654520035
51 240 0.018412798643112183
51 320 0.013453333638608456
51 400 0.018209323287010193
52 0 0.015150998719036579
52 80 0.012288203462958336
52 160 0.02183045633137226
52 240 0.014975028112530708
52 320 0.04354401305317879
52 400 0.03862730786204338
53 0 0.06435664743185043
53 80 0.04066679999232292
53 160 0.04954205080866814
53 240 0.012825872749090195
53 320 0.02325546182692051
53 400 0.03306792303919792
54 0 0.017020558938384056
54 80 0.01226111501455307
54 160 0.02021219953894615
54 240 0.021571414545178413
54 320 0.028277436271309853
54 400 0.01366413477808237
55 0 0.018289271742105484
55 80 0.018123392015695572
55 160 0.014836295507848263
55 240 0.01741952821612358
55 320 0.018062401562929153
55 400 0.01880894973874092
56 0 0.037668030709028244
56 80 0.030011918395757675
56 160 0.043816786259412766
56 240 0.04744768887758255
56 320 0.027852075174450874
56 400 0.05701861158013344
57 0 0.036565911024808884
57 80 0.015321356244385242
57 160 0.034603990614414215
57 240 0.01558416523039341
57 320 0.014749065972864628
57 400 0.010285082273185253
58 0 0.024768564850091934
58 80 0.013704466633498669
58 160 0.0656442791223526
58 240 0.02374923601746559
58 320 0.031634144484996796
58 400 0.011951304972171783
59 0 0.02388024516403675
59 80 0.0265811774879694
59 160 0.026263585314154625
59 240 0.03774737939238548
59 320 0.018615132197737694
59 400 0.039150647819042206
60 0 0.0284566730260849
60 80 0.024739043787121773
60 160 0.018750950694084167
60 240 0.012224952690303326
60 320 0.05789827182888985
60 400 0.020740967243909836
61 0 0.022208822891116142
61 80 0.02189999632537365
61 160 0.017060700803995132
61 240 0.009824614971876144
61 320 0.03028964251279831
61 400 0.032156653702259064
62 0 0.0201658234000206
62 80 0.022371618077158928
62 160 0.01636844128370285
62 240 0.018877388909459114
62 320 0.034620076417922974
62 400 0.03300738334655762
63 0 0.039664458483457565
63 80 0.018585113808512688
63 160 0.047774434089660645
63 240 0.02431395836174488
63 320 0.015194885432720184
63 400 0.012048674747347832
64 0 0.018436655402183533
64 80 0.020394276827573776
64 160 0.008815564215183258
64 240 0.033684518188238144
64 320 0.007426900323480368
64 400 0.015130584128201008
65 0 0.011964449658989906
65 80 0.026668310165405273
65 160 0.01735423132777214
65 240 0.021467246115207672
65 320 0.016122693195939064
65 400 0.02790057472884655
66 0 0.012201984412968159
66 80 0.025103004649281502
66 160 0.011224817484617233
66 240 0.021025121212005615
66 320 0.012534022331237793
66 400 0.021703867241740227
67 0 0.02504459209740162
67 80 0.0258518997579813
67 160 0.02090315893292427
67 240 0.020680615678429604
67 320 0.029215794056653976
67 400 0.014733823947608471
68 0 0.016034714877605438
68 80 0.03160792961716652
68 160 0.022508136928081512
68 240 0.02313399687409401
68 320 0.008898817002773285
68 400 0.031056253239512444
69 0 0.012684222310781479
69 80 0.011675442568957806
69 160 0.017195751890540123
69 240 0.019207511097192764
69 320 0.01675553433597088
69 400 0.015372231602668762
70 0 0.013961142860352993
70 80 0.026903262361884117
70 160 0.014381061308085918
70 240 0.007901037111878395
70 320 0.009029073640704155
70 400 0.011613558046519756
71 0 0.023020582273602486
71 80 0.014492589049041271
71 160 0.014820309355854988
71 240 0.02306118793785572
71 320 0.01479848101735115
71 400 0.007608645595610142
72 0 0.018933041021227837
72 80 0.007653295993804932
72 160 0.008556348271667957
72 240 0.018401505425572395
72 320 0.010148203931748867
72 400 0.019758956506848335
73 0 0.010304160416126251
73 80 0.01242002658545971
73 160 0.013803216628730297
73 240 0.014817544259130955
73 320 0.02232627384364605
73 400 0.011463011614978313
74 0 0.008993486873805523
74 80 0.015133287757635117
74 160 0.011074641719460487
74 240 0.012259213253855705
74 320 0.02106695994734764
74 400 0.019300175830721855
75 0 0.01734609715640545
75 80 0.02986721880733967
75 160 0.03030719794332981
75 240 0.03621700778603554
75 320 0.01851905696094036
75 400 0.02710513211786747
76 0 0.013005626387894154
76 80 0.019903767853975296
76 160 0.007908841595053673
76 240 0.012900695204734802
76 320 0.007601473480463028
76 400 0.013720824383199215
77 0 0.010100793093442917
77 80 0.008162007667124271
77 160 0.011203781701624393
77 240 0.01349654607474804
77 320 0.019546955823898315
77 400 0.01932297646999359
78 0 0.012136767618358135
78 80 0.00946445669978857
78 160 0.018898528069257736
78 240 0.015379104763269424
78 320 0.007704929914325476
78 400 0.016199983656406403
79 0 0.014356965199112892
79 80 0.00962044671177864
79 160 0.019368000328540802
79 240 0.006881414446979761
79 320 0.00962409283965826
79 400 0.030088631436228752
80 0 0.006959645077586174
80 80 0.018922053277492523
80 160 0.009386538527905941
80 240 0.03536418080329895
80 320 0.01890825293958187
80 400 0.010578115470707417
81 0 0.0219337847083807
81 80 0.011967508122324944
81 160 0.016532842069864273
81 240 0.020677238702774048
81 320 0.006366260349750519
81 400 0.0066888416185975075
82 0 0.017642958089709282
82 80 0.005523021798580885
82 160 0.008095300756394863
82 240 0.016235176473855972
82 320 0.014040018431842327
82 400 0.0083922753110528
83 0 0.02666114643216133
83 80 0.013407101854681969
83 160 0.00969818327575922
83 240 0.010124512948095798
83 320 0.01901535503566265
83 400 0.013869969174265862
84 0 0.007044716272503138
84 80 0.009919418022036552
84 160 0.01173266489058733
84 240 0.030136723071336746
84 320 0.010417938232421875
84 400 0.017750553786754608
85 0 0.008730628527700901
85 80 0.008760547265410423
85 160 0.011007736437022686
85 240 0.050464995205402374
85 320 0.012844162061810493
85 400 0.013567115180194378
86 0 0.010896171443164349
86 80 0.018200380727648735
86 160 0.028368476778268814
86 240 0.00848491583019495
86 320 0.010121910832822323
86 400 0.005629863124340773
87 0 0.021488815546035767
87 80 0.009680231101810932
87 160 0.0053978911601006985
87 240 0.020574068650603294
87 320 0.005978163797408342
87 400 0.013524043373763561
88 0 0.011505135335028172
88 80 0.014919919893145561
88 160 0.012121438048779964
88 240 0.009692429564893246
88 320 0.0065852198749780655
88 400 0.01209193468093872
89 0 0.008526630699634552
89 80 0.02295084111392498
89 160 0.0066221002489328384
89 240 0.015010173432528973
89 320 0.018423505127429962
89 400 0.007369161117821932
90 0 0.011898361146450043
90 80 0.01784570701420307
90 160 0.010325783863663673
90 240 0.0062615349888801575
90 320 0.011334466747939587
90 400 0.015009514056146145
91 0 0.01329249981790781
91 80 0.009466401301324368
91 160 0.007061506621539593
91 240 0.009764703921973705
91 320 0.012994433753192425
91 400 0.009464140981435776
92 0 0.007364633493125439
92 80 0.007896417751908302
92 160 0.008385760709643364
92 240 0.017437079921364784
92 320 0.023719971999526024
92 400 0.006413622759282589
93 0 0.029666520655155182
93 80 0.008927648887038231
93 160 0.007585767190903425
93 240 0.011213056743144989
93 320 0.011749207973480225
93 400 0.005164125002920628
94 0 0.004412851296365261
94 80 0.0028058055322617292
94 160 0.014510169625282288
94 240 0.012742051854729652
94 320 0.018984083086252213
94 400 0.009050225839018822
95 0 0.017918415367603302
95 80 0.007550335489213467
95 160 0.016409996896982193
95 240 0.013759794645011425
95 320 0.016082966700196266
95 400 0.01602860912680626
96 0 0.008483591489493847
96 80 0.011072281748056412
96 160 0.00943890493363142
96 240 0.02274247817695141
96 320 0.015026742592453957
96 400 0.01571529358625412
97 0 0.015071867033839226
97 80 0.008356614038348198
97 160 0.015379946678876877
97 240 0.013663197867572308
97 320 0.009999769739806652
97 400 0.007729659788310528
98 0 0.008009083569049835
98 80 0.013967561535537243
98 160 0.0062682488933205605
98 240 0.008598553016781807
98 320 0.008020528592169285
98 400 0.004671370144933462
99 0 0.009158838540315628
99 80 0.00805656611919403
99 160 0.021153368055820465
99 240 0.007428252138197422
99 320 0.01077123824506998
99 400 0.009240478277206421
100 0 0.01805284433066845
100 80 0.016778625547885895
100 160 0.010561048984527588
100 240 0.016834964975714684
100 320 0.008077568374574184
100 400 0.02401185967028141
101 0 0.013619465753436089
101 80 0.008326929062604904
101 160 0.012637130916118622
101 240 0.007423005532473326
101 320 0.005335534922778606
101 400 0.008852719329297543
102 0 0.006093253847211599
102 80 0.008976378478109837
102 160 0.013072507455945015
102 240 0.009895593859255314
102 320 0.014285947196185589
102 400 0.010139614343643188
103 0 0.010192674584686756
103 80 0.009662950411438942
103 160 0.011694798246026039
103 240 0.012189497239887714
103 320 0.01253664493560791
103 400 0.00952858291566372
104 0 0.02445908449590206
104 80 0.022891107946634293
104 160 0.0049917688593268394
104 240 0.01309546735137701
104 320 0.012357903644442558
104 400 0.014308091253042221
105 0 0.016043761745095253
105 80 0.01474884245544672
105 160 0.012424598447978497
105 240 0.010610872879624367
105 320 0.012860127724707127
105 400 0.0038437028415501118
106 0 0.005019822157919407
106 80 0.016473783180117607
106 160 0.012089256197214127
106 240 0.010353744961321354
106 320 0.005599837750196457
106 400 0.011393941007554531
107 0 0.011686746031045914
107 80 0.010286026634275913
107 160 0.010942907072603703
107 240 0.006268232129514217
107 320 0.013393057510256767
107 400 0.019953688606619835
108 0 0.006578812375664711
108 80 0.010253788903355598
108 160 0.005023769102990627
108 240 0.013059011660516262
108 320 0.009647710248827934
108 400 0.012667322531342506
109 0 0.021850859746336937
109 80 0.008636309765279293
109 160 0.0057939221151173115
109 240 0.0136909494176507
109 320 0.012185826897621155
109 400 0.009626398794353008
110 0 0.008254232816398144
110 80 0.01538722962141037
110 160 0.007697081193327904
110 240 0.009497087448835373
110 320 0.010557380504906178
110 400 0.007408765610307455
111 0 0.004243804141879082
111 80 0.00530780665576458
111 160 0.005765150301158428
111 240 0.009498868137598038
111 320 0.008913541212677956
111 400 0.003912267275154591
112 0 0.01135574746876955
112 80 0.004029739182442427
112 160 0.006768885999917984
112 240 0.017564086243510246
112 320 0.005944251082837582
112 400 0.008131833747029305
113 0 0.01049270760267973
113 80 0.013630753383040428
113 160 0.006982000079005957
113 240 0.006962742656469345
113 320 0.015408202074468136
113 400 0.005509104114025831
114 0 0.00901985913515091
114 80 0.010563933290541172
114 160 0.005029858555644751
114 240 0.01004277728497982
114 320 0.006443127058446407
114 400 0.006562704220414162
115 0 0.0069975899532437325
115 80 0.0033789309673011303
115 160 0.008202658034861088
115 240 0.004015468992292881
115 320 0.011564127169549465
115 400 0.010511435568332672
116 0 0.00969817116856575
116 80 0.01284082978963852
116 160 0.012329401448369026
116 240 0.010258421301841736
116 320 0.0103523014113307
116 400 0.008900104090571404
117 0 0.007318693213164806
117 80 0.01228855736553669
117 160 0.005011764355003834
117 240 0.0055208271369338036
117 320 0.008360031060874462
117 400 0.008236119523644447
118 0 0.005992168094962835
118 80 0.010483223013579845
118 160 0.005868757609277964
118 240 0.01498414296656847
118 320 0.010511316359043121
118 400 0.004144249018281698
119 0 0.0053586894646286964
119 80 0.009725512936711311
119 160 0.007142118643969297
119 240 0.00812448374927044
119 320 0.006494341883808374
119 400 0.00907138455659151
120 0 0.008945113979279995
120 80 0.006521094590425491
120 160 0.0068900068290531635
120 240 0.007486769463866949
120 320 0.007993907667696476
120 400 0.005099541507661343
121 0 0.020241443067789078
121 80 0.012198408134281635
121 160 0.009296935051679611
121 240 0.010112707503139973
121 320 0.0056106168776750565
121 400 0.0055169700644910336
122 0 0.007836010307073593
122 80 0.00835774652659893
122 160 0.011142121627926826
122 240 0.005175426602363586
122 320 0.007278347387909889
122 400 0.006142557132989168
123 0 0.004568096715956926
123 80 0.011328588239848614
123 160 0.014822795987129211
123 240 0.006292047910392284
123 320 0.013486272655427456
123 400 0.0075132716447114944
124 0 0.004304457455873489
124 80 0.004560800734907389
124 160 0.008329886943101883
124 240 0.013139001093804836
124 320 0.010404501110315323
124 400 0.016662022098898888
125 0 0.004609899595379829
125 80 0.008745399303734303
125 160 0.007629865780472755
125 240 0.0028327060863375664
125 320 0.0051107765175402164
125 400 0.01170002669095993
126 0 0.009225722402334213
126 80 0.004992397967725992
126 160 0.009056457318365574
126 240 0.004494005814194679
126 320 0.012151435017585754
126 400 0.005264845676720142
127 0 0.004416295792907476
127 80 0.009410232305526733
127 160 0.01057513803243637
127 240 0.008920631371438503
127 320 0.008719264529645443
127 400 0.008169871754944324
128 0 0.004950371570885181
128 80 0.0072628650814294815
128 160 0.005403594113886356
128 240 0.00419327337294817
128 320 0.02068660967051983
128 400 0.00576592655852437
129 0 0.00817946344614029
129 80 0.008975689299404621
129 160 0.013115515932440758
129 240 0.003855865215882659
129 320 0.00616879528388381
129 400 0.005561013240367174
130 0 0.006591173354536295
130 80 0.007016219664365053
130 160 0.0067359586246311665
130 240 0.008652741089463234
130 320 0.0068175047636032104
130 400 0.010293923318386078
131 0 0.006165837869048119
131 80 0.008946090936660767
131 160 0.004457797389477491
131 240 0.011401585303246975
131 320 0.014484584331512451
131 400 0.011234774254262447
132 0 0.013762099668383598
132 80 0.010385971516370773
132 160 0.004266709554940462
132 240 0.00887948740273714
132 320 0.010070325806736946
132 400 0.009676525369286537
133 0 0.007073455024510622
133 80 0.007910799235105515
133 160 0.012608956545591354
133 240 0.0066933282651007175
133 320 0.004875755403190851
133 400 0.006630298215895891
134 0 0.004697395022958517
134 80 0.005308679770678282
134 160 0.0051039219833910465
134 240 0.004942942876368761
134 320 0.006425360683351755
134 400 0.00403496902436018
135 0 0.005521966610103846
135 80 0.003491772571578622
135 160 0.010235309600830078
135 240 0.005268946755677462
135 320 0.012455430813133717
135 400 0.007623715326189995
136 0 0.005855013150721788
136 80 0.006055025849491358
136 160 0.0035650909412652254
136 240 0.007244421169161797
136 320 0.006876906845718622
136 400 0.005964814219623804
137 0 0.0040521216578781605
137 80 0.009304055012762547
137 160 0.008312920108437538
137 240 0.002844728995114565
137 320 0.004098223987966776
137 400 0.0036136668641120195
138 0 0.008251754567027092
138 80 0.00711682578548789
138 160 0.007747612427920103
138 240 0.0059220758266747
138 320 0.00748024694621563
138 400 0.003509166417643428
139 0 0.010065185837447643
139 80 0.011717687360942364
139 160 0.0044545261189341545
139 240 0.007034349720925093
139 320 0.004217884037643671
139 400 0.008955941535532475
140 0 0.003940234892070293
140 80 0.00799601897597313
140 160 0.0034360631834715605
140 240 0.007340865675359964
140 320 0.009547451511025429
140 400 0.00370610598474741
141 0 0.005511352326720953
141 80 0.0065056695602834225
141 160 0.006277829874306917
141 240 0.00856415368616581
141 320 0.0075518470257520676
141 400 0.009972023777663708
142 0 0.005035981070250273
142 80 0.004030624404549599
142 160 0.0041836826130747795
142 240 0.007099433336406946
142 320 0.007250707596540451
142 400 0.0033998973667621613
143 0 0.00684985239058733
143 80 0.008696689270436764
143 160 0.006643626838922501
143 240 0.0035580284893512726
143 320 0.005792862735688686
143 400 0.007316849194467068
144 0 0.0062691825442016125
144 80 0.008027352392673492
144 160 0.010126013308763504
144 240 0.003984716255217791
144 320 0.006495197769254446
144 400 0.0054788002744317055
145 0 0.006821149494498968
145 80 0.004350290168076754
145 160 0.013649472035467625
145 240 0.0017823097296059132
145 320 0.007055077701807022
145 400 0.005005156621336937
146 0 0.007164828013628721
146 80 0.0019572970923036337
146 160 0.005752920638769865
146 240 0.007622494827955961
146 320 0.008053409866988659
146 400 0.013745560310781002
147 0 0.008485902100801468
147 80 0.0023700417950749397
147 160 0.006285089533776045
147 240 0.005884897895157337
147 320 0.0022994689643383026
147 400 0.004024879075586796
148 0 0.003533490002155304
148 80 0.005142278037965298
148 160 0.00781171303242445
148 240 0.002826828509569168
148 320 0.007868089713156223
148 400 0.007951989769935608
149 0 0.007003291510045528
149 80 0.00752905011177063
149 160 0.0061806924641132355
149 240 0.0038299427833408117
149 320 0.00760647514835
149 400 0.003998120781034231
150 0 0.0038991381879895926
150 80 0.004241521470248699
150 160 0.00929320603609085
150 240 0.009073767811059952
150 320 0.004446203820407391
150 400 0.0074350954964756966
151 0 0.003528216853737831
151 80 0.008247578516602516
151 160 0.004867519252002239
151 240 0.004623934626579285
151 320 0.0061835478991270065
151 400 0.0027661523781716824
152 0 0.0033426638692617416
152 80 0.007038690149784088
152 160 0.00754546420648694
152 240 0.004640539176762104
152 320 0.0048594106920063496
152 400 0.004435720853507519
153 0 0.006295530591160059
153 80 0.008785752579569817
153 160 0.008479353971779346
153 240 0.0027303406968712807
153 320 0.005202293395996094
153 400 0.008767838589847088
154 0 0.010120023041963577
154 80 0.008195682428777218
154 160 0.005606542807072401
154 240 0.004680334124714136
154 320 0.002477798145264387
154 400 0.004955571610480547
155 0 0.003671701531857252
155 80 0.006207783240824938
155 160 0.0018604127690196037
155 240 0.009462571702897549
155 320 0.0059446003288030624
155 400 0.006829915568232536
156 0 0.00911296159029007
156 80 0.003622592194005847
156 160 0.007851808331906796
156 240 0.008295174688100815
156 320 0.003788391826674342
156 400 0.0026565862353891134
157 0 0.005322638433426619
157 80 0.010995603166520596
157 160 0.008761963807046413
157 240 0.006574345286935568
157 320 0.002908571157604456
157 400 0.006974316202104092
158 0 0.002414720132946968
158 80 0.00417976314201951
158 160 0.0062630996108055115
158 240 0.002830613637343049
158 320 0.004737504757940769
158 400 0.00595061806961894
159 0 0.007374657317996025
159 80 0.008192555978894234
159 160 0.0025279633700847626
159 240 0.004979442339390516
159 320 0.0038661977741867304
159 400 0.007464890368282795
160 0 0.005234209820628166
160 80 0.00448874244466424
160 160 0.005566250998526812
160 240 0.003813140094280243
160 320 0.002461344702169299
160 400 0.003469705581665039
161 0 0.0034858500584959984
161 80 0.0038043104577809572
161 160 0.004459591116756201
161 240 0.0017992069479078054
161 320 0.00548125384375453
161 400 0.004996854811906815
162 0 0.006214850582182407
162 80 0.0069202338345348835
162 160 0.00400074478238821
162 240 0.0061018457636237144
162 320 0.00547165609896183
162 400 0.004661245737224817
163 0 0.0042812405154109
163 80 0.0026334065478295088
163 160 0.0024127443321049213
163 240 0.002178407507017255
163 320 0.004148636944591999
163 400 0.011371725238859653
164 0 0.005267060827463865
164 80 0.006474775727838278
164 160 0.002021027961745858
164 240 0.008838154375553131
164 320 0.003489467781037092
164 400 0.0035646576434373856
165 0 0.007172031793743372
165 80 0.005356300622224808
165 160 0.003020505653694272
165 240 0.008399794809520245
165 320 0.004573926795274019
165 400 0.005683633033186197
166 0 0.0024281092919409275
166 80 0.0017453096807003021
166 160 0.004769164603203535
166 240 0.005584653466939926
166 320 0.0027307651471346617
166 400 0.005013899877667427
167 0 0.004568831995129585
167 80 0.003804322797805071
167 160 0.0033187386579811573
167 240 0.0033551936503499746
167 320 0.0026175889652222395
167 400 0.006851657759398222
168 0 0.006404752843081951
168 80 0.005356674548238516
168 160 0.0032299014274030924
168 240 0.012751968577504158
168 320 0.004317127633839846
168 400 0.0030650694388896227
169 0 0.003996876534074545
169 80 0.0034167934209108353
169 160 0.005307132378220558
169 240 0.004715737886726856
169 320 0.005737891886383295
169 400 0.005789109971374273
170 0 0.001978999236598611
170 80 0.005472084041684866
170 160 0.008050445467233658
170 240 0.0031691633630543947
170 320 0.0031804137397557497
170 400 0.004639889113605022
171 0 0.004745020531117916
171 80 0.0030110273510217667
171 160 0.0036821817047894
171 240 0.007144703529775143
171 320 0.009052595123648643
171 400 0.002608440350741148
172 0 0.0029761199839413166
172 80 0.002330212155357003
172 160 0.0010464665247127414
172 240 0.003969181794673204
172 320 0.004290231969207525
172 400 0.007359560113400221
173 0 0.0020465340930968523
173 80 0.0037812339141964912
173 160 0.0038115771021693945
173 240 0.006629783660173416
173 320 0.0032797669991850853
173 400 0.003740919753909111
174 0 0.004851397126913071
174 80 0.003881999058648944
174 160 0.0050287325866520405
174 240 0.004131168592721224
174 320 0.002274502534419298
174 400 0.003909672610461712
175 0 0.0031944026704877615
175 80 0.003930692095309496
175 160 0.002588821342214942
175 240 0.004256854299455881
175 320 0.006307749077677727
175 400 0.003442229935899377
176 0 0.0015878626145422459
176 80 0.009075905196368694
176 160 0.0019104656530544162
176 240 0.004613757599145174
176 320 0.007516075391322374
176 400 0.005794627126306295
177 0 0.0030756641644984484
177 80 0.007038351614028215
177 160 0.0024175189901143312
177 240 0.004112636670470238
177 320 0.0027514284010976553
177 400 0.00465921638533473
178 0 0.004902251530438662
178 80 0.002432640176266432
178 160 0.007518942467868328
178 240 0.00264507788233459
178 320 0.009275545366108418
178 400 0.0056974985636770725
179 0 0.004039478022605181
179 80 0.0037398822605609894
179 160 0.0050214421935379505
179 240 0.0027246319223195314
179 320 0.0030538495630025864
179 400 0.007892006076872349
180 0 0.005015654489398003
180 80 0.0055414363741874695
180 160 0.003529644338414073
180 240 0.004042990040034056
180 320 0.005382133182138205
180 400 0.006354819983243942
181 0 0.0037557166069746017
181 80 0.004019119311124086
181 160 0.007961987517774105
181 240 0.005108760204166174
181 320 0.0025956439785659313
181 400 0.006174673791974783
182 0 0.00759432977065444
182 80 0.004012296907603741
182 160 0.004742131568491459
182 240 0.002271909499540925
182 320 0.0038650906644761562
182 400 0.002386688021942973
183 0 0.0020062257535755634
183 80 0.004085638094693422
183 160 0.003349662758409977
183 240 0.002954788040369749
183 320 0.0070923734456300735
183 400 0.004315357189625502
184 0 0.002393760485574603
184 80 0.005368536803871393
184 160 0.0031423429027199745
184 240 0.0053640264086425304
184 320 0.002649367321282625
184 400 0.005670001730322838
185 0 0.005211169365793467
185 80 0.0025974379386752844
185 160 0.004311101045459509
185 240 0.008220412768423557
185 320 0.004995991475880146
185 400 0.0043758004903793335
186 0 0.0072815632447600365
186 80 0.0035937309730798006
186 160 0.0030411998741328716
186 240 0.0032780359033495188
186 320 0.0035162526182830334
186 400 0.004316157661378384
187 0 0.003030418884009123
187 80 0.005756460130214691
187 160 0.0033021788112819195
187 240 0.004702426493167877
187 320 0.003861017059534788
187 400 0.004885170608758926
188 0 0.0032701166346669197
188 80 0.001919926144182682
188 160 0.003439969150349498
188 240 0.004243954550474882
188 320 0.008671009913086891
188 400 0.0024338047951459885
189 0 0.004966086708009243
189 80 0.005399184301495552
189 160 0.004367305897176266
189 240 0.004043427761644125
189 320 0.002885887399315834
189 400 0.00347959715873003
190 0 0.0044556353241205215
190 80 0.00738225132226944
190 160 0.004926486872136593
190 240 0.0034442332107573748
190 320 0.001683125039562583
190 400 0.0024665878154337406
191 0 0.005001267418265343
191 80 0.005258460063487291
191 160 0.0050880336202681065
191 240 0.005427168216556311
191 320 0.0029272129759192467
191 400 0.004817909561097622
192 0 0.0031640350352972746
192 80 0.003160659456625581
192 160 0.006873520091176033
192 240 0.006508140359073877
192 320 0.0036060463171452284
192 400 0.007781493477523327
193 0 0.003506680019199848
193 80 0.0036928667686879635
193 160 0.004503075499087572
193 240 0.003073896048590541
193 320 0.004182995297014713
193 400 0.0025969676207751036
194 0 0.0033189894165843725
194 80 0.003971052821725607
194 160 0.008374965749680996
194 240 0.0035094984341412783
194 320 0.0038558815140277147
194 400 0.002814507344737649
195 0 0.006729709450155497
195 80 0.0019307654583826661
195 160 0.002285430673509836
195 240 0.003678543260321021
195 320 0.0026385942474007607
195 400 0.004853411577641964
196 0 0.0012717255158349872
196 80 0.003096642903983593
196 160 0.002704781014472246
196 240 0.0024349766317754984
196 320 0.0032278052531182766
196 400 0.003122965805232525
197 0 0.0030211820267140865
197 80 0.006973240524530411
197 160 0.0048647718504071236
197 240 0.001902957446873188
197 320 0.0030106494668871164
197 400 0.0021965487394481897
198 0 0.006441750098019838
198 80 0.0022251210175454617
198 160 0.005261153914034367
198 240 0.0024028581101447344
198 320 0.005161954555660486
198 400 0.005932436790317297
199 0 0.003809406654909253
199 80 0.006056215614080429
199 160 0.003437414299696684
199 240 0.004774893168359995
199 320 0.0037006933707743883
199 400 0.002676076255738735
200 0 0.004922025837004185
200 80 0.0033037583343684673
200 160 0.0037823314778506756
200 240 0.002236977219581604
200 320 0.00207639392465353
200 400 0.0047962963581085205
201 0 0.0019922268111258745
201 80 0.0025350225623697042
201 160 0.0019915339071303606
201 240 0.00504701305180788
201 320 0.003665765980258584
201 400 0.004314977675676346
202 0 0.0033793016336858273
202 80 0.0027212537825107574
202 160 0.0028564988169819117
202 240 0.0025618900544941425
202 320 0.007300232071429491
202 400 0.003935119137167931
203 0 0.003622877411544323
203 80 0.0038938848301768303
203 160 0.007885848172008991
203 240 0.004313061013817787
203 320 0.004621739033609629
203 400 0.004503353964537382
204 0 0.0008820024668239057
204 80 0.004814924206584692
204 160 0.002518723951652646
204 240 0.0033125337213277817
204 320 0.004967147018760443
204 400 0.003390367142856121
205 0 0.0031224475242197514
205 80 0.0022194478660821915
205 160 0.0026827873662114143
205 240 0.0033851033076643944
205 320 0.007234495133161545
205 400 0.002798487665131688
206 0 0.003038576804101467
206 80 0.004163467325270176
206 160 0.003664171090349555
206 240 0.0022812180686742067
206 320 0.0024385706055909395
206 400 0.0014847652055323124
207 0 0.006937189493328333
207 80 0.002001824788749218
207 160 0.0031022580806165934
207 240 0.002702724887058139
207 320 0.007106723263859749
207 400 0.004895708058029413
208 0 0.003163393819704652
208 80 0.004554165992885828
208 160 0.001965573290362954
208 240 0.003166684415191412
208 320 0.002829350298270583
208 400 0.002735925605520606
209 0 0.003484743181616068
209 80 0.004056917503476143
209 160 0.004401707090437412
209 240 0.005005639046430588
209 320 0.002265478717163205
209 400 0.0014845055993646383
210 0 0.005369644146412611
210 80 0.00421731173992157
210 160 0.0033216257579624653
210 240 0.003174630692228675
210 320 0.002347994362935424
210 400 0.005101453047245741
211 0 0.002263715723529458
211 80 0.004069466609507799
211 160 0.0029909906443208456
211 240 0.0039934273809194565
211 320 0.0063263606280088425
211 400 0.0024213003925979137
212 0 0.0026753374841064215
212 80 0.003702407469972968
212 160 0.0036914865486323833
212 240 0.004319273866713047
212 320 0.0014222520403563976
212 400 0.0038150069303810596
213 0 0.0026335769798606634
213 80 0.0026821650099009275
213 160 0.001929673831909895
213 240 0.005446423310786486
213 320 0.0027397002559155226
213 400 0.004488663282245398
214 0 0.004039402585476637
214 80 0.0029443579260259867
214 160 0.0043086400255560875
214 240 0.002628379501402378
214 320 0.004126701503992081
214 400 0.0031064527574926615
215 0 0.0017034481279551983
215 80 0.00243230233900249
215 160 0.002633226802572608
215 240 0.0022074987646192312
215 320 0.004166519735008478
215 400 0.00297399889677763
216 0 0.0007792458636686206
216 80 0.003527112537994981
216 160 0.0029939792584627867
216 240 0.004797498695552349
216 320 0.004592255223542452
216 400 0.0018587633967399597
217 0 0.0035539723467081785
217 80 0.0012464971514418721
217 160 0.0015987575752660632
217 240 0.003237769939005375
217 320 0.0038312554825097322
217 400 0.002852178644388914
218 0 0.002772553823888302
218 80 0.0026905275881290436
218 160 0.004178783390671015
218 240 0.004598957486450672
218 320 0.005197640508413315
218 400 0.002302771434187889
219 0 0.0018759501399472356
219 80 0.0016705933958292007
219 160 0.00853775069117546
219 240 0.002213099505752325
219 320 0.002323377877473831
219 400 0.002732777502387762
220 0 0.006071987561881542
220 80 0.0020305346697568893
220 160 0.002289628377184272
220 240 0.001216004486195743
220 320 0.00436742790043354
220 400 0.0025734773371368647
221 0 0.003121587447822094
221 80 0.0040074242278933525
221 160 0.0030514865648001432
221 240 0.003711282042786479
221 320 0.002100797602906823
221 400 0.0032647696789354086
222 0 0.0038831860292702913
222 80 0.003008428728207946
222 160 0.003943977411836386
222 240 0.0038446965627372265
222 320 0.0016234420472756028
222 400 0.0014434718759730458
223 0 0.0021924565080553293
223 80 0.002169647254049778
223 160 0.002162872813642025
223 240 0.0013866272056475282
223 320 0.0036310988944023848
223 400 0.002822467591613531
224 0 0.0029317447915673256
224 80 0.0036188799422234297
224 160 0.0029366964008659124
224 240 0.0025933170691132545
224 320 0.0038014762103557587
224 400 0.003546138759702444
225 0 0.00546498317271471
225 80 0.003135401289910078
225 160 0.0034249266609549522
225 240 0.002409380627796054
225 320 0.005017597693949938
225 400 0.002109214197844267
226 0 0.0013066328829154372
226 80 0.00130467489361763
226 160 0.002846556482836604
226 240 0.003569964086636901
226 320 0.0012583332136273384
226 400 0.00290781632065773
227 0 0.0024078607093542814
227 80 0.001454346114769578
227 160 0.00136880564969033
227 240 0.0037012447137385607
227 320 0.0017802458023652434
227 400 0.0020856144838035107
228 0 0.002100071869790554
228 80 0.00549639668315649
228 160 0.005054905079305172
228 240 0.0032361375633627176
228 320 0.002885789144784212
228 400 0.0039865984581410885
229 0 0.0030474867671728134
229 80 0.0036841542460024357
229 160 0.004645921755582094
229 240 0.0019438064191490412
229 320 0.0023527031298726797
229 400 0.0028881672769784927
230 0 0.003659864654764533
230 80 0.00507937278598547
230 160 0.0017731282860040665
230 240 0.003144955961033702
230 320 0.0036164692137390375
230 400 0.0023425212129950523
231 0 0.001662523951381445
231 80 0.005118235945701599
231 160 0.002476232359185815
231 240 0.004347370006144047
231 320 0.0010710660135373473
231 400 0.0018724838737398386
232 0 0.0016626736614853144
232 80 0.0018987678922712803
232 160 0.0018137632869184017
232 240 0.002649503294378519
232 320 0.0013397207949310541
232 400 0.0007885046652518213
233 0 0.003043132135644555
233 80 0.003032910404726863
233 160 0.0031086793169379234
233 240 0.002862954046577215
233 320 0.0011547693284228444
233 400 0.0032974991481751204
234 0 0.003936313092708588
234 80 0.004532723221927881
234 160 0.0027078615967184305
234 240 0.0027650361880660057
234 320 0.0011574937961995602
234 400 0.0022634025663137436
235 0 0.0014343285001814365
235 80 0.005849685985594988
235 160 0.0020694283302873373
235 240 0.0019312351942062378
235 320 0.004807776305824518
235 400 0.004429553635418415
236 0 0.0028063226491212845
236 80 0.007638000883162022
236 160 0.003661547787487507
236 240 0.0015270010335370898
236 320 0.0031275830697268248
236 400 0.0019468687241896987
237 0 0.0012446630280464888
237 80 0.0015848748153075576
237 160 0.0024686842225492
237 240 0.003077785950154066
237 320 0.0030390662141144276
237 400 0.002494561718776822
238 0 0.004279843997210264
238 80 0.0016837192233651876
238 160 0.002236747182905674
238 240 0.0029125765431672335
238 320 0.0049584852531552315
238 400 0.004614122211933136
239 0 0.004589654505252838
239 80 0.0020881921518594027
239 160 0.002887899288907647
239 240 0.001463484950363636
239 320 0.002194012748077512
239 400 0.0038008317351341248
240 0 0.0030382564291357994
240 80 0.0011836558114737272
240 160 0.001402578898705542
240 240 0.0027024694718420506
240 320 0.001281058182939887
240 400 0.005477991420775652
241 0 0.0033546066842973232
241 80 0.004316754173487425
241 160 0.004642581567168236
241 240 0.004168536979705095
241 320 0.0036369403824210167
241 400 0.001997912535443902
242 0 0.0017566501628607512
242 80 0.0022824115585535765
242 160 0.0018593223067000508
242 240 0.004534563515335321
242 320 0.001695210114121437
242 400 0.003026549704372883
243 0 0.001335451379418373
243 80 0.003895454341545701
243 160 0.0018224961822852492
243 240 0.002427169354632497
243 320 0.0018076187698170543
243 400 0.0027594249695539474
244 0 0.0022195340134203434
244 80 0.0022220872342586517
244 160 0.002673407318070531
244 240 0.0028870939277112484
244 320 0.0027295195031911135
244 400 0.004744331818073988
245 0 0.00447068503126502
245 80 0.002425504382699728
245 160 0.004341048188507557
245 240 0.0036691436544060707
245 320 0.0045844572596251965
245 400 0.0033930721692740917
246 0 0.002054700395092368
246 80 0.0026055907364934683
246 160 0.002330182585865259
246 240 0.0020546370651572943
246 320 0.0018851979402825236
246 400 0.0016461154446005821
247 0 0.0015437857946380973
247 80 0.002054224954918027
247 160 0.001839921809732914
247 240 0.0022922572679817677
247 320 0.0034113603178411722
247 400 0.0027022906579077244
248 0 0.0030467528849840164
248 80 0.0026736578438431025
248 160 0.005365302786231041
248 240 0.003001235891133547
248 320 0.0027574626728892326
248 400 0.002170443767681718
249 0 0.0021359517704695463
249 80 0.002305086236447096
249 160 0.001355515792965889
249 240 0.0036938779521733522
249 320 0.002536153420805931
249 400 0.005736979655921459
250 0 0.003146078670397401
250 80 0.0033301240764558315
250 160 0.0021761651150882244
250 240 0.0033212562557309866
250 320 0.003190202172845602
250 400 0.0009080736199393868
251 0 0.0017935738433152437
251 80 0.0010212520137429237
251 160 0.0008280372712761164
251 240 0.001721489243209362
251 320 0.003187824971973896
251 400 0.0018435647943988442
252 0 0.0032660167198628187
252 80 0.003027465660125017
252 160 0.0019455598667263985
252 240 0.0013347669737413526
252 320 0.0035434311721473932
252 400 0.0018573181005194783
253 0 0.002757270820438862
253 80 0.0034175068140029907
253 160 0.005151951685547829
253 240 0.0020056345965713263
253 320 0.0038812451530247927
253 400 0.003790755057707429
254 0 0.002230484504252672
254 80 0.0030444252770394087
254 160 0.003307997714728117
254 240 0.0022373730316758156
254 320 0.0022252043709158897
254 400 0.0007662970456294715
255 0 0.0014407604467123747
255 80 0.003108069533482194
255 160 0.0071640959940850735
255 240 0.003963535185903311
255 320 0.0011757155880331993
255 400 0.0015306243440136313
256 0 0.0030875506345182657
256 80 0.0017579611157998443
256 160 0.0019837175495922565
256 240 0.005460486281663179
256 320 0.001944277435541153
256 400 0.0036630043759942055
257 0 0.0028723874129354954
257 80 0.002898359904065728
257 160 0.004813517909497023
257 240 0.0010129681322723627
257 320 0.0013201333349570632
257 400 0.003815155243501067
258 0 0.0023885928094387054
258 80 0.002663979073986411
258 160 0.0017392534064128995
258 240 0.0027514081448316574
258 320 0.0019456493901088834
258 400 0.0034963921643793583
259 0 0.0010951677104458213
259 80 0.003975394647568464
259 160 0.0046178181655704975
259 240 0.002106224885210395
259 320 0.0023301749024540186
259 400 0.0021145667415112257
260 0 0.0031706986483186483
260 80 0.0024964497424662113
260 160 0.0014391990844160318
260 240 0.0031731801573187113
260 320 0.002796253189444542
260 400 0.0007482868968509138
261 0 0.0034409237559884787
261 80 0.0027888459153473377
261 160 0.0019394265254959464
261 240 0.0019426796352490783
