1 0.4056791205650199 0.8820166666666667
2 0.22730401294953279 0.9358833333333333
3 0.18649501720471168 0.9479333333333333
4 0.16136219651142417 0.9552333333333334
5 0.14365049005190192 0.9603166666666667
6 0.12970432902831258 0.9644333333333334
7 0.11881699258965978 0.968
8 0.10996801516553487 0.9705666666666667
9 0.10226524920701217 0.97255
10 0.09578099107739133 0.97455
11 0.090039326739845 0.9764
12 0.08508771979240085 0.9777333333333333
13 0.08060213809471521 0.9789166666666667
14 0.07662638377294993 0.9794333333333334
15 0.07291353408938278 0.9809666666666667
16 0.06958407457512833 0.9818333333333333
17 0.06660367262913093 0.98275
18 0.06373803466876178 0.9836833333333334
19 0.061223567806994485 0.9845166666666667
20 0.05878532103804955 0.9850333333333333
21 0.05662109654968672 0.986
22 0.05442558864214972 0.98625
23 0.05246122962614493 0.9872
24 0.050652666349035466 0.9877666666666667
25 0.04893544363950107 0.9881166666666666
26 0.04725895244787052 0.9888666666666667
27 0.045736992312694534 0.9893166666666666
28 0.04427925450429479 0.98975
29 0.042772825874848916 0.9902333333333333
30 0.041548309533962054 0.9904833333333334
31 0.040243160293332296 0.991
32 0.039080181580060706 0.9912833333333333
33 0.037943281419972365 0.9914666666666667
34 0.03679587781580209 0.9920333333333333
35 0.03581510569407805 0.99225
36 0.03473860819909428 0.99255
37 0.033850412165472056 0.9928166666666667
38 0.032856892039780934 0.9931833333333333
39 0.03204509182406196 0.9931833333333333
40 0.031190490329276715 0.9935833333333334
41 0.030401552004664184 0.9937666666666667
42 0.02958812467904805 0.9941
43 0.028799730318306543 0.9946166666666667
44 0.028142862867857856 0.9948333333333333
45 0.02739795553349038 0.9948
46 0.026763011709348097 0.9951666666666666
47 0.02613694527680908 0.9953166666666666
48 0.02547975664815383 0.9953166666666666
49 0.024893509406747342 0.99555
50 0.024326571694283344 0.99575
51 0.023714875857999074 0.9960666666666667
52 0.023218012831882753 0.9963
53 0.02270568631637071 0.9964833333333334
54 0.022206149041168154 0.9964666666666666
55 0.02166877365780315 0.9966166666666667
56 0.021213520290469055 0.99675
57 0.020784438763465137 0.99695
58 0.02032849486115009 0.9971
59 0.01986826493093041 0.9972166666666666
60 0.019458261295668543 0.9974
61 0.01909960164869232 0.99755
62 0.018697425410318286 0.9975833333333334
63 0.018300263939905904 0.9978
64 0.017956874134249366 0.9977333333333334
65 0.01757308165294561 0.99795
66 0.017233945138410908 0.9980333333333333
67 0.0169461875208723 0.9980666666666667
68 0.01660170860644152 0.9982333333333333
69 0.016286544511710275 0.9982333333333333
70 0.015993225618577335 0.9984
71 0.01568986868648641 0.99835
72 0.015395033469638114 0.9985333333333334
73 0.01512842274644275 0.9985333333333334
74 0.014822532438726695 0.9985666666666667
75 0.014573372793254822 0.9985833333333334
76 0.014332118690379266 0.9986333333333334
77 0.014040440524509276 0.9987833333333334
78 0.013822845950313627 0.9986166666666667
79 0.013587003385127862 0.9988
80 0.013330231783593863 0.99885
81 0.013138662805276384 0.9989166666666667
82 0.012894064741534815 0.99905
83 0.012698625749064439 0.9989666666666667
84 0.01248752454599576 0.99905
85 0.012297328414101558 0.9989333333333333
86 0.01208714997497147 0.9991333333333333
87 0.011885773978317216 0.9991666666666666
88 0.011695815846006244 0.9991666666666666
89 0.011512215101797538 0.9992
90 0.011345701676402201 0.9992
91 0.011153488126553611 0.99925
92 0.011003299089553735 0.99935
93 0.01083784797904032 0.9993833333333333
94 0.010670420940347841 0.99935
95 0.010491293215595963 0.99945
96 0.010374390814048269 0.9994166666666666
97 0.010199696543926337 0.9995166666666667
98 0.010062892695388464 0.9995333333333334
99 0.009915919272975722 0.99955
100 0.009766218632257092 0.9995833333333334
101 0.009646168241509672 0.9995333333333334
102 0.009507787182057368 0.9996333333333334
103 0.009370864545708018 0.9996
104 0.009253630642471379 0.9996333333333334
105 0.00910625461640873 0.9996333333333334
106 0.008993365643258049 0.9996166666666667
107 0.008868722375040489 0.9996333333333334
108 0.008748945515992037 0.9997
109 0.00864793553944431 0.9996
110 0.008517818286149169 0.99965
111 0.008416303766589524 0.9996666666666667
112 0.008305780704754757 0.9996666666666667
113 0.008203317805169535 0.9997166666666667
114 0.008090698052503502 0.99975
115 0.007998643113103613 0.9996833333333334
116 0.007887505918248758 0.9997
117 0.0077936085624131825 0.9997666666666667
118 0.007683516278721964 0.9996833333333334
119 0.007619066679699303 0.99975
120 0.007517572151306373 0.99975
121 0.007416434862317323 0.9997666666666667
122 0.0073366286878440296 0.9997833333333334
123 0.007249235231895993 0.9997666666666667
124 0.007154956940057149 0.9998
125 0.007079496437352079 0.9998166666666667
126 0.006989153898827462 0.9998166666666667
127 0.0069165535356555535 0.9998333333333334
128 0.006827473363676257 0.9998333333333334
129 0.00674782431637769 0.9998166666666667
130 0.006690592622694208 0.9998166666666667
131 0.0066007454112581194 0.99985
132 0.006544540879000892 0.9998333333333334
133 0.006460847661717296 0.9998333333333334
134 0.006389056307090911 0.9998833333333333
135 0.00631598975243313 0.9998833333333333
136 0.006254598533095263 0.99985
137 0.006191608663807228 0.9998666666666667
138 0.006135924472791284 0.9998666666666667
139 0.00606109377896306 0.9999
140 0.006000373177657297 0.9998833333333333
141 0.005940071780975264 0.9998833333333333
142 0.005875014962116157 0.9999
143 0.005817721944862305 0.9998833333333333
144 0.005751071337695871 0.9999166666666667
145 0.0056977108543389225 0.9999166666666667
146 0.005643799988630373 0.9999166666666667
147 0.005579467724585759 0.9999166666666667
148 0.005524637176593674 0.9999333333333333
149 0.005476860393053179 0.9999333333333333
150 0.0054215819081927 0.99995
151 0.005370735293323758 0.9999333333333333
152 0.005317172290000723 0.99995
153 0.005270370848423271 0.99995
154 0.0052199919638819675 0.9999833333333333
155 0.005171626593782576 0.9999333333333333
156 0.005119966328152017 0.9999666666666667
157 0.0050748472344249425 0.9999833333333333
158 0.005036261096261124 0.9999666666666667
159 0.004976947643935108 0.9999666666666667
160 0.004938159326115238 0.9999833333333333
161 0.004895373416477755 0.9999833333333333
162 0.004853847883279318 0.9999833333333333
163 0.004805024024466477 0.9999666666666667
164 0.004770435390126174 0.9999833333333333
165 0.004726035198244427 0.9999666666666667
166 0.004690198523145336 0.9999833333333333
167 0.0046444110379222706 0.9999833333333333
168 0.00460122956577609 1.0
169 0.004558116336465318 0.9999833333333333
170 0.004525784275500473 0.9999833333333333
171 0.004492135657402657 0.9999833333333333
172 0.004454759400097657 0.9999833333333333
173 0.00441247819692516 0.9999833333333333
174 0.004381565460766445 0.9999833333333333
175 0.00434327549633703 0.9999833333333333
176 0.004309004133712175 0.9999833333333333
177 0.004269722471835771 0.9999833333333333
178 0.004242814468048108 0.9999833333333333
179 0.0042046678013233805 0.9999833333333333
180 0.004169169915413091 0.9999833333333333
181 0.004137562564648648 1.0
182 0.004105491569262745 1.0
183 0.0040758815895605175 0.9999833333333333
184 0.004041416207646161 0.9999833333333333
185 0.0040085962879211345 0.9999833333333333
186 0.003978063156063766 1.0
187 0.003951110714636465 1.0
188 0.003923186917167737 1.0
189 0.0038913900839603706 1.0
190 0.0038658052810461824 0.9999833333333333
191 0.00383095665877538 1.0
192 0.003804058155992122 1.0
193 0.0037781692647150776 1.0
194 0.003745293430636512 1.0
195 0.0037238462041241367 1.0
196 0.003698063273626223 1.0
197 0.0036688597571513833 1.0
198 0.003640119395807568 1.0
199 0.003617791229484678 1.0
200 0.0035913308908882887 1.0
201 0.003558385738187523 1.0
202 0.0035424113153481977 1.0
203 0.003514947138477498 1.0
204 0.0034929914479411997 1.0
205 0.0034646843064840495 1.0
206 0.0034441548945215433 1.0
207 0.003419901118742854 1.0
208 0.0033958446857994045 1.0
209 0.003372398110653665 1.0
210 0.0033509761547056167 1.0
211 0.003329341566296362 1.0
212 0.003303771107537009 1.0
213 0.003288397791860963 1.0
214 0.0032640152949907344 1.0
215 0.0032426849229019016 1.0
216 0.003222977645250399 1.0
217 0.0032005558497330017 1.0
218 0.0031789480673788642 1.0
219 0.0031579320629520503 1.0
220 0.003138705580455583 1.0
221 0.0031196520944783237 1.0
222 0.003101639309227824 1.0
223 0.0030803691732562157 1.0
224 0.003063693109314952 1.0
225 0.0030390061747117927 1.0
226 0.0030207082791539872 1.0
227 0.003000764499742613 1.0
228 0.00298560369421722 1.0
229 0.0029679713678285122 1.0
230 0.002950250268923734 1.0
231 0.0029350856313112576 1.0
232 0.0029135223145215416 1.0
233 0.0028959947081207277 1.0
234 0.0028806761195605147 1.0
235 0.002863028049737072 1.0
236 0.0028446382415522613 1.0
237 0.002829551387618957 1.0
238 0.0028116411337358897 1.0
239 0.0027960803254749745 1.0
240 0.002779984640936528 1.0
241 0.002763931109169836 1.0
242 0.002747365361529349 1.0
243 0.0027322898707491583 1.0
244 0.002716892011670161 1.0
245 0.0027027853540202446 1.0
246 0.0026856119891426077 1.0
247 0.0026708257246587765 1.0
248 0.0026551027347131184 1.0
249 0.0026411635920093623 1.0
250 0.0026216873001041158 1.0
251 0.0026114872128798015 1.0
252 0.0025980216041425748 1.0
253 0.002585012561280225 1.0
254 0.0025699197948634276 1.0
255 0.0025541427055510804 1.0
256 0.0025419785287668075 1.0
257 0.0025294347434614436 1.0
258 0.00251547774167926 1.0
259 0.002500128037649205 1.0
260 0.00248741532148702 1.0
261 0.0024749430675016864 1.0
262 0.002461574948963715 1.0
263 0.0024492635475054604 1.0
264 0.00243272811017021 1.0
265 0.0024233383232298723 1.0
266 0.0024062067412757384 1.0
267 0.0023977679880842298 1.0
268 0.002385827990907576 1.0
269 0.002374701717159034 1.0
270 0.002359108994034792 1.0
271 0.0023502509791288833 1.0
272 0.0023368135106929546 1.0
273 0.0023264476620127508 1.0
274 0.0023158303605192014 1.0
275 0.002303353029249637 1.0
276 0.002291435941007298 1.0
277 0.0022794673275048616 1.0
278 0.0022671793085852587 1.0
279 0.002256975930207955 1.0
280 0.002244429903535315 1.0
281 0.0022362829816501848 1.0
282 0.0022250209362365244 1.0
283 0.0022139658740382077 1.0
284 0.002203073199919816 1.0
285 0.0021925659163041845 1.0
286 0.002182019204879279 1.0
287 0.0021703047613337288 1.0
288 0.0021608959942279672 1.0
289 0.0021524570726189833 1.0
290 0.0021408345666465794 1.0
291 0.0021304037224420453 1.0
292 0.002120458202358129 1.0
293 0.002111992596756361 1.0
294 0.0020995463752475725 1.0
295 0.0020920693934428445 1.0
296 0.0020824617511138064 1.0
297 0.00207236112142081 1.0
298 0.0020642862892272804 1.0
299 0.002052259292634232 1.0
300 0.0020442738381178695 1.0
9999 0.002015763195231557 1.0
