1 0 3.1879465579986572
1 80 0.42790043354034424
1 160 0.44593346118927
1 240 0.3973810076713562
1 320 0.42051178216934204
1 400 0.15191291272640228
2 0 0.17827773094177246
2 80 0.16010719537734985
2 160 0.15020930767059326
2 240 0.2349240481853485
2 320 0.1417524516582489
2 400 0.24126572906970978
3 0 0.24868156015872955
3 80 0.15128068625926971
3 160 0.13214275240898132
3 240 0.19287462532520294
3 320 0.11816298216581345
3 400 0.3004302978515625
4 0 0.17620541155338287
4 80 0.15731753408908844
4 160 0.2090158313512802
4 240 0.0924772396683693
4 320 0.13851769268512726
4 400 0.12202918529510498
5 0 0.1791447401046753
5 80 0.1359114795923233
5 160 0.2698521912097931
5 240 0.15157060325145721
5 320 0.12832458317279816
5 400 0.12152417004108429
6 0 0.10886534303426743
6 80 0.1507466435432434
6 160 0.12815220654010773
6 240 0.1637047529220581
6 320 0.13820697367191315
6 400 0.14725995063781738
7 0 0.09930354356765747
7 80 0.15209384262561798
7 160 0.05491556599736214
7 240 0.22727270424365997
7 320 0.11029770970344543
7 400 0.06512703746557236
8 0 0.06374779343605042
8 80 0.11154744029045105
8 160 0.04658583924174309
8 240 0.06353374570608139
8 320 0.07763709872961044
8 400 0.04328141734004021
9 0 0.055294428020715714
9 80 0.1408013552427292
9 160 0.1633061021566391
9 240 0.06125016510486603
9 320 0.1665782332420349
9 400 0.07661910355091095
10 0 0.07305740565061569
10 80 0.13073210418224335
10 160 0.08419442921876907
10 240 0.060075804591178894
10 320 0.06398247182369232
10 400 0.07596423476934433
11 0 0.060143277049064636
11 80 0.08197475224733353
11 160 0.07744792848825455
11 240 0.0836978480219841
11 320 0.09606613218784332
11 400 0.051974743604660034
12 0 0.08089977502822876
12 80 0.03939032927155495
12 160 0.05806669592857361
12 240 0.10109087079763412
12 320 0.04279600456357002
12 400 0.08666203916072845
13 0 0.1441303938627243
13 80 0.0969906896352768
13 160 0.0498543456196785
13 240 0.09759294986724854
13 320 0.0626627653837204
13 400 0.0345519483089447
14 0 0.07418714463710785
14 80 0.029415471479296684
14 160 0.055789362639188766
14 240 0.04815652593970299
14 320 0.053543657064437866
14 400 0.04607619345188141
15 0 0.07416876405477524
15 80 0.06063779816031456
15 160 0.04238179698586464
15 240 0.05918775126338005
15 320 0.1140739917755127
15 400 0.0693269595503807
16 0 0.06452421844005585
16 80 0.08630077540874481
16 160 0.08868546038866043
16 240 0.043486908078193665
16 320 0.08987509459257126
16 400 0.10761096328496933
17 0 0.048121217638254166
17 80 0.053454529494047165
17 160 0.051605720072984695
17 240 0.05728507414460182
17 320 0.04537059739232063
17 400 0.15250515937805176
18 0 0.047480154782533646
18 80 0.052404794842004776
18 160 0.05529232323169708
18 240 0.033265065401792526
18 320 0.09695261716842651
18 400 0.03602656349539757
19 0 0.05935429036617279
19 80 0.06760323792695999
19 160 0.05981534346938133
19 240 0.030047476291656494
19 320 0.057709548622369766
19 400 0.0788009911775589
20 0 0.053544413298368454
20 80 0.05646893009543419
20 160 0.08941629528999329
20 240 0.06716141104698181
20 320 0.06041758507490158
20 400 0.09410787373781204
21 0 0.034236207604408264
21 80 0.049140360206365585
21 160 0.07008879631757736
21 240 0.0567924864590168
21 320 0.06186751276254654
21 400 0.03716212138533592
22 0 0.0645918995141983
22 80 0.11920203268527985
22 160 0.032401420176029205
22 240 0.07577614486217499
22 320 0.03551860898733139
22 400 0.028526436537504196
23 0 0.03465224429965019
23 80 0.04078100621700287
23 160 0.03969796746969223
23 240 0.09805048257112503
23 320 0.054305579513311386
23 400 0.05831710994243622
24 0 0.04838385805487633
24 80 0.07269560545682907
24 160 0.025846462696790695
24 240 0.030955487862229347
24 320 0.05990160256624222
24 400 0.05765027180314064
25 0 0.043601833283901215
25 80 0.05756690353155136
25 160 0.04584281146526337
25 240 0.021685153245925903
25 320 0.06276135891675949
25 400 0.04546369984745979
26 0 0.0771389752626419
26 80 0.028579795733094215
26 160 0.032024990767240524
26 240 0.04343444108963013
26 320 0.04134102538228035
26 400 0.029945654794573784
27 0 0.03438226878643036
27 80 0.06474558264017105
27 160 0.037895746529102325
27 240 0.10742128640413284
27 320 0.0762329176068306
27 400 0.040298279374837875
28 0 0.014921573922038078
28 80 0.04667477682232857
28 160 0.07389724999666214
28 240 0.056191880255937576
28 320 0.0272162277251482
28 400 0.03715961426496506
29 0 0.0146319679915905
29 80 0.02495226263999939
29 160 0.0365263931453228
29 240 0.03042062185704708
29 320 0.05147380009293556
29 400 0.012739979662001133
30 0 0.023052066564559937
30 80 0.01708202250301838
30 160 0.041402362287044525
30 240 0.07664331793785095
30 320 0.048275016248226166
30 400 0.04691806808114052
31 0 0.01532717701047659
31 80 0.032361242920160294
31 160 0.04778796806931496
31 240 0.06194498762488365
31 320 0.0317445807158947
31 400 0.035750679671764374
32 0 0.03761165961623192
32 80 0.058881569653749466
32 160 0.047252021729946136
32 240 0.01734193041920662
32 320 0.02608829364180565
32 400 0.0459890179336071
33 0 0.0402459055185318
33 80 0.029530666768550873
33 160 0.021708019077777863
33 240 0.0324157178401947
33 320 0.030026331543922424
33 400 0.049750734120607376
34 0 0.04626666381955147
34 80 0.027186831459403038
34 160 0.02949805185198784
34 240 0.01325842086225748
34 320 0.038825031369924545
34 400 0.024627773091197014
35 0 0.024696899577975273
35 80 0.014637812040746212
35 160 0.029263053089380264
35 240 0.041723690927028656
35 320 0.05284619703888893
35 400 0.018572060391306877
36 0 0.04084508493542671
36 80 0.041177790611982346
36 160 0.029909202829003334
36 240 0.054982658475637436
36 320 0.032411038875579834
36 400 0.027577457949519157
37 0 0.020713698118925095
37 80 0.02391568198800087
37 160 0.043543651700019836
37 240 0.03583560511469841
37 320 0.0326010137796402
37 400 0.03626910224556923
38 0 0.05865521728992462
38 80 0.026658382266759872
38 160 0.04108014702796936
38 240 0.051426999270915985
38 320 0.04979224503040314
38 400 0.03282700851559639
39 0 0.02085336484014988
39 80 0.0281221903860569
39 160 0.03861688822507858
39 240 0.021348727867007256
39 320 0.05746864899992943
39 400 0.014804723672568798
40 0 0.022558309137821198
40 80 0.017559077590703964
40 160 0.023432960733771324
40 240 0.024572055786848068
40 320 0.06391967833042145
40 400 0.02994390018284321
41 0 0.01249024085700512
41 80 0.032226238399744034
41 160 0.04100678488612175
41 240 0.020517803728580475
41 320 0.04815066605806351
41 400 0.023403732106089592
42 0 0.03602883219718933
42 80 0.02601608820259571
42 160 0.03469235450029373
42 240 0.04483168572187424
42 320 0.016662554815411568
42 400 0.050668004900217056
43 0 0.02730993926525116
43 80 0.03185933455824852
43 160 0.012469684705138206
43 240 0.027423527091741562
43 320 0.015078426338732243
43 400 0.04838872700929642
44 0 0.016342246904969215
44 80 0.02813582494854927
44 160 0.019343066960573196
44 240 0.0370667427778244
44 320 0.025801490992307663
44 400 0.01850227266550064
45 0 0.024064689874649048
45 80 0.02179143577814102
45 160 0.023035716265439987
45 240 0.030250877141952515
45 320 0.026610715314745903
45 400 0.028654661029577255
46 0 0.05694577097892761
46 80 0.033983759582042694
46 160 0.013684467412531376
46 240 0.028490357100963593
46 320 0.01544690690934658
46 400 0.018906302750110626
47 0 0.009893220849335194
47 80 0.016793012619018555
47 160 0.03113921545445919
47 240 0.028518451377749443
47 320 0.022256260737776756
47 400 0.015670454129576683
48 0 0.028931086882948875
48 80 0.06159055233001709
48 160 0.013311285525560379
48 240 0.02698964625597
48 320 0.020244864746928215
48 400 0.04899083822965622
49 0 0.02373361773788929
49 80 0.03124997764825821
49 160 0.030489817261695862
49 240 0.021025672554969788
49 320 0.029733814299106598
49 400 0.015735739842057228
50 0 0.01799784228205681
50 80 0.0179604459553957
50 160 0.02010083757340908
50 240 0.01772354356944561
50 320 0.014529697597026825
50 400 0.02422572486102581
51 0 0.009993855841457844
51 80 0.02919585257768631
51 160 0.024782922118902206
51 240 0.018769878894090652
51 320 0.016878820955753326
51 400 0.018418099731206894
52 0 0.010733883827924728
52 80 0.03026837296783924
52 160 0.020202679559588432
52 240 0.016579246148467064
52 320 0.020535685122013092
52 400 0.013872834853827953
53 0 0.023729899898171425
53 80 0.03143128752708435
53 160 0.008826159872114658
53 240 0.019477084279060364
53 320 0.026438312605023384
53 400 0.035315610468387604
54 0 0.04156825691461563
54 80 0.012533208355307579
54 160 0.02189858816564083
54 240 0.0127217723056674
54 320 0.035346757620573044
54 400 0.014085439033806324
55 0 0.016430338844656944
55 80 0.02617497369647026
55 160 0.013767942786216736
55 240 0.026400985196232796
55 320 0.03253745287656784
55 400 0.00891406461596489
56 0 0.016601119190454483
56 80 0.02866295352578163
56 160 0.02190452255308628
56 240 0.016912374645471573
56 320 0.04165823012590408
56 400 0.017194189131259918
57 0 0.02159733884036541
57 80 0.0172829981893301
57 160 0.020044466480612755
57 240 0.008077637292444706
57 320 0.008042993023991585
57 400 0.010329860262572765
58 0 0.035792991518974304
58 80 0.023713644593954086
58 160 0.01254588458687067
58 240 0.03206208348274231
58 320 0.019752709195017815
58 400 0.010696024633944035
59 0 0.012581456452608109
59 80 0.027937617152929306
59 160 0.0060560754500329494
59 240 0.028957517817616463
59 320 0.01469313632696867
59 400 0.02053881622850895
60 0 0.014763003215193748
60 80 0.01333884708583355
60 160 0.010280975140631199
60 240 0.00952699314802885
60 320 0.037823569029569626
60 400 0.028851745650172234
61 0 0.012411455623805523
61 80 0.028014304116368294
61 160 0.025720616802573204
61 240 0.020595062524080276
61 320 0.008092587813735008
61 400 0.03509926423430443
62 0 0.01662830263376236
62 80 0.01917680911719799
62 160 0.011552592739462852
62 240 0.04026821628212929
62 320 0.021476205438375473
62 400 0.015585468150675297
63 0 0.016870295628905296
63 80 0.010585322044789791
63 160 0.03026498109102249
63 240 0.023235023021697998
63 320 0.010717014782130718
63 400 0.04339871555566788
64 0 0.0171674732118845
64 80 0.015731915831565857
64 160 0.02701113559305668
64 240 0.03953200951218605
64 320 0.04413006454706192
64 400 0.009911824017763138
65 0 0.009704004973173141
65 80 0.012844722718000412
65 160 0.016346994787454605
65 240 0.013313730247318745
65 320 0.013766651973128319
65 400 0.024358179420232773
66 0 0.015102429315447807
66 80 0.01592065580189228
66 160 0.02505851723253727
66 240 0.025703009217977524
66 320 0.007873937487602234
66 400 0.021477781236171722
67 0 0.009184606373310089
67 80 0.014539273455739021
67 160 0.021893149241805077
67 240 0.012455331161618233
67 320 0.029969898983836174
67 400 0.027997294440865517
68 0 0.014738017693161964
68 80 0.014554419554769993
68 160 0.020870890468358994
68 240 0.01732996106147766
68 320 0.01511997077614069
68 400 0.01793479174375534
69 0 0.010115890763700008
69 80 0.015315277501940727
69 160 0.020349787548184395
69 240 0.015172301791608334
69 320 0.028313178569078445
69 400 0.015038974583148956
70 0 0.017100220546126366
70 80 0.008558457717299461
70 160 0.004356748424470425
70 240 0.010082528926432133
70 320 0.013861916959285736
70 400 0.024554533883929253
71 0 0.01667836681008339
71 80 0.01364254578948021
71 160 0.0060260966420173645
71 240 0.011380955576896667
71 320 0.011148564517498016
71 400 0.010949314571917057
72 0 0.009073087945580482
72 80 0.011537398211658001
72 160 0.014670955017209053
72 240 0.01816519908607006
72 320 0.006375128868967295
72 400 0.012821480631828308
73 0 0.013199824839830399
73 80 0.008650173433125019
73 160 0.006290249992161989
73 240 0.009132804349064827
73 320 0.017527788877487183
73 400 0.01650184951722622
74 0 0.013382410630583763
74 80 0.008565545082092285
74 160 0.016610579565167427
74 240 0.015822647139430046
74 320 0.023387733846902847
74 400 0.024100404232740402
75 0 0.016587289050221443
75 80 0.016032671555876732
75 160 0.022905487567186356
75 240 0.018690885975956917
75 320 0.012344076298177242
75 400 0.010030482895672321
76 0 0.010222209617495537
76 80 0.012446603737771511
76 160 0.013122040778398514
76 240 0.011254439130425453
76 320 0.012830693274736404
76 400 0.020216641947627068
77 0 0.009534336626529694
77 80 0.023460032418370247
77 160 0.008826173841953278
77 240 0.026023002341389656
77 320 0.00906697753816843
77 400 0.01866866834461689
78 0 0.00955679826438427
78 80 0.008434627205133438
78 160 0.021746700629591942
78 240 0.015827612951397896
78 320 0.010566655546426773
78 400 0.009899325668811798
79 0 0.00995135959237814
79 80 0.01515430398285389
79 160 0.013284111395478249
79 240 0.011335921473801136
79 320 0.01026953849941492
79 400 0.009175365790724754
80 0 0.011949863284826279
80 80 0.01496217492967844
80 160 0.013135459274053574
80 240 0.02021123468875885
80 320 0.013979494571685791
80 400 0.02419041283428669
81 0 0.013268886134028435
81 80 0.013859812170267105
81 160 0.007015606388449669
81 240 0.022427784278988838
81 320 0.009232446551322937
81 400 0.02184245176613331
82 0 0.018466372042894363
82 80 0.007745932321995497
82 160 0.016109049320220947
82 240 0.006371831521391869
82 320 0.02279384806752205
82 400 0.01232672855257988
83 0 0.008642851375043392
83 80 0.011299745179712772
83 160 0.03876466676592827
83 240 0.018281329423189163
83 320 0.013134639710187912
83 400 0.007991545833647251
84 0 0.015392150729894638
84 80 0.014390689320862293
84 160 0.008114874362945557
84 240 0.015159680508077145
84 320 0.02587299793958664
84 400 0.007513037417083979
85 0 0.005423524882644415
85 80 0.006502374075353146
85 160 0.009143969044089317
85 240 0.012880531139671803
85 320 0.008034066297113895
85 400 0.027020033448934555
86 0 0.015438472852110863
86 80 0.009681405499577522
86 160 0.012007518671452999
86 240 0.013416875153779984
86 320 0.022527238354086876
86 400 0.018045630306005478
87 0 0.006699490826576948
87 80 0.008947227150201797
87 160 0.010684129782021046
87 240 0.00439169118180871
87 320 0.022259710356593132
87 400 0.010693216696381569
88 0 0.006434496957808733
88 80 0.015089232474565506
88 160 0.009612956084311008
88 240 0.007338936906307936
88 320 0.015796706080436707
88 400 0.009351344779133797
89 0 0.02865060232579708
89 80 0.024038150906562805
89 160 0.006954451557248831
89 240 0.006218701601028442
89 320 0.014016620814800262
89 400 0.010287001729011536
90 0 0.009869559668004513
90 80 0.009416897781193256
90 160 0.015378562733530998
90 240 0.010627380572259426
90 320 0.015642331913113594
90 400 0.004644834902137518
91 0 0.013960469514131546
91 80 0.010741745121777058
91 160 0.007418373133987188
91 240 0.016530273482203484
91 320 0.005882421508431435
91 400 0.01657995581626892
92 0 0.007893945090472698
92 80 0.011095345951616764
92 160 0.007418439257889986
92 240 0.004417885094881058
92 320 0.013976582325994968
92 400 0.006898223888128996
93 0 0.006013975013047457
93 80 0.007512482814490795
93 160 0.004615274257957935
93 240 0.020813830196857452
93 320 0.009396569803357124
93 400 0.013768942095339298
94 0 0.006079120095819235
94 80 0.014283868484199047
94 160 0.0059377094730734825
94 240 0.013800307177007198
94 320 0.007049115840345621
94 400 0.0047839912585914135
95 0 0.006503944285213947
95 80 0.0063452343456447124
95 160 0.011066233739256859
95 240 0.009976220317184925
95 320 0.0063767810352146626
95 400 0.004932193551212549
96 0 0.006416617427021265
96 80 0.02346225269138813
96 160 0.010210376232862473
96 240 0.006859155837446451
96 320 0.004893053323030472
96 400 0.011517615057528019
97 0 0.006189726758748293
97 80 0.005752970464527607
97 160 0.013323286548256874
97 240 0.008325550705194473
97 320 0.009065108373761177
97 400 0.0134222861379385
98 0 0.012001440860331059
98 80 0.012218775227665901
98 160 0.009381193667650223
98 240 0.013186359778046608
98 320 0.010300559923052788
98 400 0.011018060147762299
99 0 0.015799999237060547
99 80 0.011802618391811848
99 160 0.01634267531335354
99 240 0.008007592521607876
99 320 0.00903436541557312
99 400 0.00939467828720808
100 0 0.00985909067094326
100 80 0.010076786391437054
100 160 0.013273433782160282
100 240 0.006145584397017956
100 320 0.018032945692539215
100 400 0.01138779241591692
101 0 0.011074943467974663
101 80 0.007618076633661985
101 160 0.005948727484792471
101 240 0.007026121485978365
101 320 0.005106570199131966
101 400 0.005980941466987133
102 0 0.011857477948069572
102 80 0.008982278406620026
102 160 0.007951595820486546
102 240 0.00685911625623703
102 320 0.008212624117732048
102 400 0.006696414668112993
103 0 0.006404494401067495
103 80 0.022697409614920616
103 160 0.00812703836709261
103 240 0.010087234899401665
103 320 0.013436485081911087
103 400 0.005767551716417074
104 0 0.0052725388668477535
104 80 0.007951670326292515
104 160 0.005263628903776407
104 240 0.006882061250507832
104 320 0.0054146707989275455
104 400 0.011727370321750641
105 0 0.009386643767356873
105 80 0.0066062817350029945
105 160 0.02402070350944996
105 240 0.004877460654824972
105 320 0.008995342068374157
105 400 0.012021346017718315
106 0 0.003626143792644143
106 80 0.007269368041306734
106 160 0.003650384722277522
106 240 0.009017315693199635
106 320 0.009621675126254559
106 400 0.008466809056699276
107 0 0.011350056156516075
107 80 0.005696362815797329
107 160 0.006381582468748093
107 240 0.008800424635410309
107 320 0.01340869627892971
107 400 0.007327462080866098
108 0 0.010081520304083824
108 80 0.020457666367292404
108 160 0.007411970291286707
108 240 0.014590384438633919
108 320 0.007947837002575397
108 400 0.022262606769800186
109 0 0.01087361853569746
109 80 0.00574369914829731
109 160 0.009707140736281872
109 240 0.015257837250828743
109 320 0.0038409449625760317
109 400 0.00872020237147808
110 0 0.008997284807264805
110 80 0.013558563776314259
110 160 0.0038935032207518816
110 240 0.009940548799932003
110 320 0.010335883125662804
110 400 0.007691830862313509
111 0 0.010673590004444122
111 80 0.00786183774471283
111 160 0.005551931448280811
111 240 0.002843519439920783
111 320 0.008594894781708717
111 400 0.011132222600281239
112 0 0.005530522670596838
112 80 0.014951604418456554
112 160 0.007020474411547184
112 240 0.006420370191335678
112 320 0.016580406576395035
112 400 0.007837015204131603
113 0 0.005041735712438822
113 80 0.009001193568110466
113 160 0.01345515064895153
113 240 0.005124405957758427
113 320 0.008770229294896126
113 400 0.01394866406917572
114 0 0.005476757418364286
114 80 0.014256973750889301
114 160 0.013342606835067272
114 240 0.006541565526276827
114 320 0.00646339962258935
114 400 0.01803560182452202
115 0 0.009367663413286209
115 80 0.0063542514108121395
115 160 0.005778731778264046
115 240 0.016384432092308998
115 320 0.012532372027635574
115 400 0.0066712042316794395
116 0 0.00547940656542778
116 80 0.00800273846834898
116 160 0.007355342619121075
116 240 0.006060958374291658
116 320 0.006253193132579327
116 400 0.007974191568791866
117 0 0.009061266668140888
117 80 0.00347302109003067
117 160 0.008429011330008507
117 240 0.007204692345112562
117 320 0.007493072189390659
117 400 0.014521322213113308
118 0 0.004954054020345211
118 80 0.005789733491837978
118 160 0.005387136712670326
118 240 0.005906977690756321
118 320 0.012201209552586079
118 400 0.009588641114532948
119 0 0.005307472310960293
119 80 0.012022114358842373
119 160 0.008285925723612309
119 240 0.006931370124220848
119 320 0.005385371390730143
119 400 0.003575093811377883
120 0 0.006577219348400831
120 80 0.0026764494832605124
120 160 0.0323038175702095
120 240 0.004568847827613354
120 320 0.006530380807816982
120 400 0.005372381769120693
121 0 0.0075925118289887905
121 80 0.006749332882463932
121 160 0.004898602608591318
121 240 0.00394929526373744
121 320 0.006249682977795601
121 400 0.0023566391319036484
122 0 0.004536490887403488
122 80 0.007994416169822216
122 160 0.00914454460144043
122 240 0.009951728396117687
122 320 0.009840170852839947
122 400 0.007222258485853672
123 0 0.0028331561479717493
123 80 0.010267247445881367
123 160 0.008607649244368076
123 240 0.006973549257963896
123 320 0.0038896133191883564
123 400 0.0030722611118108034
124 0 0.004657575860619545
124 80 0.008739428594708443
124 160 0.005497302860021591
124 240 0.007011026609688997
124 320 0.009683259762823582
124 400 0.0031434560660272837
125 0 0.005423818249255419
125 80 0.006766365375369787
125 160 0.008286695927381516
125 240 0.0031764309387654066
125 320 0.017918361350893974
125 400 0.004999083466827869
126 0 0.0075687929056584835
126 80 0.008926568552851677
126 160 0.004620295949280262
126 240 0.005303331650793552
126 320 0.004483932629227638
126 400 0.010308641940355301
127 0 0.006262423936277628
127 80 0.008257501758635044
127 160 0.007665260694921017
127 240 0.006413308437913656
127 320 0.009091373533010483
127 400 0.014320542104542255
128 0 0.0022173321340233088
128 80 0.005204806569963694
128 160 0.012778409756720066
128 240 0.007423905190080404
128 320 0.007265195716172457
128 400 0.004188911523669958
129 0 0.005219046492129564
129 80 0.009145683608949184
129 160 0.00554683618247509
129 240 0.007337925489991903
129 320 0.008615406230092049
129 400 0.006347071845084429
130 0 0.0049810148775577545
130 80 0.005520905368030071
130 160 0.00940887164324522
130 240 0.006192211527377367
130 320 0.003914885688573122
130 400 0.003958646673709154
131 0 0.004162683617323637
131 80 0.003923324868083
131 160 0.010072634555399418
131 240 0.004504860378801823
131 320 0.011885328218340874
131 400 0.0035159459803253412
132 0 0.004966504871845245
132 80 0.008102905936539173
132 160 0.010186166502535343
132 240 0.0060583483427762985
132 320 0.006536293309181929
132 400 0.005189176183193922
133 0 0.0032434796448796988
133 80 0.011743435636162758
133 160 0.007664467208087444
133 240 0.00600397540256381
133 320 0.005097107030451298
133 400 0.005528392270207405
134 0 0.0064850738272070885
134 80 0.005754638463258743
134 160 0.006414112169295549
134 240 0.009621020406484604
134 320 0.00819404236972332
134 400 0.002359422156587243
135 0 0.0062784175388514996
135 80 0.005379508715122938
135 160 0.0028611759189516306
135 240 0.0042905062437057495
135 320 0.004807678982615471
135 400 0.004802670795470476
136 0 0.005750596988946199
136 80 0.007184215821325779
136 160 0.004442829173058271
136 240 0.0089518241584301
136 320 0.00251715793274343
136 400 0.0071248942986130714
137 0 0.009865116328001022
137 80 0.005237243603914976
137 160 0.010952572338283062
137 240 0.008990984410047531
137 320 0.002497037872672081
137 400 0.010115496814250946
138 0 0.004500213079154491
138 80 0.002718319883570075
138 160 0.00377506110817194
138 240 0.004887188784778118
138 320 0.0032885558903217316
138 400 0.00311777601018548
139 0 0.0036765465047210455
139 80 0.0025774026289582253
139 160 0.006590624805539846
139 240 0.009797472506761551
139 320 0.008736451156437397
139 400 0.006550878286361694
140 0 0.009307648055255413
140 80 0.0024404656141996384
140 160 0.008695591241121292
140 240 0.004151257686316967
140 320 0.00417867349460721
140 400 0.004453578032553196
141 0 0.005122234113514423
141 80 0.004335340578109026
141 160 0.00565820187330246
141 240 0.004751811735332012
141 320 0.0031913751736283302
141 400 0.007470626384019852
142 0 0.0038512549363076687
142 80 0.003072228981181979
142 160 0.006096814293414354
142 240 0.002534296829253435
142 320 0.003690130542963743
142 400 0.005279336590319872
143 0 0.004924599081277847
143 80 0.003420846536755562
143 160 0.005491354968398809
143 240 0.00620364909991622
143 320 0.004814431071281433
143 400 0.004703152924776077
144 0 0.004334362223744392
144 80 0.004991163033992052
144 160 0.011077659204602242
144 240 0.005636070854961872
144 320 0.004754799418151379
144 400 0.006776985712349415
145 0 0.005944420583546162
145 80 0.009561648592352867
145 160 0.004507953301072121
145 240 0.007508411537855864
145 320 0.006095032673329115
145 400 0.007079211063683033
146 0 0.007143373601138592
146 80 0.004715407732874155
146 160 0.00314697134308517
146 240 0.009961742907762527
146 320 0.007587435655295849
146 400 0.011668155901134014
147 0 0.008564246818423271
147 80 0.007184989284723997
147 160 0.004885747563093901
147 240 0.0074506294913589954
147 320 0.0039015107322484255
147 400 0.007215904071927071
148 0 0.005059246905148029
148 80 0.010107774287462234
148 160 0.007076049689203501
148 240 0.005983578972518444
148 320 0.0031465620268136263
148 400 0.0055139269679784775
149 0 0.006327837239950895
149 80 0.006736993324011564
149 160 0.0054107666946947575
149 240 0.0076844412833452225
149 320 0.004393637180328369
149 400 0.0059009878896176815
150 0 0.0049398853443562984
150 80 0.001792478607967496
150 160 0.007127758115530014
150 240 0.0049949390813708305
150 320 0.006031620316207409
150 400 0.010388516820967197
151 0 0.007414583582431078
151 80 0.004141311626881361
151 160 0.005269769579172134
151 240 0.00366938766092062
151 320 0.007195126730948687
151 400 0.0017191498773172498
152 0 0.0032360658515244722
152 80 0.0048097409307956696
152 160 0.00285451952368021
152 240 0.006387075409293175
152 320 0.005687418859452009
152 400 0.004299383144825697
153 0 0.003242849139496684
153 80 0.005970778409391642
153 160 0.010484815575182438
153 240 0.006829796824604273
153 320 0.005570447072386742
153 400 0.003910123370587826
154 0 0.006734413560479879
154 80 0.0031560261268168688
154 160 0.0038803843781352043
154 240 0.004705473314970732
154 320 0.0038446264807134867
154 400 0.0020962755661457777
155 0 0.0016950202407315373
155 80 0.0026624586898833513
155 160 0.004136857111006975
155 240 0.007114363368600607
155 320 0.005395004525780678
155 400 0.007000352256000042
156 0 0.00320839905180037
156 80 0.008365781977772713
156 160 0.0046370732598006725
156 240 0.006408293265849352
156 320 0.0020210889633744955
156 400 0.005025140941143036
157 0 0.005006864666938782
157 80 0.002725540427491069
157 160 0.007294355425983667
157 240 0.0044399830512702465
157 320 0.004556633066385984
157 400 0.006756820250302553
158 0 0.0029857619665563107
158 80 0.004160366021096706
158 160 0.004156314767897129
158 240 0.004990146961063147
158 320 0.0030294787138700485
158 400 0.005033981055021286
159 0 0.0028864846099168062
159 80 0.009837566874921322
159 160 0.009117004461586475
159 240 0.00452969828620553
159 320 0.010126173496246338
159 400 0.004003746900707483
160 0 0.005271506495773792
160 80 0.005196054466068745
160 160 0.0023149296175688505
160 240 0.009306738153100014
160 320 0.0020960355177521706
160 400 0.007511865813285112
161 0 0.004529321566224098
161 80 0.001740094623528421
161 160 0.0025090985000133514
161 240 0.004591074306517839
161 320 0.00522054685279727
161 400 0.003238246776163578
162 0 0.004468867089599371
162 80 0.008779908530414104
162 160 0.003013887209817767
162 240 0.00504133477807045
162 320 0.006406702566891909
162 400 0.004967010114341974
163 0 0.002703770063817501
163 80 0.008732986636459827
163 160 0.0038823820650577545
163 240 0.0024946045596152544
163 320 0.0043814294040203094
163 400 0.006275208666920662
164 0 0.004937941674143076
164 80 0.0036895391531288624
164 160 0.006084781605750322
164 240 0.002368164248764515
164 320 0.005218450911343098
164 400 0.003963255789130926
165 0 0.002330140909180045
165 80 0.00334530184045434
165 160 0.003802021499723196
165 240 0.004866327624768019
165 320 0.0067940992303192616
165 400 0.0016565910773351789
166 0 0.003080333350226283
166 80 0.0016471428098157048
166 160 0.004495344590395689
166 240 0.002952305134385824
166 320 0.00706621166318655
166 400 0.0043096039444208145
167 0 0.004232467617839575
167 80 0.005226279608905315
167 160 0.007724065333604813
167 240 0.007663958705961704
167 320 0.007037526462227106
167 400 0.00974495429545641
168 0 0.0032171302009373903
168 80 0.004971069283783436
168 160 0.004916456062346697
168 240 0.00223477091640234
168 320 0.005778689403086901
168 400 0.007084951736032963
169 0 0.004941131453961134
169 80 0.005586741492152214
169 160 0.0038043831009417772
169 240 0.0069099413231015205
169 320 0.0019646757282316685
169 400 0.006045423913747072
170 0 0.006786016281694174
170 80 0.007323413155972958
170 160 0.003585446858778596
170 240 0.005520144943147898
170 320 0.00231857574544847
170 400 0.003811023896560073
171 0 0.0023780930787324905
171 80 0.005038647912442684
171 160 0.0046674152836203575
171 240 0.002617713762447238
171 320 0.0036648791283369064
171 400 0.0023752350825816393
172 0 0.0038434858433902264
172 80 0.0030619690660387278
172 160 0.0042170630767941475
172 240 0.0051076579838991165
172 320 0.007035284768790007
172 400 0.0022744734305888414
173 0 0.005881492979824543
173 80 0.005184836685657501
173 160 0.0024542773608118296
173 240 0.005368387326598167
173 320 0.0031956625171005726
173 400 0.006313661579042673
174 0 0.0021945980843156576
174 80 0.00401087012141943
174 160 0.005562668200582266
174 240 0.0037637169007211924
174 320 0.0020900066010653973
174 400 0.0038821587804704905
175 0 0.004171835258603096
175 80 0.001953174127265811
175 160 0.0037925762590020895
175 240 0.007323232013732195
175 320 0.004397488199174404
175 400 0.0037460881285369396
176 0 0.004690137226134539
176 80 0.004575247876346111
176 160 0.004119453486055136
176 240 0.002413010224699974
176 320 0.004227814730256796
176 400 0.0022659285459667444
177 0 0.003023018827661872
177 80 0.003565345425158739
177 160 0.0028394816908985376
177 240 0.0030415398068726063
177 320 0.002563782501965761
177 400 0.004793080501258373
178 0 0.0022957324981689453
178 80 0.0033006907906383276
178 160 0.003309863153845072
178 240 0.0057694315910339355
178 320 0.0019624826963990927
178 400 0.00898541696369648
179 0 0.0019372573588043451
179 80 0.006082121282815933
179 160 0.001963310409337282
179 240 0.005256288684904575
179 320 0.006169036962091923
179 400 0.005642272531986237
180 0 0.0038172020576894283
180 80 0.004580960143357515
180 160 0.006339916959404945
180 240 0.0048125493340194225
180 320 0.005029914900660515
180 400 0.0034817077685147524
181 0 0.004913510754704475
181 80 0.005753671284765005
181 160 0.004561921115964651
181 240 0.004240363836288452
181 320 0.002957229735329747
181 400 0.0038493871688842773
182 0 0.00359623646363616
182 80 0.0031612280290573835
182 160 0.0033175076823681593
182 240 0.004441266413778067
182 320 0.006445917766541243
182 400 0.003085325937718153
183 0 0.006573078688234091
183 80 0.003382755909115076
183 160 0.0017626455519348383
183 240 0.004680289886891842
183 320 0.00585244270041585
183 400 0.005412275902926922
184 0 0.00770244374871254
184 80 0.005185671150684357
184 160 0.0027470551431179047
184 240 0.0027124390471726656
184 320 0.003078129841014743
184 400 0.0032211884390562773
185 0 0.0056446027010679245
185 80 0.002926102140918374
185 160 0.006078606005758047
185 240 0.004222756251692772
185 320 0.0050574010238051414
185 400 0.004696344491094351
186 0 0.0052068717777729034
186 80 0.005381788592785597
186 160 0.003268545726314187
186 240 0.0029142580460757017
186 320 0.004752953536808491
186 400 0.0038791331462562084
187 0 0.00532310176640749
187 80 0.0034573208540678024
187 160 0.00614530872553587
187 240 0.0025931037962436676
187 320 0.003247358137741685
187 400 0.004780597053468227
188 0 0.0032156126108020544
188 80 0.002563443733379245
188 160 0.004806100390851498
188 240 0.004542871844023466
188 320 0.008009029552340508
188 400 0.005069066770374775
189 0 0.005512491799890995
189 80 0.006521034985780716
189 160 0.007223261054605246
189 240 0.002661779522895813
189 320 0.004736768547445536
189 400 0.004204024560749531
190 0 0.0025889971293509007
190 80 0.0018039498245343566
190 160 0.0035825595259666443
190 240 0.002129147294908762
190 320 0.004442818462848663
190 400 0.0033101041335612535
191 0 0.0036124198231846094
191 80 0.005763384513556957
191 160 0.002900120336562395
191 240 0.001738035469315946
191 320 0.005891666281968355
191 400 0.004664124455302954
192 0 0.004202492535114288
192 80 0.005105940159410238
192 160 0.008223497308790684
192 240 0.003348264377564192
192 320 0.004614769481122494
192 400 0.003683254821226001
193 0 0.005031950306147337
193 80 0.001736476900987327
193 160 0.005474278703331947
193 240 0.005620190408080816
193 320 0.003254515118896961
193 400 0.004040665924549103
194 0 0.005367488134652376
194 80 0.002892276970669627
194 160 0.001672209589742124
194 240 0.002681960817426443
194 320 0.0036587202921509743
194 400 0.00317451567389071
195 0 0.002713144291192293
195 80 0.003677819622680545
195 160 0.003714353311806917
195 240 0.004317467100918293
195 320 0.0036834110505878925
195 400 0.0030915183015167713
196 0 0.0031523513607680798
196 80 0.0033278013579547405
196 160 0.003910827450454235
196 240 0.004151792265474796
196 320 0.002486678771674633
196 400 0.0020650788210332394
197 0 0.0036384097766131163
197 80 0.004045824520289898
197 160 0.004940128419548273
197 240 0.004025326110422611
197 320 0.0040715537033975124
197 400 0.0034906407818198204
198 0 0.004278002306818962
198 80 0.003408049698919058
198 160 0.0025883682537823915
198 240 0.006236276123672724
198 320 0.002335625234991312
198 400 0.0026474539190530777
199 0 0.003776267636567354
199 80 0.002633557887747884
199 160 0.0026267017237842083
199 240 0.0031124406959861517
199 320 0.0022202245891094208
199 400 0.005905416794121265
200 0 0.004102780483663082
200 80 0.0010805870406329632
200 160 0.005814373027533293
200 240 0.0015008320333436131
200 320 0.001582046621479094
200 400 0.004433313384652138
201 0 0.004707849584519863
201 80 0.006969884503632784
201 160 0.002880510175600648
201 240 0.0038730772212147713
201 320 0.0021189500112086535
201 400 0.003452471224591136
202 0 0.0030127724166959524
202 80 0.003754549426957965
202 160 0.005082042887806892
202 240 0.0026384771335870028
202 320 0.0053541045635938644
202 400 0.004678982775658369
203 0 0.0017428651917725801
203 80 0.0040549058467149734
203 160 0.0035280471201986074
203 240 0.0036785928532481194
203 320 0.0025533323641866446
203 400 0.004413841292262077
204 0 0.0007038394687697291
204 80 0.0018081605667248368
204 160 0.0038992115296423435
204 240 0.005130914971232414
204 320 0.002728102495893836
204 400 0.0038252572994679213
205 0 0.0047631883062422276
205 80 0.00123488693498075
205 160 0.003181303618475795
205 240 0.0016782244201749563
205 320 0.0025062805507332087
205 400 0.0020539688412100077
206 0 0.005129990633577108
206 80 0.0026905701961368322
206 160 0.004426614381372929
206 240 0.002814630977809429
206 320 0.00268439669162035
206 400 0.0033731365110725164
207 0 0.004612104035913944
207 80 0.00407584011554718
207 160 0.0038447589613497257
207 240 0.0033151309471577406
207 320 0.004514753352850676
207 400 0.0016011545667424798
208 0 0.002168183447793126
208 80 0.004078430589288473
208 160 0.0024921726435422897
208 240 0.0024133559782058
208 320 0.0027772069443017244
208 400 0.0026015236508101225
209 0 0.004462231416255236
209 80 0.001878494513221085
209 160 0.003252411261200905
209 240 0.003598908893764019
209 320 0.0036750577855855227
209 400 0.0024301575031131506
210 0 0.002551492303609848
210 80 0.0018896491965278983
210 160 0.00347757525742054
210 240 0.0019594046752899885
210 320 0.0021070274524390697
210 400 0.002967075677588582
211 0 0.0051409415900707245
211 80 0.003385670715942979
211 160 0.0022720324341207743
211 240 0.0018177612219005823
211 320 0.0033804960548877716
211 400 0.005589236039668322
212 0 0.003299140138551593
212 80 0.005763288587331772
212 160 0.0045144036412239075
212 240 0.0049868687056005
212 320 0.002585838781669736
212 400 0.0017715354915708303
213 0 0.003958008252084255
213 80 0.0030384953133761883
213 160 0.006586737930774689
213 240 0.0026300197932869196
213 320 0.003574862377718091
213 400 0.0018266468541696668
214 0 0.006582940462976694
214 80 0.0016255987575277686
214 160 0.003656352637335658
214 240 0.002780255861580372
214 320 0.00314331310801208
214 400 0.0023004640825092793
215 0 0.0024793839547783136
215 80 0.00295154913328588
215 160 0.002542444271966815
215 240 0.0036030311603099108
215 320 0.0056076268665492535
215 400 0.0041825976222753525
216 0 0.0010406335350126028
216 80 0.0009012801456265152
216 160 0.002412579720839858
216 240 0.003549819113686681
216 320 0.0029937722720205784
216 400 0.0019967621192336082
217 0 0.0022045965306460857
217 80 0.002919242950156331
217 160 0.0045396131463348866
217 240 0.0033105153124779463
217 320 0.003537034383043647
217 400 0.004187630955129862
218 0 0.0035328755620867014
218 80 0.0023571227211505175
218 160 0.004500105045735836
218 240 0.002589874668046832
218 320 0.004843089729547501
218 400 0.0037870744708925486
219 0 0.002846234245225787
219 80 0.0032146722078323364
219 160 0.0032802880741655827
219 240 0.00322956801392138
219 320 0.002809127327054739
219 400 0.0040679494850337505
220 0 0.004253273829817772
220 80 0.0016371558886021376
220 160 0.0024557127617299557
220 240 0.0016212277114391327
220 320 0.002852281555533409
220 400 0.0029344994109123945
221 0 0.003849910805001855
221 80 0.0021700658835470676
221 160 0.0034309811890125275
221 240 0.0022184562403708696
221 320 0.0021927468478679657
221 400 0.007756767328828573
222 0 0.003685150295495987
222 80 0.0022982212249189615
222 160 0.003637402318418026
222 240 0.002580394735559821
222 320 0.0023744620848447084
222 400 0.0017620871076360345
223 0 0.002465328201651573
223 80 0.0027691354043781757
223 160 0.0032902166713029146
223 240 0.003008058527484536
223 320 0.002900337800383568
223 400 0.0023723470512777567
224 0 0.0017265903297811747
224 80 0.003379815723747015
224 160 0.004629645962268114
224 240 0.004581728484481573
224 320 0.003017495619133115
224 400 0.0009775833459571004
225 0 0.00317686190828681
225 80 0.003300564829260111
225 160 0.002659680787473917
225 240 0.0015989626990631223
225 320 0.0025960789062082767
225 400 0.0017016928177326918
226 0 0.0034973984584212303
226 80 0.002565814647823572
226 160 0.00577083183452487
226 240 0.005653899163007736
226 320 0.0018147049704566598
226 400 0.0029415562748908997
227 0 0.003673096187412739
227 80 0.002948715817183256
227 160 0.003618379822000861
227 240 0.002755890367552638
227 320 0.0023105598520487547
227 400 0.0027491392102092505
228 0 0.00171672401484102
228 80 0.0017290632240474224
228 160 0.004278953652828932
228 240 0.004985202569514513
228 320 0.002945931628346443
228 400 0.0017894639167934656
229 0 0.002849473850801587
229 80 0.0020808535628020763
229 160 0.002213096711784601
229 240 0.003326683072373271
229 320 0.0019964321982115507
229 400 0.0028304567094892263
230 0 0.004200405441224575
230 80 0.0009691119194030762
230 160 0.003206758527085185
230 240 0.0023339467588812113
230 320 0.005284193903207779
230 400 0.0015966909704729915
231 0 0.0029852448496967554
231 80 0.002364807529374957
231 160 0.0011931154876947403
231 240 0.0023032017052173615
231 320 0.003193577518686652
231 400 0.0015001650899648666
232 0 0.0025191118475049734
232 80 0.0015958537114784122
232 160 0.003150103148072958
232 240 0.0008954982040449977
232 320 0.004791312385350466
232 400 0.002698699478060007
233 0 0.002161574549973011
233 80 0.0037591326981782913
233 160 0.0030676128808408976
233 240 0.0038119477685540915
233 320 0.0024293146561831236
233 400 0.002157951705157757
234 0 0.0014838919742032886
234 80 0.0020466907881200314
234 160 0.004477714188396931
234 240 0.0018682398367673159
234 320 0.001806973130442202
234 400 0.0021898329723626375
235 0 0.0030042948201298714
235 80 0.003964441362768412
235 160 0.001473550801165402
235 240 0.005423813126981258
235 320 0.002156898146495223
235 400 0.0022497058380395174
236 0 0.002471328480169177
236 80 0.0021596571896225214
236 160 0.0020575225353240967
236 240 0.0012582548661157489
236 320 0.001283366815187037
236 400 0.0035882669035345316
237 0 0.001968454336747527
237 80 0.002100383397191763
237 160 0.0015464900061488152
237 240 0.003756668185815215
237 320 0.004539916757494211
237 400 0.0010957723716273904
238 0 0.004983083810657263
238 80 0.00136511807795614
238 160 0.0035806139931082726
238 240 0.0021732544992119074
238 320 0.0008773239096626639
238 400 0.0015403357101604342
239 0 0.0014973125653341413
239 80 0.005012089386582375
239 160 0.004652444273233414
239 240 0.0021190049592405558
239 320 0.0029150883201509714
239 400 0.0016498005716130137
240 0 0.0028628839645534754
240 80 0.005182033870369196
240 160 0.003419615561142564
240 240 0.0022565892431885004
240 320 0.0026677935384213924
240 400 0.0038722818717360497
241 0 0.00215494679287076
241 80 0.003898002440109849
241 160 0.001022863551042974
241 240 0.0025392654351890087
241 320 0.003841725643724203
241 400 0.0025274462532252073
242 0 0.00168598594609648
242 80 0.002882550936192274
242 160 0.0022575990296900272
242 240 0.0032018590718507767
242 320 0.0042690616101026535
242 400 0.0024572694674134254
243 0 0.002491611521691084
243 80 0.002809954574331641
243 160 0.0029350800905376673
243 240 0.0015406508464366198
243 320 0.001656481996178627
243 400 0.0020995954982936382
244 0 0.0018349234014749527
244 80 0.002028070157393813
244 160 0.002528148703277111
244 240 0.00259502325206995
244 320 0.002257066546007991
244 400 0.0017091439804062247
245 0 0.0014435938792303205
245 80 0.00420176750048995
245 160 0.0029487807769328356
245 240 0.0024491222575306892
245 320 0.0016368405194953084
245 400 0.001991576747968793
246 0 0.00283187348395586
246 80 0.0023019546642899513
246 160 0.001767421723343432
246 240 0.002753336913883686
246 320 0.003152536926791072
246 400 0.0024604699574410915
247 0 0.005129862576723099
247 80 0.0016884980723261833
247 160 0.0020202023442834616
247 240 0.00360217597335577
247 320 0.002553204307332635
247 400 0.0018377169035375118
248 0 0.0038876342587172985
248 80 0.0028315819799900055
248 160 0.0023984606377780437
248 240 0.0019489822443574667
248 320 0.001918500172905624
248 400 0.0037564656231552362
249 0 0.003450841410085559
249 80 0.0020577325485646725
249 160 0.0026545326691120863
249 240 0.0013968199491500854
249 320 0.004059554077684879
249 400 0.0022012414410710335
250 0 0.0046890899538993835
250 80 0.0017307319212704897
250 160 0.004318706225603819
250 240 0.0022973387967795134
250 320 0.0041043697856366634
250 400 0.004292700905352831
251 0 0.0018522009486332536
251 80 0.0028831453528255224
251 160 0.0018896607216447592
251 240 0.004770842380821705
251 320 0.0020500097889453173
251 400 0.0016007113736122847
252 0 0.0016449287068098783
252 80 0.002355714561417699
252 160 0.0043481867760419846
252 240 0.0073485663160681725
252 320 0.004938976839184761
252 400 0.0014389457646757364
253 0 0.0027438190300017595
253 80 0.00223836419172585
253 160 0.003544426755979657
253 240 0.0027264251839369535
253 320 0.0028263856656849384
253 400 0.002196455840021372
254 0 0.00226759584620595
254 80 0.005056809168308973
254 160 0.0025220029056072235
254 240 0.0013698606053367257
254 320 0.0025460838805884123
254 400 0.0023251690436154604
255 0 0.0028848021756857634
255 80 0.0025605903938412666
255 160 0.0024181820917874575
255 240 0.0026523983106017113
255 320 0.0021430817432701588
255 400 0.0019074617885053158
256 0 0.0007635004003532231
256 80 0.0036654139403253794
256 160 0.0010442440398037434
256 240 0.0038026173133403063
256 320 0.0020516596268862486
256 400 0.0014571319334208965
257 0 0.0029516227077692747
257 80 0.002137707779183984
257 160 0.0024694688618183136
257 240 0.001994442893192172
257 320 0.0009287516586482525
257 400 0.0012514075497165322
258 0 0.004115752410143614
258 80 0.002583238063380122
258 160 0.0020120737608522177
258 240 0.0007641318952664733
258 320 0.0016966687981039286
258 400 0.002098835539072752
259 0 0.0028597908094525337
259 80 0.002495843218639493
259 160 0.0031487569212913513
259 240 0.0019222715636715293
259 320 0.002767898142337799
259 400 0.0029750990215688944
260 0 0.002198405098170042
260 80 0.0011900904355570674
260 160 0.0020088867750018835
260 240 0.003474777564406395
260 320 0.0021290816366672516
260 400 0.0012923666508868337
261 0 0.0009584921645000577
261 80 0.0007422018679790199
261 160 0.0013211921323090792
261 240 0.0033938423730432987
261 320 0.0013752096565440297
261 400 0.0018969670636579394
262 0 0.003814184572547674
262 80 0.0010109141003340483
262 160 0.004733618348836899
262 240 0.0029844199307262897
262 320 0.003215963486582041
262 400 0.0024886077735573053
263 0 0.0016485564410686493
263 80 0.001950626028701663
263 160 0.0038103838451206684
263 240 0.0025142086669802666
263 320 0.003693233709782362
263 400 0.0017865280387923121
264 0 0.0025688179302960634
264 80 0.001875824760645628
264 160 0.002434891415759921
264 240 0.003199868369847536
264 320 0.000659236335195601
264 400 0.00182479212526232
265 0 0.0008407338755205274
265 80 0.0021291819866746664
265 160 0.002356322016566992
265 240 0.0034070448018610477
265 320 0.0028811506927013397
265 400 0.0018247588304802775
266 0 0.001992061035707593
266 80 0.000926794542465359
266 160 0.0006790307816118002
266 240 0.0011868462897837162
266 320 0.00112615164835006
266 400 0.002018293598666787
267 0 0.0032549563329666853
267 80 0.002303090877830982
267 160 0.002735814079642296
267 240 0.0013805647613480687
267 320 0.0029154971707612276
267 400 0.004326180554926395
268 0 0.0017054699128493667
268 80 0.0024525208864361048
268 160 0.0020818226039409637
268 240 0.00254307733848691
268 320 0.0027678227052092552
268 400 0.0030866172164678574
269 0 0.001378165208734572
269 80 0.001977614825591445
269 160 0.0013518872437998652
269 240 0.001043876400217414
269 320 0.0020699547603726387
269 400 0.00219005742110312
270 0 0.0017755753360688686
270 80 0.0018021247815340757
270 160 0.003174319863319397
270 240 0.002151103923097253
270 320 0.0014908796874806285
270 400 0.0029599429108202457
271 0 0.0022455130238085985
271 80 0.002392243593931198
271 160 0.0019380903104320168
271 240 0.0025743257720023394
271 320 0.0026279212906956673
271 400 0.0022351504303514957
272 0 0.0036453460343182087
272 80 0.00249586277641356
272 160 0.0012488635256886482
272 240 0.0028634362388402224
272 320 0.0024483026936650276
272 400 0.00277356687001884
273 0 0.0017187275225296617
273 80 0.0026512823533266783
273 160 0.0033297566697001457
273 240 0.0027530957013368607
273 320 0.0024297914933413267
273 400 0.0019360483856871724
274 0 0.0046483916230499744
274 80 0.0021657333709299564
274 160 0.001977304695174098
274 240 0.001802458893507719
274 320 0.003448544768616557
274 400 0.0020787061657756567
275 0 0.0010572460014373064
275 80 0.0011272868141531944
275 160 0.002444160869345069
275 240 0.002619997365400195
275 320 0.0015556472353637218
275 400 0.0029132363852113485
276 0 0.0022462308406829834
276 80 0.0025778324343264103
276 160 0.0014567760517820716
276 240 0.0021460733842104673
276 320 0.0033369529992341995
276 400 0.00120303756557405
277 0 0.0017966231098398566
277 80 0.0011182422749698162
277 160 0.0032623927108943462
277 240 0.002366980304941535
277 320 0.0025831768289208412
277 400 0.0024524203035980463
278 0 0.001674705883488059
278 80 0.001223589526489377
278 160 0.0027628084644675255
278 240 0.004147295840084553
278 320 0.0018270548898726702
278 400 0.0021854364313185215
279 0 0.0034682624973356724
279 80 0.00172819709405303
279 160 0.0031630629673600197
279 240 0.0012922838795930147
279 320 0.002769754733890295
279 400 0.0010271023493260145
280 0 0.0022842618636786938
280 80 0.0021253263112157583
280 160 0.0018978072330355644
280 240 0.0015636988682672381
280 320 0.0015703386161476374
280 400 0.002124152146279812
281 0 0.0037143563386052847
281 80 0.0007000061450526118
281 160 0.0015840790001675487
281 240 0.0014309886610135436
281 320 0.0010177979711443186
281 400 0.004174421075731516
282 0 0.0019664440769702196
282 80 0.004029844421893358
282 160 0.0012089109513908625
282 240 0.0034715861547738314
282 320 0.0017381832003593445
282 400 0.0018656476167961955
283 0 0.0031840289011597633
283 80 0.0017583658918738365
283 160 0.0012507636565715075
283 240 0.0020526316948235035
283 320 0.002023001667112112
283 400 0.0009630221757106483
284 0 0.0019574363250285387
284 80 0.0022442443296313286
284 160 0.0023861429654061794
284 240 0.000848488649353385
284 320 0.002171784173697233
284 400 0.0033506073523312807
285 0 0.003158481325954199
285 80 0.001292175380513072
285 160 0.0038834356237202883
285 240 0.001660724519751966
285 320 0.002337374957278371
285 400 0.0011061534751206636
286 0 0.002502089599147439
286 80 0.003964741248637438
286 160 0.0015372285852208734
286 240 0.0028039412572979927
286 320 0.0009436388500034809
286 400 0.0023023320827633142
287 0 0.001685036811977625
287 80 0.002338744467124343
287 160 0.0021172240376472473
287 240 0.004107894375920296
287 320 0.0021608604583889246
287 400 0.003912650048732758
288 0 0.0020528766326606274
288 80 0.0013538869097828865
288 160 0.000781314040068537
288 240 0.002304147696122527
288 320 0.0022248951718211174
288 400 0.0025135260075330734
289 0 0.002761655719950795
289 80 0.0014672590186819434
289 160 0.002661106176674366
289 240 0.001889456994831562
289 320 0.0010858384193852544
289 400 0.0018011154606938362
290 0 0.002178825903683901
290 80 0.0017752352869138122
290 160 0.002627554815262556
290 240 0.0027697698678821325
290 320 0.001235805917531252
290 400 0.004091471433639526
291 0 0.002742064418271184
291 80 0.001887447782792151
291 160 0.0031350054778158665
291 240 0.0014006869168952107
291 320 0.0013812754768878222
291 400 0.004183919634670019
292 0 0.000737199152354151
292 80 0.0047566830180585384
292 160 0.001373977866023779
292 240 0.003260210156440735
292 320 0.0029628174379467964
292 400 0.004477161914110184
293 0 0.0017828005366027355
293 80 0.0019807149656116962
293 160 0.0008196065318770707
293 240 0.0020961302798241377
293 320 0.00270181056112051
293 400 0.002838267246261239
294 0 0.002758252201601863
294 80 0.0020822908263653517
294 160 0.002694453112781048
294 240 0.002378866309300065
294 320 0.0010840180329978466
294 400 0.0017369309207424521
295 0 0.0017515968065708876
295 80 0.0025775479152798653
295 160 0.0011678197188302875
295 240 0.0022820436861366034
295 320 0.0018322875257581472
295 400 0.004015070851892233
296 0 0.0013603339903056622
296 80 0.001573530025780201
296 160 0.0017139114206656814
296 240 0.0012051560916006565
296 320 0.0020437107887119055
296 400 0.0012619345216080546
297 0 0.0025278888642787933
297 80 0.0016461526975035667
297 160 0.004196268040686846
297 240 0.0013515298487618566
297 320 0.0023233129177242517
297 400 0.0014210501685738564
298 0 0.0010509825078770518
298 80 0.001505087479017675
298 160 0.001027321326546371
298 240 0.002522013382986188
298 320 0.0022457337472587824
298 400 0.0019796574488282204
299 0 0.0018566667567938566
299 80 0.001120171626098454
299 160 0.0009348353487439454
299 240 0.0020613374654203653
299 320 0.001593605731613934
299 400 0.0023079710081219673
300 0 0.0017458341317251325
300 80 0.0014984200242906809
300 160 0.0028623337857425213
300 240 0.002652097027748823
300 320 0.0018120077438652515
300 400 0.0006968479719944298
