1 1.2612624167919413 0.8665
2 0.35064257747297095 0.9270166666666667
3 0.2334995712918132 0.94215
4 0.19803724174838522 0.94915
5 0.16146526306962916 0.9552
6 0.13980121261624892 0.9589833333333333
7 0.11894594401971045 0.96305
8 0.11208173706392839 0.9662666666666667
9 0.13715584769543174 0.9636666666666667
10 0.10144191997042343 0.9688333333333333
11 0.08716246066515697 0.972
12 0.08074903713344637 0.97425
13 0.07829877423611023 0.9750333333333333
14 0.07326053423501218 0.9764166666666667
15 0.07122319184247651 0.97685
16 0.0673070012945245 0.9775333333333334
17 0.06235190843746288 0.9798666666666667
18 0.060618859497325886 0.9800333333333333
19 0.05929620671711529 0.9802
20 0.058113038096068576 0.9805
21 0.05540901318049507 0.98225
22 0.05368525932219301 0.9826833333333334
23 0.0494930180611768 0.9839666666666667
24 0.04872765489466695 0.98405
25 0.04592538094803342 0.9851166666666666
26 0.04403976881618439 0.9861166666666666
27 0.0416690777542431 0.9864
28 0.04103434279110275 0.9865166666666667
29 0.039349484019108545 0.9879
30 0.038067323846746486 0.98785
31 0.03624862432777723 0.9883833333333333
32 0.0357196811807038 0.9888166666666667
33 0.0338785140199273 0.9899
34 0.032595153483969255 0.9904833333333334
35 0.03176061700491398 0.9905333333333334
36 0.02952738991106497 0.9915666666666667
37 0.029021982168123475 0.9919166666666667
38 0.02742974565469666 0.9925333333333334
39 0.026470319288018258 0.9929
40 0.02610345318593752 0.9931
41 0.02548109686105395 0.99315
42 0.02487651166269806 0.99355
43 0.023125056583962557 0.9941833333333333
44 0.022400248467104075 0.9944
45 0.021750195628540442 0.9947333333333334
46 0.021271185643637357 0.99495
47 0.020382701134833415 0.9953833333333333
48 0.019713150589033834 0.9954333333333333
49 0.018935852771454147 0.9960333333333333
50 0.018407148827335983 0.9961666666666666
51 0.017956901402490687 0.9961666666666666
52 0.017010260467677674 0.99665
53 0.016508973023887954 0.9969333333333333
54 0.01623247733150027 0.9970833333333333
55 0.015549642729388276 0.9974166666666666
56 0.015401200734889075 0.99735
57 0.01447516867815495 0.9977833333333334
58 0.014071629157285891 0.9980166666666667
59 0.013558738947863868 0.99815
60 0.013401285902078727 0.9981666666666666
61 0.012928258776088863 0.9983166666666666
62 0.012714070504777499 0.9983666666666666
63 0.01234765523927473 0.99855
64 0.011929740345399422 0.9986333333333334
65 0.011866038310716845 0.9986666666666667
66 0.011203264583275516 0.9989333333333333
67 0.010924473409600524 0.9991
68 0.010644320806891504 0.9992166666666666
69 0.010597210772125039 0.9991333333333333
70 0.010265367260492687 0.9992333333333333
71 0.010070661857807592 0.9992833333333333
72 0.009837909984384486 0.9993
73 0.009565706740119565 0.9994666666666666
74 0.009206840403572614 0.9996
75 0.009109952961400485 0.99945
76 0.008878381800716683 0.9996166666666667
77 0.008785332520571806 0.9995
78 0.008467435560522795 0.9996666666666667
79 0.008372010184707108 0.99965
80 0.008179228440093906 0.9996666666666667
81 0.008040327438042123 0.9997666666666667
82 0.007899231861220367 0.9997666666666667
83 0.0077127913784569326 0.9996833333333334
84 0.007563563583514043 0.9997833333333334
85 0.007389857904858459 0.9998166666666667
86 0.007374073017581201 0.9998
87 0.00709705798254251 0.99985
88 0.0070045423606581395 0.99985
89 0.006828108458652664 0.9999
90 0.006759129460654788 0.9998833333333333
91 0.006639404525197963 0.9999333333333333
92 0.006539286020448181 0.9998833333333333
93 0.006453861637827334 0.99985
94 0.00631102335764401 0.9999
95 0.006249229105359225 0.9999
96 0.006065294639999742 0.99995
97 0.005991327839949206 0.99995
98 0.005884390844127485 0.9999166666666667
99 0.005789208886171899 0.9999666666666667
100 0.005746434681238666 0.99995
101 0.005686696402843732 0.9999333333333333
102 0.005508036171989654 0.9999333333333333
103 0.005449656758264803 0.99995
104 0.0053166163668755305 0.9999666666666667
105 0.005281311775079128 0.9999666666666667
106 0.0052419017399919395 0.9999666666666667
107 0.005115764501538358 0.9999666666666667
108 0.005037190737887852 0.9999833333333333
109 0.00501917663793852 0.99995
110 0.0049476344820989695 0.9999666666666667
111 0.004892255649465059 0.99995
112 0.004804805127173058 0.9999666666666667
113 0.004715741946618122 0.9999833333333333
114 0.004669365573124384 1.0
115 0.004659903013700449 0.99995
116 0.004564437745407081 1.0
117 0.004498738978705458 1.0
118 0.0044356365928918855 1.0
119 0.004392601830610779 0.9999833333333333
120 0.004333190486899444 1.0
121 0.004279536743666222 1.0
122 0.004218798991330445 0.9999833333333333
123 0.004170655239639538 0.9999666666666667
124 0.004107654538886276 1.0
125 0.004076526796783823 1.0
126 0.0040312429807131 0.9999833333333333
127 0.003977627070473709 0.9999833333333333
128 0.003944408164909686 1.0
129 0.0039030065601651886 1.0
130 0.0038357028053320847 1.0
131 0.003806926113471929 1.0
132 0.003765990626181601 1.0
133 0.003739140868094613 1.0
134 0.0036948210000545025 1.0
135 0.003654207413726206 1.0
136 0.0035976809818101035 1.0
137 0.0035922941409234107 1.0
138 0.0035364720565793134 1.0
139 0.0034970182876811542 1.0
140 0.0034514049195057983 1.0
141 0.0034272664150636176 1.0
142 0.0033805190027306185 1.0
143 0.0033555174834588404 1.0
144 0.003329179283337735 1.0
145 0.0032987609605686164 1.0
146 0.0032542502170111905 1.0
147 0.0032361671951577574 1.0
148 0.003200705383848677 1.0
149 0.0031688570312764456 1.0
150 0.0031528891358864127 0.9999833333333333
151 0.0031023371303434185 1.0
152 0.0030798396121200196 1.0
153 0.0030415164250165603 1.0
154 0.0030263977851083222 1.0
155 0.0029968771133333572 1.0
156 0.002970034100198701 1.0
157 0.002937791154914494 1.0
158 0.00291717048537836 1.0
159 0.002884230047870459 1.0
160 0.0028714775898382623 1.0
161 0.0028455866348576237 1.0
162 0.0028205163505569753 1.0
163 0.0028101070882079362 1.0
164 0.0027747008269891015 1.0
165 0.0027539311859286083 1.0
166 0.0027254653908039277 1.0
167 0.0027074221112548926 1.0
168 0.002691892627961755 1.0
169 0.002658442543474024 1.0
170 0.0026556421920204405 1.0
171 0.002618049563435929 1.0
172 0.002599495687278242 1.0
173 0.0025769730123615803 1.0
174 0.0025497138279793993 1.0
175 0.0025376484602509038 1.0
176 0.0025099515697103677 1.0
177 0.0024988038109432756 1.0
178 0.00247757829753543 1.0
179 0.0024551883685404556 1.0
180 0.002432301197189099 1.0
181 0.0024140476692107514 1.0
182 0.00240263868314919 1.0
183 0.002387722275892038 1.0
184 0.0023791104077802365 1.0
185 0.0023472973440057917 1.0
186 0.002338040841501087 1.0
187 0.002315236034982804 1.0
188 0.0022965851785944724 1.0
189 0.0022846634297677354 1.0
190 0.0022664107060852224 1.0
191 0.0022521105810636476 1.0
192 0.0022353027493127987 1.0
193 0.0022263069664299894 1.0
194 0.002203182216290869 1.0
195 0.00219022028973755 1.0
196 0.0021760660807725223 1.0
197 0.0021518472237572043 1.0
198 0.002139240864161422 1.0
199 0.002131289255165898 1.0
200 0.0021121846237056045 1.0
201 0.0020972137321541304 1.0
202 0.00209292785144413 1.0
203 0.002072964457602405 1.0
204 0.0020633943924761766 1.0
205 0.0020443149812535435 1.0
206 0.0020393895869975343 1.0
207 0.0020203502938848364 1.0
208 0.0020066856913991383 1.0
209 0.0019887404004136707 1.0
210 0.001985219344166594 1.0
211 0.0019713624410687696 1.0
212 0.0019572587003797363 1.0
213 0.001941928940602759 1.0
214 0.0019320051608009458 1.0
215 0.0019218060498891363 1.0
216 0.00190877404329784 1.0
217 0.001896903167594411 1.0
218 0.0018843728085252036 1.0
219 0.0018768865840513506 1.0
220 0.001860120490451268 1.0
221 0.0018526176990718264 1.0
222 0.0018441562706143903 1.0
223 0.0018299874551256678 1.0
224 0.0018153926824901634 1.0
225 0.0018062868016783886 1.0
226 0.0018020555966405639 1.0
227 0.001785776816491685 1.0
228 0.0017787360747941513 1.0
229 0.0017669432099535268 1.0
230 0.0017537486307925658 1.0
231 0.0017511803398791478 1.0
232 0.0017333765056724948 1.0
233 0.0017246202887050799 1.0
234 0.0017149089201691566 1.0
235 0.0017079648004893436 1.0
236 0.0016945062866950754 1.0
237 0.0016892947570439666 1.0
238 0.001677217963486731 1.0
239 0.001669451639280597 1.0
240 0.0016621781772733339 1.0
241 0.0016537139260856463 1.0
242 0.0016448260849040908 1.0
243 0.0016376026662817196 1.0
244 0.0016201793050233608 1.0
245 0.0016133252485741629 1.0
246 0.0016081295626387913 1.0
247 0.0016014844008874316 1.0
248 0.0015873939691504627 1.0
249 0.0015828826044972089 1.0
250 0.0015756123585252662 1.0
251 0.0015672203237146163 1.0
252 0.001556699258938823 1.0
