1 0 2.9917263984680176
1 80 0.9427143931388855
1 160 0.6434985399246216
1 240 0.3656032383441925
1 320 0.5090303421020508
1 400 0.2572094798088074
2 0 0.1641380339860916
2 80 0.2834894061088562
2 160 0.5275005102157593
2 240 0.32946765422821045
2 320 0.2336316704750061
2 400 0.28315478563308716
3 0 0.1454751193523407
3 80 0.3749535381793976
3 160 0.8263546228408813
3 240 0.12267708033323288
3 320 0.10990101099014282
3 400 0.09492695331573486
4 0 0.20186616480350494
4 80 0.06723065674304962
4 160 0.11889725178480148
4 240 0.3179679214954376
4 320 0.2583402991294861
4 400 0.0899445191025734
5 0 0.025688448920845985
5 80 0.14634038507938385
5 160 0.25514745712280273
5 240 0.051711373031139374
5 320 0.2634207606315613
5 400 0.1715259999036789
6 0 0.05553124472498894
6 80 0.14997023344039917
6 160 0.05216878652572632
6 240 0.034907735884189606
6 320 0.14876075088977814
6 400 0.0784626454114914
7 0 0.07907819747924805
7 80 0.1201559528708458
7 160 0.07529187947511673
7 240 0.03700518608093262
7 320 0.11077117919921875
7 400 0.10840800404548645
8 0 0.11099689453840256
8 80 0.10990232229232788
8 160 0.1754380315542221
8 240 0.08403519541025162
8 320 0.16773633658885956
8 400 0.05540407821536064
9 0 0.1780543327331543
9 80 0.12487529218196869
9 160 0.10327141731977463
9 240 0.07408357411623001
9 320 0.057249169796705246
9 400 0.1051340252161026
10 0 0.14215336740016937
10 80 0.1344325691461563
10 160 0.15063832700252533
10 240 0.0813337042927742
10 320 0.1793149709701538
10 400 0.12596115469932556
11 0 0.10434214025735855
11 80 0.0609704963862896
11 160 0.09671206027269363
11 240 0.12834803760051727
11 320 0.10517428815364838
11 400 0.14277981221675873
12 0 0.04975617676973343
12 80 0.10176006704568863
12 160 0.18795084953308105
12 240 0.0703490823507309
12 320 0.1474279910326004
12 400 0.07844454795122147
13 0 0.08234232664108276
13 80 0.03522123023867607
13 160 0.12055928260087967
13 240 0.059673011302948
13 320 0.0810190886259079
13 400 0.03339678421616554
14 0 0.08726626634597778
14 80 0.09719949215650558
14 160 0.04662987217307091
14 240 0.07128573209047318
14 320 0.12034507840871811
14 400 0.05303051322698593
15 0 0.05289110168814659
15 80 0.0634499043226242
15 160 0.08033391833305359
15 240 0.0818391889333725
15 320 0.07082499563694
15 400 0.049307409673929214
16 0 0.053918834775686264
16 80 0.012912404723465443
16 160 0.033522505313158035
16 240 0.0686904564499855
16 320 0.15773223340511322
16 400 0.022107983008027077
17 0 0.03226601332426071
17 80 0.0577811598777771
17 160 0.05131293833255768
17 240 0.050981633365154266
17 320 0.01952868513762951
17 400 0.10808104276657104
18 0 0.04602658748626709
18 80 0.03775722160935402
18 160 0.036647647619247437
18 240 0.11295343935489655
18 320 0.14500465989112854
18 400 0.04652036726474762
19 0 0.050973717123270035
19 80 0.07855801284313202
19 160 0.1979244351387024
19 240 0.048018235713243484
19 320 0.1315084546804428
19 400 0.14467516541481018
20 0 0.06409122049808502
20 80 0.05576042830944061
20 160 0.11534953862428665
20 240 0.043622396886348724
20 320 0.05981738120317459
20 400 0.012158669531345367
21 0 0.058990396559238434
21 80 0.10026350617408752
21 160 0.020313384011387825
21 240 0.03842318058013916
21 320 0.09659074991941452
21 400 0.053222354501485825
22 0 0.027829419821500778
22 80 0.055098310112953186
22 160 0.05587650090456009
22 240 0.05632146820425987
22 320 0.013529055751860142
22 400 0.07443264871835709
23 0 0.09116505086421967
23 80 0.019947221502661705
23 160 0.07636642456054688
23 240 0.034309063106775284
23 320 0.03372889384627342
23 400 0.05834079906344414
24 0 0.05773979052901268
24 80 0.03963584452867508
24 160 0.05371678248047829
24 240 0.0421840101480484
24 320 0.07504516839981079
24 400 0.17813730239868164
25 0 0.07553299516439438
25 80 0.07288937270641327
25 160 0.04389845207333565
25 240 0.019607221707701683
25 320 0.013681316748261452
25 400 0.044119786471128464
26 0 0.024055132642388344
26 80 0.05934933200478554
26 160 0.03234820067882538
26 240 0.0309931468218565
26 320 0.021039869636297226
26 400 0.08952979743480682
27 0 0.03862929344177246
27 80 0.0295812226831913
27 160 0.10287155210971832
27 240 0.06492584943771362
27 320 0.017886582762002945
27 400 0.11460212618112564
28 0 0.04244215041399002
28 80 0.026053180918097496
28 160 0.02345387265086174
28 240 0.02745138853788376
28 320 0.045805674046278
28 400 0.016393616795539856
29 0 0.056298092007637024
29 80 0.028313839808106422
29 160 0.03614528477191925
29 240 0.033775072544813156
29 320 0.023335836827754974
29 400 0.03814990073442459
30 0 0.03623966500163078
30 80 0.05765004828572273
30 160 0.0370204821228981
30 240 0.028138527646660805
30 320 0.03635096177458763
30 400 0.010437279008328915
31 0 0.050911352038383484
31 80 0.01987346075475216
31 160 0.050683122128248215
31 240 0.05555048957467079
31 320 0.03840033337473869
31 400 0.027041302993893623
32 0 0.012708286754786968
32 80 0.037809450179338455
32 160 0.059877507388591766
32 240 0.015089042484760284
32 320 0.05061899870634079
32 400 0.0466294027864933
33 0 0.023444313555955887
33 80 0.0361747145652771
33 160 0.01763846166431904
33 240 0.021034056320786476
33 320 0.006081049796193838
33 400 0.029853148385882378
34 0 0.03164583072066307
34 80 0.016387926414608955
34 160 0.014580748043954372
34 240 0.01287026796489954
34 320 0.05976329371333122
34 400 0.09290000051259995
35 0 0.022793082520365715
35 80 0.015400398522615433
35 160 0.019655723124742508
35 240 0.012948581948876381
35 320 0.014947708696126938
35 400 0.020571252331137657
36 0 0.030467839911580086
36 80 0.006512405816465616
36 160 0.05041056498885155
36 240 0.02219676412642002
36 320 0.018952922895550728
36 400 0.07675032317638397
37 0 0.016186164692044258
37 80 0.017137859016656876
37 160 0.017023565247654915
37 240 0.03737802803516388
37 320 0.026514654979109764
37 400 0.07407926023006439
38 0 0.02741721272468567
38 80 0.027656150981783867
38 160 0.011433567851781845
38 240 0.006475870497524738
38 320 0.01783100888133049
38 400 0.021386144682765007
39 0 0.02166173793375492
39 80 0.027551965788006783
39 160 0.02998802624642849
39 240 0.02608131431043148
39 320 0.020258568227291107
39 400 0.03649754449725151
40 0 0.03075573965907097
40 80 0.02179091051220894
40 160 0.04567831754684448
40 240 0.014163468033075333
40 320 0.010384820401668549
40 400 0.03320712223649025
41 0 0.01729694753885269
41 80 0.02788676880300045
41 160 0.015865040943026543
41 240 0.047540806233882904
41 320 0.015952274203300476
41 400 0.04141538217663765
42 0 0.040699150413274765
42 80 0.013965839520096779
42 160 0.015415336936712265
42 240 0.011706104502081871
42 320 0.07901797443628311
42 400 0.0054097711108624935
43 0 0.01689748466014862
43 80 0.01990925893187523
43 160 0.020169183611869812
43 240 0.013231828808784485
43 320 0.034529946744441986
43 400 0.04006580635905266
44 0 0.0046583921648561954
44 80 0.012516644783318043
44 160 0.03447803109884262
44 240 0.017111390829086304
44 320 0.041567061096429825
44 400 0.05638720095157623
45 0 0.020806271582841873
45 80 0.03362182527780533
45 160 0.017959028482437134
45 240 0.019710799679160118
45 320 0.01668316125869751
45 400 0.0598943829536438
46 0 0.028237299993634224
46 80 0.013492641970515251
46 160 0.01979191228747368
46 240 0.008161662146449089
46 320 0.0455736480653286
46 400 0.016784921288490295
47 0 0.021062729880213737
47 80 0.013655359856784344
47 160 0.016992535442113876
47 240 0.015557315200567245
47 320 0.0040767015889286995
47 400 0.008064335212111473
48 0 0.016362344846129417
48 80 0.020877040922641754
48 160 0.013439422473311424
48 240 0.03775259107351303
48 320 0.015680592507123947
48 400 0.01651143468916416
49 0 0.00891509186476469
49 80 0.018252110108733177
49 160 0.029785769060254097
49 240 0.007799847051501274
49 320 0.018403124064207077
49 400 0.0419711209833622
50 0 0.019956514239311218
50 80 0.010839507915079594
50 160 0.012678352184593678
50 240 0.01789710856974125
50 320 0.030725475400686264
50 400 0.01650623232126236
51 0 0.013106071390211582
51 80 0.12865884602069855
51 160 0.02865418791770935
51 240 0.011652776971459389
51 320 0.03463559225201607
51 400 0.01245040912181139
52 0 0.025441275909543037
52 80 0.022160161286592484
52 160 0.005826643668115139
52 240 0.015515451319515705
52 320 0.01894553378224373
52 400 0.010690474882721901
53 0 0.007197388913482428
53 80 0.02221756801009178
53 160 0.015405060723423958
53 240 0.023505082353949547
53 320 0.03261373192071915
53 400 0.008823302574455738
54 0 0.008163612335920334
54 80 0.011146621778607368
54 160 0.016209591180086136
54 240 0.01602499559521675
54 320 0.008563877083361149
54 400 0.02728903852403164
55 0 0.026257159188389778
55 80 0.022156566381454468
55 160 0.005434826482087374
55 240 0.013099540956318378
55 320 0.0072644860483706
55 400 0.024952851235866547
56 0 0.023073021322488785
56 80 0.0068870228715240955
56 160 0.02645518071949482
56 240 0.02662442997097969
56 320 0.013083838857710361
56 400 0.015132640488445759
57 0 0.029842007905244827
57 80 0.0062378388829529285
57 160 0.015366841107606888
57 240 0.033545490354299545
57 320 0.010799258016049862
57 400 0.011915050446987152
58 0 0.014182548969984055
58 80 0.009924284182488918
58 160 0.015451430343091488
58 240 0.025674985721707344
58 320 0.010134762153029442
58 400 0.021700827404856682
59 0 0.014247782528400421
59 80 0.002089326735585928
59 160 0.01002278458327055
59 240 0.004796007182449102
59 320 0.014626936055719852
59 400 0.01617232896387577
60 0 0.011053639464080334
60 80 0.007761106826364994
60 160 0.015035347081720829
60 240 0.013584792613983154
60 320 0.0232818853110075
60 400 0.005731872748583555
61 0 0.011461561545729637
61 80 0.005573695525527
61 160 0.013575912453234196
61 240 0.023961853235960007
61 320 0.009365848265588284
61 400 0.01219371147453785
62 0 0.011315601877868176
62 80 0.023271925747394562
62 160 0.014152954332530499
62 240 0.014319702051579952
62 320 0.011901718564331532
62 400 0.03695749491453171
63 0 0.008238034322857857
63 80 0.008771681226789951
63 160 0.023884978145360947
63 240 0.010005906224250793
63 320 0.019351258873939514
63 400 0.012092282064259052
64 0 0.006579618435353041
64 80 0.012161263264715672
64 160 0.005146610084921122
64 240 0.010756013914942741
64 320 0.008020962588489056
64 400 0.010285980068147182
65 0 0.008760287426412106
65 80 0.010517735965549946
65 160 0.007656116969883442
65 240 0.00646743830293417
65 320 0.0048422617837786674
65 400 0.011544032953679562
66 0 0.011449911631643772
66 80 0.009592988528311253
66 160 0.0027757713105529547
66 240 0.01646457426249981
66 320 0.012757351621985435
66 400 0.009527145884931087
67 0 0.007739040534943342
67 80 0.00958972703665495
67 160 0.008708732202649117
67 240 0.006301409099251032
67 320 0.015927912667393684
67 400 0.007506131194531918
68 0 0.00973966158926487
68 80 0.005468224175274372
68 160 0.015061281621456146
68 240 0.0094774654135108
68 320 0.00532165402546525
68 400 0.01063045859336853
69 0 0.00801196787506342
69 80 0.009340441785752773
69 160 0.002726685255765915
69 240 0.01257956400513649
69 320 0.013841284438967705
69 400 0.03660956770181656
70 0 0.008208888582885265
70 80 0.007262701168656349
70 160 0.009886226616799831
70 240 0.014597305096685886
70 320 0.020715856924653053
70 400 0.008069654926657677
71 0 0.0062412372790277
71 80 0.0070442864671349525
71 160 0.006216961890459061
71 240 0.016527021303772926
71 320 0.006461186334490776
71 400 0.006910797208547592
72 0 0.004837788175791502
72 80 0.012796896509826183
72 160 0.006460920907557011
72 240 0.0035672434605658054
72 320 0.007588226348161697
72 400 0.00740300677716732
73 0 0.006500898394733667
73 80 0.009249287657439709
73 160 0.005950252525508404
73 240 0.009081896394491196
73 320 0.004475635476410389
73 400 0.0028107045218348503
74 0 0.005983483046293259
74 80 0.01132673118263483
74 160 0.008942200802266598
74 240 0.00770536670461297
74 320 0.012218468822538853
74 400 0.0032354649156332016
75 0 0.008685547858476639
75 80 0.010941038839519024
75 160 0.012824703007936478
75 240 0.00817367434501648
75 320 0.013189335353672504
75 400 0.011019582860171795
76 0 0.006089919246733189
76 80 0.01004478894174099
76 160 0.005040652118623257
76 240 0.011405861005187035
76 320 0.006045094691216946
76 400 0.007906298153102398
77 0 0.007897473871707916
77 80 0.009349487721920013
77 160 0.008059782907366753
77 240 0.006355798337608576
77 320 0.013313147239387035
77 400 0.005318759009242058
78 0 0.015062395483255386
78 80 0.00912479031831026
78 160 0.004278318956494331
78 240 0.008962288498878479
78 320 0.010111966170370579
78 400 0.005349434446543455
79 0 0.007928218692541122
79 80 0.0024929007049649954
79 160 0.0045852819457650185
79 240 0.00996363814920187
79 320 0.0051562306471168995
79 400 0.008813192136585712
80 0 0.003142076311632991
80 80 0.00445292005315423
80 160 0.006818865425884724
80 240 0.004990882705897093
80 320 0.019164137542247772
80 400 0.003902945201843977
81 0 0.005541491322219372
81 80 0.004408631939440966
81 160 0.004609388764947653
81 240 0.008541739545762539
81 320 0.008978265337646008
81 400 0.009800038300454617
82 0 0.007425551302731037
82 80 0.005324960220605135
82 160 0.005176412872970104
82 240 0.006120622158050537
82 320 0.009401893243193626
82 400 0.0032063235994428396
83 0 0.007945149205625057
83 80 0.006171882152557373
83 160 0.008169496431946754
83 240 0.00820557028055191
83 320 0.015028498135507107
83 400 0.006930856965482235
84 0 0.003983861766755581
84 80 0.0035005102399736643
84 160 0.004992909263819456
84 240 0.00795862078666687
84 320 0.007161659188568592
84 400 0.009609748609364033
85 0 0.0036170855164527893
85 80 0.010095610283315182
85 160 0.006071865558624268
85 240 0.007374676410108805
85 320 0.004406833555549383
85 400 0.0021890238858759403
86 0 0.010673675686120987
86 80 0.002171729225665331
86 160 0.0071048494428396225
86 240 0.00456262705847621
86 320 0.015897534787654877
86 400 0.023334063589572906
87 0 0.008064275607466698
87 80 0.005452618468552828
87 160 0.0041376203298568726
87 240 0.0042840843088924885
87 320 0.007130440790206194
87 400 0.00628182478249073
88 0 0.0032577558886259794
88 80 0.007337001617997885
88 160 0.010077524930238724
88 240 0.011530278250575066
88 320 0.004680860787630081
88 400 0.004127975087612867
89 0 0.0034529631957411766
89 80 0.006570814177393913
89 160 0.005762521643191576
89 240 0.010038862004876137
89 320 0.008417760021984577
89 400 0.008502104319632053
90 0 0.005934039130806923
90 80 0.005364994518458843
90 160 0.00506961066275835
90 240 0.004338252358138561
90 320 0.008422746323049068
90 400 0.006270298734307289
91 0 0.005096470471471548
91 80 0.003888058476150036
91 160 0.0061570387333631516
91 240 0.004303531255573034
91 320 0.014180736616253853
91 400 0.011309082619845867
92 0 0.002798717701807618
92 80 0.0056085530668497086
92 160 0.003636607900261879
92 240 0.011104468256235123
92 320 0.0050408486276865005
92 400 0.007423476316034794
93 0 0.00879272073507309
93 80 0.003746977774426341
93 160 0.0055053941905498505
93 240 0.006290938705205917
93 320 0.008494903333485126
93 400 0.007586910389363766
94 0 0.0062067522667348385
94 80 0.006796832662075758
94 160 0.003482758766040206
94 240 0.009965517558157444
94 320 0.0058664921671152115
94 400 0.002746147569268942
95 0 0.005539702717214823
95 80 0.0059941792860627174
95 160 0.006036086473613977
95 240 0.005414129234850407
95 320 0.007337528746575117
95 400 0.005560118705034256
96 0 0.0023929476737976074
96 80 0.0067558325827121735
96 160 0.008262868039309978
96 240 0.004352228250354528
96 320 0.008002515882253647
96 400 0.008292543701827526
97 0 0.003901127493008971
97 80 0.004662556108087301
97 160 0.014845497906208038
97 240 0.005253043491393328
97 320 0.008991341106593609
97 400 0.004829328041523695
98 0 0.0027827469166368246
98 80 0.0030949325300753117
98 160 0.002494590822607279
98 240 0.004532781895250082
98 320 0.006099241320043802
98 400 0.005139499437063932
99 0 0.009990082122385502
99 80 0.004856993909925222
99 160 0.007159727159887552
99 240 0.004581216257065535
99 320 0.00794125348329544
99 400 0.004550224635750055
100 0 0.0096307173371315
100 80 0.0026002000086009502
100 160 0.003972136415541172
100 240 0.009865953586995602
100 320 0.0043106344528496265
100 400 0.007046501152217388
101 0 0.004193501081317663
101 80 0.006003125105053186
101 160 0.0032828517723828554
101 240 0.005553265102207661
101 320 0.004381713457405567
101 400 0.004553229548037052
102 0 0.010966877453029156
102 80 0.005758753512054682
102 160 0.0029530259780585766
102 240 0.004606816917657852
102 320 0.006843178533017635
102 400 0.0038507524877786636
103 0 0.0063338130712509155
103 80 0.00533211650326848
103 160 0.009188765659928322
103 240 0.004140934906899929
103 320 0.005645515862852335
103 400 0.0048260875046253204
104 0 0.00505566643550992
104 80 0.003871629945933819
104 160 0.0033225540537387133
104 240 0.012438737787306309
104 320 0.004168819636106491
104 400 0.006160415709018707
105 0 0.006394960917532444
105 80 0.004793566185981035
105 160 0.0062657566741108894
105 240 0.009704235941171646
105 320 0.006745853926986456
105 400 0.0037037585861980915
106 0 0.0030723230447620153
106 80 0.00738266296684742
106 160 0.00751924142241478
106 240 0.004269161261618137
106 320 0.0071374098770320415
106 400 0.004654339514672756
107 0 0.004495297558605671
107 80 0.0050366162322461605
107 160 0.003982807509601116
107 240 0.011157313361763954
107 320 0.004582657013088465
107 400 0.00997118465602398
108 0 0.0034908645320683718
108 80 0.00335046392865479
108 160 0.005632089916616678
108 240 0.01320831198245287
108 320 0.004898229148238897
108 400 0.002638596808537841
109 0 0.002781309885904193
109 80 0.003910040482878685
109 160 0.004346415400505066
109 240 0.0026518322993069887
109 320 0.00134774309117347
109 400 0.0024493865203112364
110 0 0.0024989130906760693
110 80 0.005396831315010786
110 160 0.0046686045825481415
110 240 0.004210028797388077
110 320 0.0068716793321073055
110 400 0.0025226918514817953
111 0 0.003112354315817356
111 80 0.0046368311159312725
111 160 0.0031447557266801596
111 240 0.007170283701270819
111 320 0.003979052882641554
111 400 0.004776439629495144
112 0 0.004467824939638376
112 80 0.0012595155276358128
112 160 0.0037585976533591747
112 240 0.004199754446744919
112 320 0.003954307641834021
112 400 0.0031322529539465904
113 0 0.006295555736869574
113 80 0.0061538186855614185
113 160 0.0019649488385766745
113 240 0.005168890114873648
113 320 0.004724577069282532
113 400 0.004940562881529331
114 0 0.0018190653063356876
114 80 0.004155766684561968
114 160 0.0039878124371171
114 240 0.0019783913157880306
114 320 0.003379161236807704
114 400 0.004782342817634344
115 0 0.008336128666996956
115 80 0.007061068434268236
115 160 0.005639547016471624
115 240 0.0016737724654376507
115 320 0.004651475232094526
115 400 0.007977097295224667
116 0 0.004803266376256943
116 80 0.004297378472983837
116 160 0.003479811828583479
116 240 0.004061506595462561
116 320 0.0026250972878187895
116 400 0.005639676004648209
117 0 0.003132094396278262
117 80 0.006277281790971756
117 160 0.0037058102898299694
117 240 0.00426845857873559
117 320 0.0030762318056076765
117 400 0.0017385004321113229
118 0 0.005449369084089994
118 80 0.003721026238054037
118 160 0.002756428672000766
118 240 0.0036204394418746233
118 320 0.003949644975364208
118 400 0.005837315693497658
119 0 0.005211551208049059
119 80 0.002047983929514885
119 160 0.0031083482317626476
119 240 0.003746925387531519
119 320 0.005720605608075857
119 400 0.00867092702537775
120 0 0.003003697143867612
120 80 0.0029874835163354874
120 160 0.005925632081925869
120 240 0.002704022219404578
120 320 0.004910677671432495
120 400 0.0042228419333696365
121 0 0.003601767821237445
121 80 0.0029460093937814236
121 160 0.00550359720364213
121 240 0.0023831273429095745
121 320 0.002743258373811841
121 400 0.003074915846809745
122 0 0.0031767659820616245
122 80 0.0037066317163407803
122 160 0.006594612263143063
122 240 0.005884983576834202
122 320 0.0017238815780729055
122 400 0.003548214677721262
123 0 0.00280210399068892
123 80 0.00451261643320322
123 160 0.003416241379454732
123 240 0.0030037378892302513
123 320 0.003285580314695835
123 400 0.005314259324222803
124 0 0.003547541331499815
124 80 0.006760588847100735
124 160 0.003979093860834837
124 240 0.004302381072193384
124 320 0.00551701569929719
124 400 0.00484137237071991
125 0 0.0036886234302073717
125 80 0.004187647718936205
125 160 0.0038399621844291687
125 240 0.00335711264051497
125 320 0.008433099836111069
125 400 0.0031223895493894815
126 0 0.002980100456625223
126 80 0.004600186832249165
126 160 0.003990086726844311
126 240 0.001910416642203927
126 320 0.0027567774523049593
126 400 0.006241232622414827
127 0 0.004431095905601978
127 80 0.0031204468104988337
127 160 0.004554298240691423
127 240 0.001456668134778738
127 320 0.0024096828419715166
127 400 0.005738759879022837
128 0 0.0053755296394228935
128 80 0.004367382265627384
128 160 0.006150079425424337
128 240 0.004073499236255884
128 320 0.0044656540267169476
128 400 0.0035642238799482584
129 0 0.0034705293364822865
129 80 0.0030790765304118395
129 160 0.005203901324421167
129 240 0.003328966209664941
129 320 0.004136493429541588
129 400 0.0031298850663006306
130 0 0.005029890686273575
130 80 0.004938151221722364
130 160 0.004006858915090561
130 240 0.004893864039331675
130 320 0.0037281918339431286
130 400 0.002959537087008357
131 0 0.004782684613019228
131 80 0.003919146489351988
131 160 0.003254886716604233
131 240 0.003221045481041074
131 320 0.004543960560113192
131 400 0.004801427014172077
132 0 0.004163344856351614
132 80 0.004328658804297447
132 160 0.0027121177408844233
132 240 0.004297247622162104
132 320 0.003514183685183525
132 400 0.0026423942763358355
133 0 0.004180906806141138
133 80 0.0031882235780358315
133 160 0.0028927086386829615
133 240 0.001985808601602912
133 320 0.0061947256326675415
133 400 0.002177124610170722
134 0 0.002476875903084874
134 80 0.0029621871653944254
134 160 0.00377189670689404
134 240 0.002019404200837016
134 320 0.00419433880597353
134 400 0.0030221936758607626
135 0 0.0017486030701547861
135 80 0.0029822078067809343
135 160 0.0037476399447768927
135 240 0.002823815681040287
135 320 0.0045695919543504715
135 400 0.004367790184915066
136 0 0.005971455946564674
136 80 0.002140852389857173
136 160 0.003302000928670168
136 240 0.007930676452815533
136 320 0.006322670727968216
136 400 0.0026728142984211445
137 0 0.0035165403969585896
137 80 0.005070142447948456
137 160 0.0029140296392142773
137 240 0.0030116362031549215
137 320 0.004072167444974184
137 400 0.0025993268936872482
138 0 0.004150810651481152
138 80 0.004550758749246597
138 160 0.0025328611955046654
138 240 0.0048291683197021484
138 320 0.002345629734918475
138 400 0.00604198919609189
139 0 0.003657338209450245
139 80 0.0031342150177806616
139 160 0.004405827261507511
139 240 0.006180478725582361
139 320 0.004033445846289396
139 400 0.006339482497423887
140 0 0.0018693921156227589
140 80 0.0016763248713687062
140 160 0.0016833632253110409
140 240 0.001497821882367134
140 320 0.0031172907911241055
140 400 0.004725124686956406
141 0 0.0015338122611865401
141 80 0.003199188504368067
141 160 0.0020039814990013838
141 240 0.006203790660947561
141 320 0.0027693496085703373
141 400 0.0030939916614443064
142 0 0.0024478945415467024
142 80 0.004010852891951799
142 160 0.002123474143445492
142 240 0.005148287396878004
142 320 0.001181313768029213
142 400 0.0027274833992123604
143 0 0.003876638598740101
143 80 0.0048469300381839275
143 160 0.003225394757464528
143 240 0.003307267790660262
143 320 0.0024621253833174706
143 400 0.004697779659181833
144 0 0.002597775775939226
144 80 0.0018132904078811407
144 160 0.004241408780217171
144 240 0.0029046544805169106
144 320 0.0016707252943888307
144 400 0.002667199121788144
145 0 0.002575802616775036
145 80 0.003740892745554447
145 160 0.003399406559765339
145 240 0.005622733384370804
145 320 0.004061378538608551
145 400 0.003419372485950589
146 0 0.004448547959327698
146 80 0.0023441812954843044
146 160 0.00498717837035656
146 240 0.00382593902759254
146 320 0.004024508409202099
146 400 0.003973167389631271
147 0 0.0016064087394624949
147 80 0.007937010377645493
147 160 0.006003589369356632
147 240 0.004531015641987324
147 320 0.0036298646591603756
147 400 0.003431360935792327
148 0 0.0025405166670680046
148 80 0.0010386796202510595
148 160 0.0026979229878634214
148 240 0.0021967084612697363
148 320 0.0027777673676609993
148 400 0.004998488817363977
149 0 0.004013476427644491
149 80 0.0022664573043584824
149 160 0.0024777110666036606
149 240 0.0014235996641218662
149 320 0.007582203485071659
149 400 0.004434945527464151
150 0 0.0011906485306099057
150 80 0.0042183659970760345
150 160 0.0038010310381650925
150 240 0.0030909404158592224
150 320 0.002062434796243906
150 400 0.003999318927526474
151 0 0.003193533280864358
151 80 0.006353342905640602
151 160 0.0034934969153255224
151 240 0.0027203867211937904
151 320 0.005666400771588087
151 400 0.003875440452247858
152 0 0.0018233931623399258
152 80 0.0020291698165237904
152 160 0.0019817156717181206
152 240 0.005206963513046503
152 320 0.004120418801903725
152 400 0.005524802953004837
153 0 0.00419261958450079
153 80 0.000816819432657212
153 160 0.0033623557537794113
153 240 0.003584036137908697
153 320 0.0028819299768656492
153 400 0.002393522299826145
154 0 0.003156085731461644
154 80 0.0021470696665346622
154 160 0.0026259408332407475
154 240 0.0031936720479279757
154 320 0.0016476297751069069
154 400 0.002740368479862809
155 0 0.003289767075330019
155 80 0.0031685016583651304
155 160 0.002624035580083728
155 240 0.0011859562946483493
155 320 0.0036251761484891176
155 400 0.0037383409217000008
156 0 0.003997371066361666
156 80 0.002439513336867094
156 160 0.004731449298560619
156 240 0.004717559553682804
156 320 0.004790056496858597
156 400 0.004352340009063482
157 0 0.003755676792934537
157 80 0.002160586416721344
157 160 0.00557815283536911
157 240 0.0016821551835164428
157 320 0.0027570652309805155
157 400 0.0009967838414013386
158 0 0.0022022570483386517
158 80 0.0031438320875167847
158 160 0.0033035725355148315
158 240 0.005507268011569977
158 320 0.0022322330623865128
158 400 0.0004378758021630347
159 0 0.0025916711892932653
159 80 0.0036942490842193365
159 160 0.004599792417138815
159 240 0.003694721031934023
159 320 0.002541056601330638
159 400 0.003603981342166662
160 0 0.0018179835751652718
160 80 0.002251441590487957
160 160 0.004780952353030443
160 240 0.005141581408679485
160 320 0.0032533162739127874
160 400 0.001183657324872911
161 0 0.004396216478198767
161 80 0.0028109042905271053
161 160 0.0026913941837847233
161 240 0.0023175557143986225
161 320 0.004221815150231123
161 400 0.0029554234351962805
162 0 0.0029936579521745443
162 80 0.0020853534806519747
162 160 0.0040511880069971085
162 240 0.0020253057591617107
162 320 0.003056904999539256
162 400 0.0029637771658599377
163 0 0.0023378541227430105
163 80 0.002556322608143091
163 160 0.0036158382426947355
163 240 0.0030419337563216686
163 320 0.0023685276973992586
163 400 0.003057819791138172
164 0 0.0040656873025000095
164 80 0.002190484432503581
164 160 0.0016275537200272083
164 240 0.0029152787756174803
164 320 0.003820574376732111
164 400 0.00235117063857615
165 0 0.001553419861011207
165 80 0.0023456732742488384
165 160 0.0021891500800848007
165 240 0.002244801027700305
165 320 0.0022532541770488024
165 400 0.0020479627419263124
166 0 0.0006848260527476668
166 80 0.002823934191837907
166 160 0.0023278547450900078
166 240 0.0034536179155111313
166 320 0.0020807976834475994
166 400 0.002904432127252221
167 0 0.002980712102726102
167 80 0.0009078197763301432
167 160 0.0028354162350296974
167 240 0.0008065273286774755
167 320 0.0035652562510222197
167 400 0.0020043086260557175
168 0 0.001967787742614746
168 80 0.0026351562701165676
168 160 0.0029315610881894827
168 240 0.001638033427298069
168 320 0.0019884598441421986
168 400 0.004736385308206081
169 0 0.0017571572680026293
169 80 0.0027215152513235807
169 160 0.0024265102110803127
169 240 0.0037699993699789047
169 320 0.0024428335018455982
169 400 0.004902916494756937
170 0 0.0038653970696032047
170 80 0.0033805696293711662
170 160 0.00658641941845417
170 240 0.001712509896606207
170 320 0.0029491956811398268
170 400 0.0022808851208537817
171 0 0.003121688961982727
171 80 0.0018188811372965574
171 160 0.0017567186150699854
171 240 0.0009141242480836809
171 320 0.002222235780209303
171 400 0.0036850818432867527
172 0 0.0033948675263673067
172 80 0.002187273930758238
172 160 0.0025645634159445763
172 240 0.00224645109847188
172 320 0.0020840128418058157
172 400 0.005785905756056309
173 0 0.0015849663177505136
173 80 0.0037835934199392796
173 160 0.002420205157250166
173 240 0.002554799895733595
173 320 0.0020631977822631598
173 400 0.0044561889953911304
174 0 0.0017792795551940799
174 80 0.0029489188455045223
174 160 0.002583252964541316
174 240 0.0019233375787734985
174 320 0.0020527110900729895
174 400 0.0013893586583435535
175 0 0.002882583299651742
175 80 0.0017464853590354323
175 160 0.00457635847851634
175 240 0.0034697565715759993
175 320 0.0021233651787042618
175 400 0.0020032902248203754
176 0 0.0036751271691173315
176 80 0.002593622077256441
176 160 0.003129258519038558
176 240 0.002224717289209366
176 320 0.0019210849422961473
176 400 0.0033004593569785357
177 0 0.002678985008969903
177 80 0.0026360994670540094
177 160 0.0033782608807086945
177 240 0.00380401941947639
177 320 0.002650613198056817
177 400 0.0023558808024972677
178 0 0.002314874203875661
178 80 0.0017544029979035258
178 160 0.002511538565158844
178 240 0.0028991959989070892
178 320 0.002565597416833043
178 400 0.003095937892794609
179 0 0.00362724089063704
179 80 0.0014554406516253948
179 160 0.002144621452316642
179 240 0.0018592796986922622
179 320 0.001801150618121028
179 400 0.0025203488767147064
180 0 0.0020998807158321142
180 80 0.0015937975840643048
180 160 0.002453549299389124
180 240 0.0012678720522671938
180 320 0.0019427724182605743
180 400 0.002868513111025095
181 0 0.002699342556297779
181 80 0.0036492678336799145
181 160 0.002051419112831354
181 240 0.001207627123221755
181 320 0.0019765107426792383
181 400 0.0018673257436603308
182 0 0.001178132020868361
182 80 0.0021318665239959955
182 160 0.0025040439795702696
182 240 0.0016044611111283302
182 320 0.0034111279528588057
182 400 0.0039734975434839725
183 0 0.0016705590533092618
183 80 0.0037634389009326696
183 160 0.002044700551778078
183 240 0.0021642749197781086
183 320 0.0019203993724659085
183 400 0.0015223179943859577
184 0 0.003622698364779353
184 80 0.0014331131242215633
184 160 0.0011332056019455194
184 240 0.0022223505657166243
184 320 0.002347510540857911
184 400 0.001756217796355486
185 0 0.0025276239030063152
185 80 0.002146546496078372
185 160 0.0026620340067893267
185 240 0.0020151331555098295
185 320 0.0014745112275704741
185 400 0.0006795728113502264
186 0 0.0016880660550668836
186 80 0.0029484375845640898
186 160 0.001077890396118164
186 240 0.003087095683440566
186 320 0.000738492701202631
186 400 0.0022070081904530525
187 0 0.003722023917362094
187 80 0.0019796513952314854
187 160 0.002466183388605714
187 240 0.001551465829834342
187 320 0.0031194649636745453
187 400 0.002174578607082367
188 0 0.0016978381900116801
188 80 0.0015448241028934717
188 160 0.0012044546892866492
188 240 0.0035999775864183903
188 320 0.0006864273454993963
188 400 0.002096539828926325
189 0 0.0013740463182330132
189 80 0.00226575811393559
189 160 0.002966146217659116
189 240 0.0007414512219838798
189 320 0.002332054078578949
189 400 0.0021483497694134712
190 0 0.0012695931363850832
190 80 0.0017238771542906761
190 160 0.002479864750057459
190 240 0.0015314684715121984
190 320 0.003067965153604746
190 400 0.00273397215642035
191 0 0.0019018055172637105
191 80 0.002371825510635972
191 160 0.0015668738633394241
191 240 0.000658184289932251
191 320 0.0017045415006577969
191 400 0.0029623459558933973
192 0 0.0037791503127664328
192 80 0.0006713283946737647
192 160 0.003474246012046933
192 240 0.004439470358192921
192 320 0.0018980272579938173
192 400 0.004105291794985533
193 0 0.003492335556074977
193 80 0.001030196901410818
193 160 0.0023995633237063885
193 240 0.0007629835163243115
193 320 0.0010876491433009505
193 400 0.0016838549636304379
194 0 0.0012156032025814056
194 80 0.0020546859595924616
194 160 0.0023078634403645992
194 240 0.0012371864868327975
194 320 0.0022739467676728964
194 400 0.0018532667309045792
195 0 0.0019869159441441298
195 80 0.0021514056716114283
195 160 0.002124207094311714
195 240 0.0023355225566774607
195 320 0.0021923957392573357
195 400 0.0029361273627728224
196 0 0.00047089613508433104
196 80 0.003523791441693902
196 160 0.002511255443096161
196 240 0.0017496198415756226
196 320 0.0032952409237623215
196 400 0.0022127123083919287
197 0 0.0022482117637991905
197 80 0.0019445738289505243
197 160 0.0019607555586844683
197 240 0.0026170124765485525
197 320 0.002154798712581396
197 400 0.003723893780261278
198 0 0.0013657391536980867
198 80 0.0008292634156532586
198 160 0.0008708182722330093
198 240 0.0026107949670404196
198 320 0.0023219180293381214
198 400 0.0025516366586089134
199 0 0.0034334533847868443
199 80 0.0027485815808176994
199 160 0.002045881934463978
199 240 0.0032191001810133457
199 320 0.0012375690275803208
199 400 0.0013159883674234152
200 0 0.0019708636682480574
200 80 0.0019844453781843185
200 160 0.0037529966793954372
200 240 0.00188802694901824
200 320 0.0020382667426019907
200 400 0.002249825978651643
201 0 0.004115000832825899
201 80 0.0014925232389941812
201 160 0.0023554139770567417
201 240 0.003146609989926219
201 320 0.001787858665920794
201 400 0.0017754072323441505
202 0 0.0018813700880855322
202 80 0.0016918963519856334
202 160 0.002948525594547391
202 240 0.002413700567558408
202 320 0.0015006355242803693
202 400 0.0018110658274963498
203 0 0.003261782694607973
203 80 0.0017121246783062816
203 160 0.002079053781926632
203 240 0.001423169975169003
203 320 0.0013801109744235873
203 400 0.002381063997745514
204 0 0.0009574434952810407
204 80 0.0019567490089684725
204 160 0.0017159476410597563
204 240 0.0007990319863893092
204 320 0.0014862208627164364
204 400 0.0008728950633667409
205 0 0.0027141356840729713
205 80 0.0020670790690928698
205 160 0.002803520066663623
205 240 0.0018951274687424302
205 320 0.0016848600935190916
205 400 0.0017341021448373795
206 0 0.0030916579999029636
206 80 0.002311400370672345
206 160 0.0018731586169451475
206 240 0.0017188735073432326
206 320 0.003564273240044713
206 400 0.0008624342735856771
207 0 0.001856636255979538
207 80 0.0021341140381991863
207 160 0.0012194367591291666
207 240 0.0034274060744792223
207 320 0.003189065959304571
207 400 0.0019928975962102413
208 0 0.001553056063130498
208 80 0.0004051289870403707
208 160 0.0036580159794539213
208 240 0.0006424977909773588
208 320 0.001763953478075564
208 400 0.0020174221135675907
209 0 0.001153559540398419
209 80 0.0036778058856725693
209 160 0.0021700779907405376
209 240 0.0013327031629160047
209 320 0.0018365106079727411
209 400 0.002112276153638959
210 0 0.0020180263090878725
210 80 0.0016176728531718254
210 160 0.0022202718537300825
210 240 0.0018632947467267513
210 320 0.0018112979596480727
210 400 0.0016346826450899243
211 0 0.001662496360950172
211 80 0.002004460198804736
211 160 0.0015056058764457703
211 240 0.0027990087401121855
211 320 0.0009547310182824731
211 400 0.0023843208327889442
212 0 0.0020572138018906116
212 80 0.0021015822421759367
212 160 0.0022909375838935375
212 240 0.00172973342705518
212 320 0.0012972744880244136
212 400 0.002493441104888916
213 0 0.0011022798717021942
213 80 0.0018415858503431082
213 160 0.001850205473601818
213 240 0.0022143274545669556
213 320 0.0013111605076119304
213 400 0.0014938396634534001
214 0 0.0025275282096117735
214 80 0.0010422939667478204
214 160 0.0011550530325621367
214 240 0.002393935341387987
214 320 0.001684733433648944
214 400 0.0009595048031769693
215 0 0.0022392228711396456
215 80 0.0021158175077289343
215 160 0.0018684089882299304
215 240 0.0021245398093014956
215 320 0.0026497808285057545
215 400 0.001079691224731505
216 0 0.001226081163622439
216 80 0.0018136927392333746
216 160 0.003556878538802266
216 240 0.0016799584263935685
216 320 0.0009883494349196553
216 400 0.002440276788547635
217 0 0.0017753494903445244
217 80 0.0016582651296630502
217 160 0.0013937288895249367
217 240 0.001645393786020577
217 320 0.0018729997100308537
217 400 0.002759910887107253
218 0 0.0012282675597816706
218 80 0.0021675394382327795
218 160 0.0016210576286539435
218 240 0.002018638188019395
218 320 0.0010960636427626014
218 400 0.002217985223978758
219 0 0.0017001450760290027
219 80 0.0012178703909739852
219 160 0.0013907027896493673
219 240 0.002145718550309539
219 320 0.0031662974506616592
219 400 0.0012419690610840917
220 0 0.0008511760388500988
220 80 0.002061436651274562
220 160 0.0021529023069888353
220 240 0.00023965003492776304
220 320 0.001800135592930019
220 400 0.0014598672278225422
221 0 0.001179010490886867
221 80 0.0009838179685175419
221 160 0.0019789498765021563
221 240 0.0030957921408116817
221 320 0.0016693394863978028
221 400 0.000858545012306422
222 0 0.002052666386589408
222 80 0.0016238500829786062
222 160 0.0013228495372459292
222 240 0.0009348999592475593
222 320 0.0025354872923344374
222 400 0.0022332167718559504
223 0 0.0011542224092409015
223 80 0.0013416288420557976
223 160 0.0021196764428168535
223 240 0.002504455391317606
223 320 0.001317872665822506
223 400 0.0014785683015361428
224 0 0.0030385905411094427
224 80 0.0015651421854272485
224 160 0.0009164669900201261
224 240 0.0009275781339965761
224 320 0.0011367440456524491
224 400 0.0027403479907661676
225 0 0.00243701646104455
225 80 0.00034658960066735744
225 160 0.0011580102145671844
225 240 0.0009636395261622965
225 320 0.0032167292665690184
225 400 0.003175102872774005
226 0 0.0026335008442401886
226 80 0.0018051833612844348
226 160 0.00042412432958371937
226 240 0.002688357140868902
226 320 0.0028651871252804995
226 400 0.00104209512937814
227 0 0.0019543380476534367
227 80 0.0014264083001762629
227 160 0.002366940723732114
227 240 0.0009161567431874573
227 320 0.002491171006113291
227 400 0.001585056888870895
228 0 0.0016005513025447726
228 80 0.0023520421236753464
228 160 0.0011583799496293068
228 240 0.001899154158309102
228 320 0.0015856596874073148
228 400 0.001020681345835328
229 0 0.0008655432029627264
229 80 0.0020773850847035646
229 160 0.0009814263321459293
229 240 0.0029815896414220333
229 320 0.0016144689870998263
229 400 0.0010968480492010713
230 0 0.0013549424475058913
230 80 0.0015984923811629415
230 160 0.0014791531721130013
230 240 0.0006536687724292278
230 320 0.0016614357009530067
230 400 0.0015500099398195744
231 0 0.0023412995506078005
231 80 0.001682565431110561
231 160 0.002738154958933592
231 240 0.0033999073784798384
231 320 0.0027359495870769024
231 400 0.0007146516581997275
232 0 0.0009537943988107145
232 80 0.0015856047393754125
232 160 0.002310977317392826
232 240 0.0019625378772616386
232 320 0.001988265896216035
232 400 0.0006135365110822022
233 0 0.0013950607972219586
233 80 0.0022887298837304115
233 160 0.0013050682609900832
233 240 0.0007986186537891626
233 320 0.0027272950392216444
233 400 0.002883326727896929
234 0 0.0016032791463658214
234 80 0.0017281206091865897
234 160 0.0012918375432491302
234 240 0.0015087034553289413
234 320 0.0020006299018859863
234 400 0.0009554506395943463
235 0 0.002111067995429039
235 80 0.0022281967103481293
235 160 0.0020333032589405775
235 240 0.0016826818464323878
235 320 0.0008496809168718755
235 400 0.0018959862645715475
236 0 0.0028917938470840454
236 80 0.0014360754285007715
236 160 0.0008921631961129606
236 240 0.0019026311347261071
236 320 0.001802921062335372
236 400 0.001650427933782339
237 0 0.0016411020187661052
237 80 0.001422523520886898
237 160 0.0014809448039159179
237 240 0.000912223185878247
237 320 0.0017267792718484998
237 400 0.0014805904356762767
238 0 0.001142585533671081
238 80 0.0008409524452872574
238 160 0.0018460493301972747
238 240 0.002544775838032365
238 320 0.0009726312709972262
238 400 0.0012891370570287108
239 0 0.0014887962024658918
239 80 0.0028684737626463175
239 160 0.0012965962523594499
239 240 0.0022354417014867067
239 320 0.0023857811465859413
239 400 0.0011392055312171578
240 0 0.0011169633362442255
240 80 0.0017580360872671008
240 160 0.0014545657904818654
240 240 0.0017633440438658
240 320 0.002585161942988634
240 400 0.002798480913043022
241 0 0.0014677006984129548
241 80 0.002043965272605419
241 160 0.0012294066837057471
241 240 0.002475946908816695
241 320 0.0010502524673938751
241 400 0.001299006398767233
242 0 0.0017979799304157495
242 80 0.0008202878525480628
242 160 0.0017422320088371634
242 240 0.0012528348015621305
242 320 0.0017895301571115851
242 400 0.0017034580232575536
243 0 0.0018373106140643358
243 80 0.001308233942836523
243 160 0.0012412723153829575
243 240 0.001977667910978198
243 320 0.00123963737860322
243 400 0.0015233798185363412
244 0 0.002231332240626216
244 80 0.0014434298500418663
244 160 0.0002874556521419436
244 240 0.0014860326191410422
244 320 0.0020279327873140574
244 400 0.0023402797523885965
245 0 0.0014167033368721604
245 80 0.0008701230981387198
245 160 0.0019950272981077433
245 240 0.0020438777282834053
245 320 0.0018185145454481244
245 400 0.002160460688173771
246 0 0.0011881182435899973
246 80 0.0007838291930966079
246 160 0.0011603235034272075
246 240 0.001469451584853232
246 320 0.0014189989306032658
246 400 0.0013543965760618448
247 0 0.0021217179019004107
247 80 0.0017345997039228678
247 160 0.0016552379820495844
247 240 0.0026821724604815245
247 320 0.0008485959260724485
247 400 0.0017561776330694556
248 0 0.001297144452109933
248 80 0.002690134570002556
248 160 0.002403662074357271
248 240 0.0023778690956532955
248 320 0.0017124924343079329
248 400 0.0008190236985683441
249 0 0.0006913789547979832
249 80 0.003148205578327179
249 160 0.001905690529383719
249 240 0.0004423710925038904
249 320 0.0009807647438719869
249 400 0.0017017414793372154
250 0 0.0015283117536455393
250 80 0.002108704997226596
250 160 0.001692395773716271
250 240 0.0009773210622370243
250 320 0.0010463965591043234
250 400 0.0022212574258446693
251 0 0.0019788017962127924
251 80 0.0013318003620952368
251 160 0.001377808628603816
251 240 0.0010593114420771599
251 320 0.0020474079065024853
251 400 0.0007141955429688096
252 0 0.000785563257522881
252 80 0.0011809475254267454
252 160 0.0016103037633001804
252 240 0.001811293070204556
252 320 0.0013735424727201462
252 400 0.0011586451437324286
253 0 0.0015903407474979758
253 80 0.0024063868913799524
253 160 0.0018744140397757292
253 240 0.0009485624614171684
253 320 0.0015099334996193647
