1 0.4003448726843669 0.8855166666666666
2 0.22576192685408886 0.9361
3 0.18618788031626865 0.9486
4 0.16138021133220526 0.9553333333333334
5 0.1435138719962604 0.96085
6 0.13019795692774025 0.9644166666666667
7 0.11947656085273858 0.96755
8 0.11037180028649281 0.9698833333333333
9 0.1030359049039736 0.97225
10 0.09646932480495367 0.9738833333333333
11 0.0909428227780216 0.9760166666666666
12 0.08586141508795432 0.9773333333333334
13 0.08137565766220917 0.9785
14 0.07742205809857418 0.9796
15 0.07362470954164133 0.9804166666666667
16 0.070372510073917 0.9818
17 0.06733676611678178 0.9829333333333333
18 0.06459082441050996 0.9836
19 0.061933138493154606 0.9841666666666666
20 0.05957475902318065 0.9846333333333334
21 0.057297436508542694 0.9852666666666666
22 0.055220106864836555 0.9863
23 0.05326677133827639 0.9868166666666667
24 0.05136322426492535 0.9874333333333334
25 0.04961596148958338 0.98785
26 0.04804375244658003 0.9885833333333334
27 0.046517291646411045 0.9889833333333333
28 0.044920194971520125 0.9896333333333334
29 0.04352960014529129 0.9896166666666667
30 0.04220265313101285 0.9902
31 0.0408820295249666 0.9906
32 0.03969469654566444 0.9908833333333333
33 0.03862081003635486 0.9912
34 0.03746317606419325 0.9916333333333334
35 0.036377655725473405 0.9921333333333333
36 0.03542889963720303 0.99215
37 0.03441868823315543 0.9926833333333334
38 0.03345903038962691 0.9930833333333333
39 0.032579150388458135 0.99335
40 0.03171696288904338 0.9935
41 0.030944182451115423 0.9937166666666667
42 0.03012373753146195 0.99415
43 0.029344373160222575 0.9943833333333333
44 0.028651415093390864 0.9942833333333333
45 0.027860093648348853 0.99465
46 0.027219902298081595 0.9949666666666667
47 0.026631122889882848 0.9952
48 0.025948704392123007 0.99535
49 0.02536762389602628 0.9955833333333334
50 0.024811947039131924 0.9958666666666667
51 0.024178461659191325 0.9959666666666667
52 0.023679796110854537 0.9961166666666667
53 0.02306451459131293 0.9963166666666666
54 0.02258783318241363 0.9964666666666666
55 0.02207734362919257 0.99655
56 0.021602684461168135 0.9969
57 0.021183918598594507 0.9968666666666667
58 0.020739902423988623 0.9970166666666667
59 0.020286742076059298 0.9971333333333333
60 0.019848688915649903 0.99725
61 0.01941332183103127 0.9973333333333333
62 0.019042891331577 0.9975
63 0.018655224273334752 0.9976166666666667
64 0.01824152434685591 0.99785
65 0.01789622001800694 0.9978833333333333
66 0.017558030931076517 0.9979
67 0.01718067687286783 0.9980166666666667
68 0.016955806370844432 0.9981
69 0.01652936728895584 0.9982
70 0.01629579493424484 0.9982166666666666
71 0.01593163643312305 0.9982166666666666
72 0.015621499095394063 0.9983
73 0.015349944474608468 0.99845
74 0.015086716630740333 0.9984833333333333
75 0.014772989093633825 0.99865
76 0.014553360590862154 0.9985333333333334
77 0.014238213310574196 0.9986833333333334
78 0.014050137812593408 0.9986166666666667
79 0.0137880287929448 0.99875
80 0.013551613495154961 0.9988
81 0.013315006254562564 0.9987833333333334
82 0.013061833785358332 0.9987333333333334
83 0.012871832634483191 0.9989666666666667
84 0.012664707166565729 0.9989333333333333
85 0.012442197681698543 0.9990166666666667
86 0.012230548873615226 0.9989833333333333
87 0.012035025165541403 0.9991
88 0.01184425246752878 0.99915
89 0.011654411701223394 0.9991333333333333
90 0.011475592103006362 0.9991833333333333
91 0.011297041042916366 0.9992
92 0.011118591058133507 0.9992666666666666
93 0.010948380331761006 0.9992666666666666
94 0.010789453367720536 0.9993166666666666
95 0.010627355419599744 0.9993166666666666
96 0.010479405368449908 0.99935
97 0.010298980634286206 0.99935
98 0.010147311028712658 0.9994166666666666
99 0.009997882324753444 0.9993833333333333
100 0.009859562339161887 0.99945
101 0.009720906524408632 0.9995
102 0.009585712597008422 0.9994833333333333
103 0.009439645758045635 0.99955
104 0.009319432449640274 0.9996166666666667
105 0.009195028411061653 0.9995666666666667
106 0.009063470445926796 0.9996833333333334
107 0.008943891996192112 0.9996333333333334
108 0.008819450562232052 0.99965
109 0.008699337875635337 0.9996666666666667
110 0.008565899991452186 0.9996833333333334
111 0.008468939874843477 0.9997333333333334
112 0.0083751051449902 0.9996833333333334
113 0.008250002663380015 0.9997333333333334
114 0.008139495487644602 0.9997333333333334
115 0.008050792035150295 0.9997333333333334
116 0.007920882290304661 0.9997333333333334
117 0.007845802887924698 0.99975
118 0.0077487643076373 0.9997333333333334
119 0.007633294513784666 0.99975
120 0.007556216690246501 0.9997166666666667
121 0.0074479142566328685 0.99975
122 0.007381063549896516 0.9998
123 0.007293593250155481 0.9997666666666667
124 0.0071966163987822055 0.9997666666666667
125 0.007102547659983497 0.9997833333333334
126 0.00701611966881623 0.9998
127 0.006956923791497294 0.9998333333333334
128 0.006872098068835766 0.99985
129 0.006785847712308168 0.9998166666666667
130 0.006702822332741069 0.99985
131 0.006631798262564914 0.9998
132 0.00655744996081704 0.9998166666666667
133 0.006502108343604849 0.9998666666666667
134 0.00641714246459067 0.9998166666666667
135 0.006334526448705192 0.9998666666666667
136 0.0062748475570176074 0.9999166666666667
137 0.006219567691555807 0.9998666666666667
138 0.006129101030717193 0.9998833333333333
139 0.0060812314651580825 0.9999
140 0.006016701443502103 0.9998666666666667
141 0.005958910372707921 0.9998833333333333
142 0.005896380182349685 0.9999166666666667
143 0.00584044847051615 0.9998833333333333
144 0.005769179604484884 0.9999166666666667
145 0.0057153318917303325 0.9999333333333333
146 0.0056512846980295555 0.9999
147 0.005593162505075272 0.9999333333333333
148 0.005548534996267448 0.9999166666666667
149 0.005485036227204748 0.99995
150 0.005440669079650758 0.99995
151 0.005385316276390638 0.9999666666666667
152 0.005332630970376308 0.9999666666666667
153 0.00527385954133499 0.9999666666666667
154 0.0052331980213082075 0.9999833333333333
155 0.005177430208223357 0.99995
156 0.0051388728109919134 0.9999833333333333
157 0.00508370803895472 0.9999833333333333
158 0.005038466734085868 0.9999666666666667
159 0.0049894257549887525 0.9999833333333333
160 0.00494708170466967 0.9999833333333333
161 0.004905597584794706 0.9999666666666667
162 0.004857988344497486 0.9999833333333333
163 0.004817462085422549 0.9999833333333333
164 0.004765875053593019 0.9999833333333333
165 0.004733465067587539 0.9999833333333333
166 0.004689020757277462 0.9999666666666667
167 0.00464907845408757 0.9999833333333333
168 0.004607397559057198 0.9999833333333333
169 0.004564398716736052 0.9999833333333333
170 0.004528995881329721 0.9999833333333333
171 0.004491002431192966 0.9999833333333333
172 0.004452663856292409 0.9999833333333333
173 0.0044172705441062 0.9999833333333333
174 0.004385351703670035 0.9999833333333333
175 0.004343217358798353 0.9999833333333333
176 0.0043131272778409455 0.9999833333333333
177 0.0042730665458902434 0.9999833333333333
178 0.00424088253927574 0.9999833333333333
179 0.00420309479302689 0.9999833333333333
180 0.004171592175716292 0.9999833333333333
181 0.004141285246275842 0.9999833333333333
182 0.004106397484751867 0.9999833333333333
183 0.004063615481977834 0.9999833333333333
184 0.004041328048110127 0.9999833333333333
185 0.004012769730667324 1.0
186 0.003977026591307795 0.9999833333333333
187 0.003949113974302038 0.9999833333333333
188 0.003912732999489855 0.9999833333333333
189 0.003884948224503436 1.0
190 0.003857099115034379 0.9999833333333333
191 0.003826057107107384 0.9999833333333333
192 0.0038023377393386257 0.9999833333333333
193 0.0037762525817577933 0.9999833333333333
194 0.0037412700873277367 0.9999833333333333
195 0.0037171794790407217 0.9999833333333333
196 0.0036871370835614994 0.9999833333333333
197 0.0036659554144226588 0.9999833333333333
198 0.003636453884404534 0.9999833333333333
199 0.0036112186959388654 1.0
200 0.003582173335884235 1.0
201 0.0035596946549754757 1.0
202 0.003536059631844923 1.0
203 0.0035064667694147495 1.0
204 0.0034855856689989867 1.0
205 0.0034628689820532686 0.9999833333333333
206 0.0034352716290330424 1.0
207 0.0034163609537522376 1.0
208 0.003388552595354887 0.9999833333333333
209 0.003371097729913692 1.0
210 0.0033472033828419487 1.0
211 0.0033232817528838876 1.0
212 0.0033028264051434327 1.0
213 0.0032812043239346654 1.0
214 0.003255408412756037 1.0
215 0.0032388517272664602 1.0
216 0.003213235546079184 1.0
217 0.0031914025282503158 1.0
218 0.0031722801706956217 1.0
219 0.0031503673226111876 1.0
220 0.0031344907241377 1.0
221 0.0031044306506567607 1.0
222 0.00309676057933373 1.0
223 0.003073668608423084 1.0
224 0.003053314595504094 1.0
225 0.0030326471447563374 1.0
226 0.0030176321435263003 1.0
227 0.002997200166596088 1.0
228 0.0029782022351770403 1.0
229 0.0029584877614948603 1.0
230 0.002939559946974505 1.0
231 0.002921847989464969 1.0
232 0.002907783204346085 1.0
233 0.0028855635728468614 1.0
234 0.0028719933349083166 1.0
235 0.002855378085375527 1.0
236 0.0028360414038003205 1.0
237 0.0028207467971687345 1.0
238 0.002803467707073034 1.0
239 0.002787534871435504 1.0
240 0.0027704178880620153 1.0
241 0.00275737934061753 1.0
242 0.00273925784467928 1.0
243 0.002723839083775334 1.0
244 0.0027051779074417645 1.0
245 0.0026921084041951465 1.0
246 0.002677815303187579 1.0
247 0.002662657212385578 1.0
248 0.0026462612939732416 1.0
249 0.002631962869757179 1.0
250 0.002619945358530656 1.0
251 0.00260227036313402 1.0
252 0.002589754827160722 1.0
253 0.0025746608993211296 1.0
254 0.0025601693383628514 1.0
255 0.0025482521755303116 1.0
256 0.0025315226566022648 1.0
257 0.0025191948840842405 1.0
258 0.0025035062192210445 1.0
259 0.002492080426597193 1.0
260 0.0024784968544501683 1.0
261 0.0024659058408263617 1.0
262 0.002450987174516238 1.0
263 0.0024372491448658947 1.0
264 0.002426060942634106 1.0
265 0.0024122250116696315 1.0
266 0.0024016314593981753 1.0
267 0.002390135555832919 1.0
268 0.0023768232190367906 1.0
269 0.002364379081399496 1.0
270 0.0023524616300108544 1.0
271 0.0023399408027874246 1.0
272 0.00232817474611179 1.0
273 0.0023170017821243657 1.0
274 0.002306534927452543 1.0
275 0.0022926877881623686 1.0
276 0.002280515520823504 1.0
277 0.0022708130706258533 1.0
278 0.0022570529872221923 1.0
279 0.002245951713105517 1.0
280 0.0022366550383167956 1.0
281 0.0022252321928125946 1.0
282 0.00221411165469058 1.0
283 0.00220473362855228 1.0
284 0.002193171003493848 1.0
285 0.0021833730012631174 1.0
286 0.0021718612393991812 1.0
287 0.0021617587916165797 1.0
288 0.002150980356796734 1.0
289 0.0021430256326364153 1.0
290 0.0021317963961135548 1.0
291 0.0021215267440945563 1.0
292 0.002112114152658596 1.0
293 0.002100941673445422 1.0
