1 0 3.0105209350585938
1 80 0.5720464587211609
1 160 0.363709032535553
1 240 0.3728873133659363
1 320 0.2165224552154541
1 400 0.18193012475967407
2 0 0.2050420194864273
2 80 0.21296711266040802
2 160 0.22722162306308746
2 240 0.16395063698291779
2 320 0.15305601060390472
2 400 0.15035928785800934
3 0 0.19718289375305176
3 80 0.20176564157009125
3 160 0.21568548679351807
3 240 0.19832316040992737
3 320 0.12692409753799438
3 400 0.18458662927150726
4 0 0.11868619173765182
4 80 0.19414080679416656
4 160 0.14062777161598206
4 240 0.27099737524986267
4 320 0.10460790246725082
4 400 0.1371787190437317
5 0 0.12442704290151596
5 80 0.21511554718017578
5 160 0.14583714306354523
5 240 0.10142853856086731
5 320 0.09402492642402649
5 400 0.16433462500572205
6 0 0.14624936878681183
6 80 0.12869632244110107
6 160 0.08059369772672653
6 240 0.09664960205554962
6 320 0.17063911259174347
6 400 0.1412847489118576
7 0 0.135794997215271
7 80 0.11244843900203705
7 160 0.11514154076576233
7 240 0.07128629088401794
7 320 0.19204288721084595
7 400 0.1263365000486374
8 0 0.1492585688829422
8 80 0.09173818677663803
8 160 0.06948734819889069
8 240 0.07435066998004913
8 320 0.10628799349069595
8 400 0.20503881573677063
9 0 0.10513274371623993
9 80 0.13645313680171967
9 160 0.08009091764688492
9 240 0.10077676177024841
9 320 0.10998960584402084
9 400 0.05999543145298958
10 0 0.04938548430800438
10 80 0.04399357736110687
10 160 0.10682814568281174
10 240 0.15276889503002167
10 320 0.13581328094005585
10 400 0.09889431297779083
11 0 0.05904392525553703
11 80 0.07003506273031235
11 160 0.04554757848381996
11 240 0.04635268822312355
11 320 0.11865394562482834
11 400 0.13736170530319214
12 0 0.052203111350536346
12 80 0.06970158964395523
12 160 0.0767914280295372
12 240 0.06481397897005081
12 320 0.04892598092556
12 400 0.08881842344999313
13 0 0.07061199098825455
13 80 0.028801878914237022
13 160 0.04392116516828537
13 240 0.03928227722644806
13 320 0.04484553262591362
13 400 0.08111618459224701
14 0 0.07597973197698593
14 80 0.07497424632310867
14 160 0.05020907521247864
14 240 0.05127560719847679
14 320 0.0335734561085701
14 400 0.08974029868841171
15 0 0.05883486568927765
15 80 0.08473062515258789
15 160 0.07699967175722122
15 240 0.05327589064836502
15 320 0.03039398603141308
15 400 0.19500479102134705
16 0 0.10012706369161606
16 80 0.11181516200304031
16 160 0.08577199280261993
16 240 0.10838429629802704
16 320 0.031545255333185196
16 400 0.03690649941563606
17 0 0.0453539676964283
17 80 0.08632609248161316
17 160 0.09922569245100021
17 240 0.08714625239372253
17 320 0.1083972156047821
17 400 0.05921825021505356
18 0 0.044551875442266464
18 80 0.06675868481397629
18 160 0.07096780091524124
18 240 0.057664401829242706
18 320 0.030865339562296867
18 400 0.06303256750106812
19 0 0.03607272356748581
19 80 0.0707622766494751
19 160 0.07539230585098267
19 240 0.08569829910993576
19 320 0.11554841697216034
19 400 0.08448202162981033
20 0 0.07904724776744843
20 80 0.03128844499588013
20 160 0.057295914739370346
20 240 0.04651670902967453
20 320 0.037418339401483536
20 400 0.07026658952236176
21 0 0.08873503655195236
21 80 0.037989888340234756
21 160 0.05605039745569229
21 240 0.04270658269524574
21 320 0.06656824797391891
21 400 0.043923258781433105
22 0 0.08114510774612427
22 80 0.032545626163482666
22 160 0.054511986672878265
22 240 0.06368006765842438
22 320 0.05153769627213478
22 400 0.05921143665909767
23 0 0.06356304883956909
23 80 0.04427773877978325
23 160 0.0268014594912529
23 240 0.045048367232084274
23 320 0.0637577623128891
23 400 0.03165189549326897
24 0 0.0495598241686821
24 80 0.05409834906458855
24 160 0.025953348726034164
24 240 0.10342737287282944
24 320 0.09325792640447617
24 400 0.020685920491814613
25 0 0.06714072823524475
25 80 0.05789339542388916
25 160 0.04808787629008293
25 240 0.04257884994149208
25 320 0.036792006343603134
25 400 0.05547473579645157
26 0 0.06228962913155556
26 80 0.023929616436362267
26 160 0.08006125688552856
26 240 0.03723476454615593
26 320 0.031100934371352196
26 400 0.05708565562963486
27 0 0.052668627351522446
27 80 0.07297158241271973
27 160 0.022463805973529816
27 240 0.05306246131658554
27 320 0.036133863031864166
27 400 0.031742919236421585
28 0 0.038290299475193024
28 80 0.04093017429113388
28 160 0.060701534152030945
28 240 0.06085139140486717
28 320 0.03988305479288101
28 400 0.048015665262937546
29 0 0.023695236071944237
29 80 0.0396898090839386
29 160 0.04578833654522896
29 240 0.02247270941734314
29 320 0.04903946444392204
29 400 0.06943470239639282
30 0 0.04928820952773094
30 80 0.09520237147808075
30 160 0.030663833022117615
30 240 0.042853742837905884
30 320 0.03824431821703911
30 400 0.031302545219659805
31 0 0.08976040035486221
31 80 0.01786676235496998
31 160 0.03852841630578041
31 240 0.033640552312135696
31 320 0.03287769854068756
31 400 0.021783655509352684
32 0 0.03307708725333214
32 80 0.025633538141846657
32 160 0.028417957946658134
32 240 0.022013256326317787
32 320 0.022769087925553322
32 400 0.06326000392436981
33 0 0.0565786138176918
33 80 0.0336286835372448
33 160 0.03827697038650513
33 240 0.03321988508105278
33 320 0.039665017277002335
33 400 0.02509811706840992
34 0 0.03931550309062004
34 80 0.0364418588578701
34 160 0.06339054554700851
34 240 0.05027811601758003
34 320 0.07364844530820847
34 400 0.03677137941122055
35 0 0.06560569256544113
35 80 0.016458511352539062
35 160 0.019482705742120743
35 240 0.008375134319067001
35 320 0.02288750186562538
35 400 0.09126666188240051
36 0 0.038038525730371475
36 80 0.04609079658985138
36 160 0.02064112387597561
36 240 0.03446846827864647
36 320 0.044130101799964905
36 400 0.018244419246912003
37 0 0.03104804828763008
37 80 0.04102403670549393
37 160 0.02350279502570629
37 240 0.02105974778532982
37 320 0.03822153061628342
37 400 0.038954392075538635
38 0 0.04924464598298073
38 80 0.04671332240104675
38 160 0.012568997219204903
38 240 0.052891526371240616
38 320 0.07418375462293625
38 400 0.151571586728096
39 0 0.011985564604401588
39 80 0.025431493297219276
39 160 0.02488069236278534
39 240 0.0497165285050869
39 320 0.030782407149672508
39 400 0.027800442650914192
40 0 0.025631844997406006
40 80 0.02114822529256344
40 160 0.031163357198238373
40 240 0.022825177758932114
40 320 0.0436825193464756
40 400 0.06660869717597961
41 0 0.029138879850506783
41 80 0.013487687334418297
41 160 0.03523382171988487
41 240 0.022058067843317986
41 320 0.011091597378253937
41 400 0.0148093793541193
42 0 0.07882257550954819
42 80 0.021626098081469536
42 160 0.06571740657091141
42 240 0.021244412288069725
42 320 0.05257045477628708
42 400 0.04895738139748573
43 0 0.04814758896827698
43 80 0.025518342852592468
43 160 0.022126754745841026
43 240 0.01835906319320202
43 320 0.023176241666078568
43 400 0.02838187851011753
44 0 0.026051433756947517
44 80 0.025378655642271042
44 160 0.010670160874724388
44 240 0.028978923335671425
44 320 0.0229979045689106
44 400 0.03093384951353073
45 0 0.018284205347299576
45 80 0.011491828598082066
45 160 0.024154821410775185
45 240 0.03353537246584892
45 320 0.03125752508640289
45 400 0.019923901185393333
46 0 0.027820900082588196
46 80 0.01421528123319149
46 160 0.015260252170264721
46 240 0.035030972212553024
46 320 0.0599043145775795
46 400 0.04056999087333679
47 0 0.019906461238861084
47 80 0.0432768277823925
47 160 0.04175889492034912
47 240 0.019122658297419548
47 320 0.03178165480494499
47 400 0.054047491401433945
48 0 0.05076128616929054
48 80 0.035618774592876434
48 160 0.03702424094080925
48 240 0.03480822592973709
48 320 0.016053063794970512
48 400 0.013534236699342728
49 0 0.03543142229318619
49 80 0.05627111345529556
49 160 0.023841360583901405
49 240 0.02445109561085701
49 320 0.018278736621141434
49 400 0.03607248514890671
50 0 0.010259722359478474
50 80 0.015984253957867622
50 160 0.012037580832839012
50 240 0.021325908601284027
50 320 0.009395340457558632
50 400 0.04415340721607208
51 0 0.0410756953060627
51 80 0.029308397322893143
51 160 0.019309837371110916
51 240 0.05156753212213516
51 320 0.05547098070383072
51 400 0.021966030821204185
52 0 0.013270578347146511
52 80 0.016861964017152786
52 160 0.0242453683167696
52 240 0.015727467834949493
52 320 0.022048979997634888
52 400 0.04593953490257263
53 0 0.014624903909862041
53 80 0.014778516255319118
53 160 0.017933545634150505
53 240 0.020316408947110176
53 320 0.024440383538603783
53 400 0.03721284121274948
54 0 0.046336062252521515
54 80 0.02791483700275421
54 160 0.026791799813508987
54 240 0.03855552151799202
54 320 0.008853808976709843
54 400 0.0325523242354393
55 0 0.014848381280899048
55 80 0.015123086981475353
55 160 0.027475034818053246
55 240 0.019123321399092674
55 320 0.009120888076722622
55 400 0.018993280827999115
56 0 0.029139317572116852
56 80 0.040294431149959564
56 160 0.013217655941843987
56 240 0.02947109192609787
56 320 0.013110249303281307
56 400 0.023438507691025734
57 0 0.007583005353808403
57 80 0.027000300586223602
57 160 0.023137547075748444
57 240 0.028697818517684937
57 320 0.03155311569571495
57 400 0.025650277733802795
58 0 0.017928700894117355
58 80 0.009996531531214714
58 160 0.02803686447441578
58 240 0.02045840583741665
58 320 0.026648782193660736
58 400 0.038316693156957626
59 0 0.01834353618323803
59 80 0.054436955600976944
59 160 0.0115745784714818
59 240 0.031348008662462234
59 320 0.047629740089178085
59 400 0.011530587449669838
60 0 0.014592640101909637
60 80 0.02972150780260563
60 160 0.00993584468960762
60 240 0.04422039911150932
60 320 0.018814481794834137
60 400 0.021053975448012352
61 0 0.01742824912071228
61 80 0.005381118971854448
61 160 0.017609423026442528
61 240 0.03223429247736931
61 320 0.07616055756807327
61 400 0.010408064350485802
62 0 0.02396467700600624
62 80 0.009703255258500576
62 160 0.016148457303643227
62 240 0.014259361661970615
62 320 0.022247975692152977
62 400 0.012128394097089767
63 0 0.021386604756116867
63 80 0.013220485299825668
63 160 0.015143181197345257
63 240 0.019016865640878677
63 320 0.013991579413414001
63 400 0.03398462384939194
64 0 0.024738134816288948
64 80 0.026701875030994415
64 160 0.010840841569006443
64 240 0.004921163897961378
64 320 0.01199569646269083
64 400 0.019783377647399902
65 0 0.016292711719870567
65 80 0.007149015553295612
65 160 0.014325044117867947
65 240 0.03523863106966019
65 320 0.015443559736013412
65 400 0.01442705374211073
66 0 0.014116295613348484
66 80 0.020559780299663544
66 160 0.010957153514027596
66 240 0.012803282588720322
66 320 0.03822839632630348
66 400 0.011167982593178749
67 0 0.00825386494398117
67 80 0.009500514715909958
67 160 0.00936430785804987
67 240 0.010641157627105713
67 320 0.015264734625816345
67 400 0.021800851449370384
68 0 0.01638624630868435
68 80 0.018157269805669785
68 160 0.017100859433412552
68 240 0.0318254716694355
68 320 0.010458830744028091
68 400 0.01144008431583643
69 0 0.014471487142145634
69 80 0.006797063630074263
69 160 0.015142608433961868
69 240 0.01830260641872883
69 320 0.009360317140817642
69 400 0.005313959438353777
70 0 0.005382236558943987
70 80 0.008678681217133999
70 160 0.029666926711797714
70 240 0.00881151668727398
70 320 0.01588265784084797
70 400 0.010878130793571472
71 0 0.008412047289311886
71 80 0.010341774672269821
71 160 0.02397739142179489
71 240 0.012783226557075977
71 320 0.008087534457445145
71 400 0.012986588291823864
72 0 0.013685774058103561
72 80 0.01328531838953495
72 160 0.009228531271219254
72 240 0.022889023646712303
72 320 0.00677089300006628
72 400 0.03431886062026024
73 0 0.004972473718225956
73 80 0.014025609008967876
73 160 0.011129063554108143
73 240 0.0158553384244442
73 320 0.012305306270718575
73 400 0.012610836885869503
74 0 0.012693268246948719
74 80 0.01673818752169609
74 160 0.016726577654480934
74 240 0.027340639382600784
74 320 0.013225218281149864
74 400 0.016743576154112816
75 0 0.01637077145278454
75 80 0.014440122991800308
75 160 0.016042502596974373
75 240 0.016022125259041786
75 320 0.021383531391620636
75 400 0.016066746786236763
76 0 0.020101411268115044
76 80 0.005511464085429907
76 160 0.017067359760403633
76 240 0.014002890326082706
76 320 0.016704557463526726
76 400 0.011977673508226871
77 0 0.023135807365179062
77 80 0.009535504505038261
77 160 0.011311421170830727
77 240 0.012875623069703579
77 320 0.006332850083708763
77 400 0.016593266278505325
78 0 0.01164848543703556
78 80 0.012371732853353024
78 160 0.014328142628073692
78 240 0.009934714064002037
78 320 0.02986926957964897
78 400 0.009911815635859966
79 0 0.012222585268318653
79 80 0.01988903433084488
79 160 0.009037620387971401
79 240 0.010425283573567867
79 320 0.020805422216653824
79 400 0.016977135092020035
80 0 0.023877564817667007
80 80 0.0060607073828577995
80 160 0.010041844099760056
80 240 0.012380135245621204
80 320 0.008302469737827778
80 400 0.011950712651014328
81 0 0.021762002259492874
81 80 0.008395553566515446
81 160 0.029691651463508606
81 240 0.013301095925271511
81 320 0.007824305444955826
81 400 0.012185410596430302
82 0 0.007847778499126434
82 80 0.015012158080935478
82 160 0.01603527180850506
82 240 0.007207486778497696
82 320 0.024788036942481995
82 400 0.010014344938099384
83 0 0.017135480418801308
83 80 0.016584334895014763
83 160 0.019664093852043152
83 240 0.012782040983438492
83 320 0.015537787228822708
83 400 0.01864170841872692
84 0 0.00903227273374796
84 80 0.009294789284467697
84 160 0.04632527381181717
84 240 0.006357274949550629
84 320 0.011006975546479225
84 400 0.013839229941368103
85 0 0.02876080572605133
85 80 0.012338903732597828
85 160 0.012783994898200035
85 240 0.00871663261204958
85 320 0.011354111135005951
85 400 0.014863444492220879
86 0 0.015232893638312817
86 80 0.013281137682497501
86 160 0.003641672432422638
86 240 0.011234521865844727
86 320 0.0103279585018754
86 400 0.014310285449028015
87 0 0.012131825089454651
87 80 0.01462612859904766
87 160 0.009769527241587639
87 240 0.008196062408387661
87 320 0.007761579006910324
87 400 0.011539122089743614
88 0 0.010249280370771885
88 80 0.0037230034358799458
88 160 0.012977502308785915
88 240 0.0051654945127666
88 320 0.01998331770300865
88 400 0.008565823547542095
89 0 0.008824026212096214
89 80 0.009964660741388798
89 160 0.007906484417617321
89 240 0.010183416306972504
89 320 0.005796917714178562
89 400 0.006279605440795422
90 0 0.008536438457667828
90 80 0.004971325397491455
90 160 0.005524074658751488
90 240 0.01110979076474905
90 320 0.01091481652110815
90 400 0.023094743490219116
91 0 0.008279727771878242
91 80 0.009976551868021488
91 160 0.012830271385610104
91 240 0.013079828582704067
91 320 0.016223184764385223
91 400 0.017120948061347008
92 0 0.010723358951508999
92 80 0.02154136821627617
92 160 0.02501056343317032
92 240 0.016927607357501984
92 320 0.017204632982611656
92 400 0.008985206484794617
93 0 0.008271384984254837
93 80 0.01566361077129841
93 160 0.01054430566728115
93 240 0.005113744176924229
93 320 0.008057517930865288
93 400 0.017494583502411842
94 0 0.006023413501679897
94 80 0.005372618790715933
94 160 0.010164282284677029
94 240 0.011101976968348026
94 320 0.012301413342356682
94 400 0.007934733293950558
95 0 0.007657511159777641
95 80 0.007388052996248007
95 160 0.010915756225585938
95 240 0.008984592743217945
95 320 0.009834897704422474
95 400 0.00908699817955494
96 0 0.011313369497656822
96 80 0.013078313320875168
96 160 0.01533389650285244
96 240 0.004793648142367601
96 320 0.007590991444885731
96 400 0.008580410853028297
97 0 0.010377890430390835
97 80 0.013551216572523117
97 160 0.007421792484819889
97 240 0.014552195556461811
97 320 0.026362266391515732
97 400 0.004347383975982666
98 0 0.011159553192555904
98 80 0.008301225490868092
98 160 0.014072903431952
98 240 0.004034935962408781
98 320 0.00390954315662384
98 400 0.01271407213062048
99 0 0.011273719370365143
99 80 0.006578341592103243
99 160 0.012928901240229607
99 240 0.014317314140498638
99 320 0.006391881965100765
99 400 0.00999905914068222
100 0 0.011539029888808727
100 80 0.007579709868878126
100 160 0.027070363983511925
100 240 0.0026409332640469074
100 320 0.0050544352270662785
100 400 0.007180520799010992
101 0 0.007728935685008764
101 80 0.008226252160966396
101 160 0.010329247452318668
101 240 0.005961805582046509
101 320 0.008320583961904049
101 400 0.010415742173790932
102 0 0.004924766253679991
102 80 0.005261811427772045
102 160 0.014134842902421951
102 240 0.01597263105213642
102 320 0.014527065679430962
102 400 0.007323547266423702
103 0 0.007882848381996155
103 80 0.018063807860016823
103 160 0.014229764230549335
103 240 0.004814571235328913
103 320 0.025260429829359055
103 400 0.0082486467435956
104 0 0.00768218794837594
104 80 0.01046809833496809
104 160 0.013265335932374
104 240 0.02399623766541481
104 320 0.005933058448135853
104 400 0.008131143637001514
105 0 0.009628317318856716
105 80 0.012329306453466415
105 160 0.008044898509979248
105 240 0.007472816854715347
105 320 0.009721933864057064
105 400 0.009898464195430279
106 0 0.010278523899614811
106 80 0.00984810758382082
106 160 0.012867762707173824
106 240 0.015560484491288662
106 320 0.00890723243355751
106 400 0.0045340354554355145
107 0 0.007747709285467863
107 80 0.008869814686477184
107 160 0.011837701313197613
107 240 0.008374430239200592
107 320 0.008489337749779224
107 400 0.010226001963019371
108 0 0.011773570440709591
108 80 0.0069346241652965546
108 160 0.010109957307577133
108 240 0.005424074828624725
108 320 0.007746573071926832
108 400 0.01328644435852766
109 0 0.006364818196743727
109 80 0.011875635012984276
109 160 0.009561220183968544
109 240 0.007179663050919771
109 320 0.022316427901387215
109 400 0.007340898271650076
110 0 0.004400010220706463
110 80 0.00582196656614542
110 160 0.005570868495851755
110 240 0.013472260907292366
110 320 0.01369082648307085
110 400 0.012052269652485847
111 0 0.006541440263390541
111 80 0.010042956098914146
111 160 0.00928843766450882
111 240 0.006931448820978403
111 320 0.02246973291039467
111 400 0.010167757980525494
112 0 0.008774117566645145
112 80 0.007886416278779507
112 160 0.010824130848050117
112 240 0.009677327238023281
112 320 0.005260924808681011
112 400 0.009497825056314468
113 0 0.015370463021099567
113 80 0.006949574686586857
113 160 0.006400797050446272
113 240 0.005200754851102829
113 320 0.009517280384898186
113 400 0.006547968368977308
114 0 0.011991460807621479
114 80 0.008623793721199036
114 160 0.005451624281704426
114 240 0.00747793260961771
114 320 0.0066964393481612206
114 400 0.009440161287784576
115 0 0.0046927910298109055
115 80 0.008606357499957085
115 160 0.010659720748662949
115 240 0.0028402607422322035
115 320 0.0061109340749681
115 400 0.0077834054827690125
116 0 0.00531056709587574
116 80 0.006274133920669556
116 160 0.006978651974350214
116 240 0.006538826506584883
116 320 0.005586388520896435
116 400 0.012737308628857136
117 0 0.007951240055263042
117 80 0.008171874098479748
117 160 0.0069051324389874935
117 240 0.004665464628487825
117 320 0.007422959432005882
117 400 0.005467329174280167
118 0 0.006098520942032337
118 80 0.004780774004757404
118 160 0.009363585151731968
118 240 0.005006712861359119
118 320 0.007604091428220272
118 400 0.012943063862621784
119 0 0.007165205664932728
119 80 0.014653481543064117
119 160 0.0063827307894825935
119 240 0.007076671812683344
119 320 0.005598308052867651
119 400 0.00669750664383173
120 0 0.0076493266969919205
120 80 0.008258715271949768
120 160 0.005814975593239069
120 240 0.004484271630644798
120 320 0.0071229711174964905
120 400 0.007446601986885071
121 0 0.005218398757278919
121 80 0.0048783025704324245
121 160 0.004567671567201614
121 240 0.012469004839658737
121 320 0.005657319910824299
121 400 0.011316387914121151
122 0 0.006521773524582386
122 80 0.0030435870867222548
122 160 0.006895087659358978
122 240 0.015950681641697884
122 320 0.003824477083981037
122 400 0.005219553131610155
123 0 0.006123226601630449
123 80 0.003844731254503131
123 160 0.006808293052017689
123 240 0.008318577893078327
123 320 0.00876250397413969
123 400 0.0019771181978285313
124 0 0.005066615529358387
124 80 0.006088211201131344
124 160 0.008072393015027046
124 240 0.002788841724395752
124 320 0.006138728465884924
124 400 0.0033910470083355904
125 0 0.004624206572771072
125 80 0.005182350054383278
125 160 0.011257198639214039
125 240 0.003964974544942379
125 320 0.003051599022001028
125 400 0.008428105153143406
126 0 0.006290586665272713
126 80 0.008460975252091885
126 160 0.003941599279642105
126 240 0.004471049178391695
126 320 0.004834286402910948
126 400 0.0082656629383564
127 0 0.004296072293072939
127 80 0.006057962775230408
127 160 0.011653069406747818
127 240 0.006273211445659399
127 320 0.00577416829764843
127 400 0.007472888100892305
128 0 0.005438222084194422
128 80 0.005367666482925415
128 160 0.007762914523482323
128 240 0.014024017378687859
128 320 0.006184905301779509
128 400 0.009984216652810574
129 0 0.0018772080074995756
129 80 0.0027335805352777243
129 160 0.006739260628819466
129 240 0.002890670672059059
129 320 0.005160885397344828
129 400 0.010921080596745014
130 0 0.008668777532875538
130 80 0.007191048935055733
130 160 0.007461925968527794
130 240 0.007505164481699467
130 320 0.009793376550078392
130 400 0.003065954428166151
131 0 0.007982318289577961
131 80 0.0048421393148601055
131 160 0.0029878902714699507
131 240 0.004448979161679745
131 320 0.007670368999242783
131 400 0.0023139158729463816
132 0 0.010655243881046772
132 80 0.00985417515039444
132 160 0.012877874076366425
132 240 0.004205899313092232
132 320 0.007765838876366615
132 400 0.007257488090544939
133 0 0.0058792270720005035
133 80 0.0066859242506325245
133 160 0.004078467842191458
133 240 0.005887093488126993
133 320 0.008837943896651268
133 400 0.007229944691061974
134 0 0.004893313627690077
134 80 0.0031648827716708183
134 160 0.003725511720404029
134 240 0.009028555825352669
134 320 0.006236426066607237
134 400 0.008802867494523525
135 0 0.005750035401433706
135 80 0.007558654062449932
135 160 0.005649248603731394
135 240 0.005828799679875374
135 320 0.009700908325612545
135 400 0.007131335325539112
136 0 0.0036129779182374477
136 80 0.0037221473176032305
136 160 0.006571777630597353
136 240 0.01302639115601778
136 320 0.008981422521173954
136 400 0.004830013960599899
137 0 0.014822064898908138
137 80 0.005127791315317154
137 160 0.007282308768481016
137 240 0.006870417855679989
137 320 0.00548391230404377
137 400 0.004214174579828978
138 0 0.008716044947504997
138 80 0.006325339898467064
138 160 0.006817932240664959
138 240 0.006749393418431282
138 320 0.01046606432646513
138 400 0.005611775442957878
139 0 0.004410065244883299
139 80 0.003987207543104887
139 160 0.0024522936437278986
139 240 0.0035235609393566847
139 320 0.005523873958736658
139 400 0.008560902439057827
140 0 0.0075850943103432655
140 80 0.004209692589938641
140 160 0.010033681988716125
140 240 0.007473454810678959
140 320 0.005310351494699717
140 400 0.0028517006430774927
141 0 0.007384074851870537
141 80 0.005171412136405706
141 160 0.0054042343981564045
141 240 0.008128663524985313
141 320 0.0056296177208423615
141 400 0.004798416513949633
142 0 0.0035982097033411264
142 80 0.007306171115487814
142 160 0.0036260040942579508
142 240 0.003004706697538495
142 320 0.003785161767154932
142 400 0.003310807980597019
143 0 0.0054171341471374035
143 80 0.007462888956069946
143 160 0.006239242851734161
143 240 0.005514306016266346
143 320 0.004080749582499266
143 400 0.00515554565936327
144 0 0.005821811500936747
144 80 0.010003075003623962
144 160 0.004067281261086464
144 240 0.00537371588870883
144 320 0.0032979408279061317
144 400 0.004592563025653362
145 0 0.0034203650429844856
145 80 0.0027677901089191437
145 160 0.0051850066520273685
145 240 0.0034712005872279406
145 320 0.009131242521107197
145 400 0.004722284618765116
146 0 0.01496022567152977
146 80 0.002426153514534235
146 160 0.0027831364423036575
146 240 0.006410096772015095
146 320 0.0056309509091079235
146 400 0.005611610133200884
147 0 0.003753958735615015
147 80 0.0030447598546743393
147 160 0.005931311286985874
147 240 0.001525120809674263
147 320 0.002514856169000268
147 400 0.005068272817879915
148 0 0.006077942904084921
148 80 0.004650420974940062
148 160 0.003937829751521349
148 240 0.004339880775660276
148 320 0.007183040492236614
148 400 0.01076945848762989
149 0 0.007988790981471539
149 80 0.003553749993443489
149 160 0.0021554098930209875
149 240 0.010719085112214088
149 320 0.005792270414531231
149 400 0.006293486338108778
150 0 0.004029402043670416
150 80 0.005509242881089449
150 160 0.0039561097510159016
150 240 0.005800900515168905
150 320 0.005228301510214806
150 400 0.005624950397759676
151 0 0.011649669148027897
151 80 0.006834567990154028
151 160 0.002933399984613061
151 240 0.01040282379835844
151 320 0.005807490088045597
151 400 0.004070536699146032
152 0 0.006570173427462578
152 80 0.003224262036383152
152 160 0.003931388258934021
152 240 0.0027879008557647467
152 320 0.0022362114395946264
152 400 0.007638772949576378
153 0 0.0059198858216404915
153 80 0.008750214241445065
153 160 0.00900165643543005
153 240 0.002507209312170744
153 320 0.007171872071921825
153 400 0.00318153272382915
154 0 0.0028182105161249638
154 80 0.0034763331059366465
154 160 0.006593196652829647
154 240 0.004391457419842482
154 320 0.007333476562052965
154 400 0.010232397355139256
155 0 0.005682760383933783
155 80 0.004866066854447126
155 160 0.00555544625967741
155 240 0.010082073509693146
155 320 0.004070339258760214
155 400 0.002523333765566349
156 0 0.00328355492092669
156 80 0.009803147986531258
156 160 0.0026758736930787563
156 240 0.006316495593637228
156 320 0.002325513167306781
156 400 0.0035373230930417776
157 0 0.00785453338176012
157 80 0.0035421198699623346
157 160 0.007963052950799465
157 240 0.00364616047590971
157 320 0.004212300293147564
157 400 0.005828576162457466
158 0 0.003823034930974245
158 80 0.005865109618753195
158 160 0.007495921570807695
158 240 0.0032175839878618717
158 320 0.0059660254046320915
158 400 0.0036086561158299446
159 0 0.0047090183943510056
159 80 0.002548448508605361
159 160 0.0055420612916350365
159 240 0.004028224386274815
159 320 0.005444805137813091
159 400 0.004679832607507706
160 0 0.0029468005523085594
160 80 0.0017975415103137493
160 160 0.004182771779596806
160 240 0.008524522185325623
160 320 0.005159380380064249
160 400 0.011194312945008278
161 0 0.005224507302045822
161 80 0.008550611324608326
161 160 0.004884954076260328
161 240 0.00802841316908598
161 320 0.007815990597009659
161 400 0.003467921633273363
162 0 0.004121766891330481
162 80 0.0028644774574786425
162 160 0.004936225712299347
162 240 0.0031322482973337173
162 320 0.00993290450423956
162 400 0.0039335074834525585
163 0 0.0036366567946970463
163 80 0.0049511343240737915
163 160 0.004582455847412348
163 240 0.003898542607203126
163 320 0.001539186923764646
163 400 0.003952845931053162
164 0 0.005252544302493334
164 80 0.003047538921236992
164 160 0.002473403699696064
164 240 0.0014001033268868923
164 320 0.0034687325824052095
164 400 0.005899479612708092
165 0 0.003266559913754463
165 80 0.003706504823639989
165 160 0.005147240590304136
165 240 0.0030714122112840414
165 320 0.005722582805901766
165 400 0.004934525582939386
166 0 0.003103216178715229
166 80 0.0033241386990994215
166 160 0.004083194304257631
166 240 0.0026320787146687508
166 320 0.0028325782623142004
166 400 0.0012246862752363086
167 0 0.00502418028190732
167 80 0.005260822828859091
167 160 0.004119944758713245
167 240 0.00497221015393734
167 320 0.006331792566925287
167 400 0.005896999500691891
168 0 0.003252536989748478
168 80 0.004477252718061209
168 160 0.003772180760279298
168 240 0.0047136517241597176
168 320 0.0033370302990078926
168 400 0.006294074933975935
169 0 0.004151946399360895
169 80 0.005443358328193426
169 160 0.005866851191967726
169 240 0.007165602874010801
169 320 0.00316974357701838
169 400 0.004708573687821627
170 0 0.0016461797058582306
170 80 0.0023786635138094425
170 160 0.0034408345818519592
170 240 0.006097103003412485
170 320 0.0015506321797147393
170 400 0.006771799176931381
171 0 0.0028459455352276564
171 80 0.003747489769011736
171 160 0.0030058519914746284
171 240 0.003549827029928565
171 320 0.006326821632683277
171 400 0.0032044919207692146
172 0 0.0016844113124534488
172 80 0.008447160013020039
172 160 0.004461219999939203
172 240 0.0029966183938086033
172 320 0.0021108021028339863
172 400 0.006567554548382759
173 0 0.0017891817260533571
173 80 0.005464520305395126
173 160 0.005635437555611134
173 240 0.0057846903800964355
173 320 0.004070114344358444
173 400 0.0011874678311869502
174 0 0.004129537381231785
174 80 0.0025819544680416584
174 160 0.003376803593710065
174 240 0.0022602856624871492
174 320 0.005244753323495388
174 400 0.0026150066405534744
175 0 0.004717480391263962
175 80 0.005205870606005192
175 160 0.003065476194024086
175 240 0.0037960526533424854
175 320 0.0030505589675158262
175 400 0.0034843364264816046
176 0 0.0026525964494794607
176 80 0.0028554382734000683
176 160 0.0034147831611335278
176 240 0.005753523204475641
176 320 0.0033060763962566853
176 400 0.008183215744793415
177 0 0.00459459749981761
177 80 0.007580683566629887
177 160 0.0030724164098501205
177 240 0.005167075432837009
177 320 0.004311439581215382
177 400 0.0031480183824896812
178 0 0.00527801550924778
178 80 0.0014007065910845995
178 160 0.005972661543637514
178 240 0.006386404391378164
178 320 0.0038378103636205196
178 400 0.0017317705787718296
179 0 0.005248671863228083
179 80 0.006323127541691065
179 160 0.004905116278678179
179 240 0.0026840700302273035
179 320 0.0018715494079515338
179 400 0.005312401335686445
180 0 0.0016202538972720504
180 80 0.00235234247520566
180 160 0.004391742404550314
180 240 0.0036693972069770098
180 320 0.0060379053466022015
180 400 0.003788221860304475
181 0 0.007154588587582111
181 80 0.00225173681974411
181 160 0.004412971902638674
181 240 0.004788680002093315
181 320 0.0034147624392062426
181 400 0.005528090056031942
182 0 0.003121655900031328
182 80 0.0025288190227001905
182 160 0.003052251413464546
182 240 0.0018198874313384295
182 320 0.002858986146748066
182 400 0.0034233243204653263
183 0 0.0029559750109910965
183 80 0.0028894406277686357
183 160 0.003843358252197504
183 240 0.00400345167145133
183 320 0.002491756109520793
183 400 0.002465127967298031
184 0 0.0036261852364987135
184 80 0.003899197094142437
184 160 0.004661242477595806
184 240 0.0033748431596904993
184 320 0.005624890793114901
184 400 0.0015668293926864862
185 0 0.006615485996007919
185 80 0.006990630645304918
185 160 0.0017356568714603782
185 240 0.005193246994167566
185 320 0.0034337984398007393
185 400 0.005310289561748505
186 0 0.0035094721242785454
186 80 0.002757453126832843
186 160 0.003930340986698866
186 240 0.006910550408065319
186 320 0.005101074930280447
186 400 0.002125403843820095
187 0 0.0029274059925228357
187 80 0.003203560598194599
187 160 0.005037687718868256
187 240 0.005026509985327721
187 320 0.0035679007414728403
187 400 0.0055091469548642635
188 0 0.0033424750436097383
188 80 0.003367336932569742
188 160 0.005970192141830921
188 240 0.0038093780167400837
188 320 0.002040102146565914
188 400 0.00567114632576704
189 0 0.005529344081878662
189 80 0.001054394873790443
189 160 0.003482106141746044
189 240 0.003535602008923888
189 320 0.0023928238078951836
189 400 0.001843455363996327
190 0 0.0013886980013921857
190 80 0.003413920756429434
190 160 0.004731734283268452
190 240 0.0055586532689630985
190 320 0.005127083510160446
190 400 0.0031633307226002216
191 0 0.003478820202872157
191 80 0.003509748028591275
191 160 0.001739914296194911
191 240 0.0020724686328321695
191 320 0.0056768921203911304
191 400 0.004021103028208017
192 0 0.004479072522372007
192 80 0.0023496621288359165
192 160 0.0028317184187471867
192 240 0.002862756373360753
192 320 0.0024178801104426384
192 400 0.003340841270983219
193 0 0.003571454668417573
193 80 0.0010340171866118908
193 160 0.007278332952409983
193 240 0.0037549904081970453
193 320 0.002625288674607873
193 400 0.003474663244560361
194 0 0.0022169514559209347
194 80 0.0030269594863057137
194 160 0.005390464328229427
194 240 0.004359818529337645
194 320 0.006301316432654858
194 400 0.004247730132192373
195 0 0.004552864469587803
195 80 0.0035620471462607384
195 160 0.008757734671235085
195 240 0.005838279612362385
195 320 0.0032210415229201317
195 400 0.0022508972324430943
196 0 0.002631292911246419
196 80 0.002103768289089203
196 160 0.003755660494789481
196 240 0.0030486294999718666
196 320 0.004075101111084223
196 400 0.0024002885911613703
197 0 0.002219699090346694
197 80 0.005352423992007971
197 160 0.00228040455840528
197 240 0.001960545079782605
197 320 0.004023711662739515
197 400 0.004881470464169979
198 0 0.0014501456171274185
198 80 0.006315083242952824
198 160 0.002675293944776058
198 240 0.0017705707577988505
198 320 0.004023990128189325
198 400 0.0026992594357579947
199 0 0.001882630749605596
199 80 0.002135282615199685
199 160 0.003870913526043296
199 240 0.0027959251310676336
199 320 0.0018943576142191887
199 400 0.004676627926528454
200 0 0.0030259035993367434
200 80 0.0028370488435029984
200 160 0.004281261935830116
200 240 0.003965175244957209
200 320 0.003885278245434165
200 400 0.003595314221456647
201 0 0.0016610445454716682
201 80 0.0041529894806444645
201 160 0.0032170519698411226
201 240 0.0027052215300500393
201 320 0.0021544930059462786
201 400 0.004696485120803118
202 0 0.00426647812128067
202 80 0.002607673406600952
202 160 0.003468327457085252
202 240 0.002405025064945221
202 320 0.005106425378471613
202 400 0.0015432750806212425
203 0 0.003602890530601144
203 80 0.0020558948162943125
203 160 0.0030651353299617767
203 240 0.001719170599244535
203 320 0.001986150862649083
203 400 0.0013811271637678146
204 0 0.002601533429697156
204 80 0.0063097658567130566
204 160 0.002736546564847231
204 240 0.006322705652564764
204 320 0.0025556667242199183
204 400 0.0026378161273896694
205 0 0.0017490090103819966
205 80 0.003707334166392684
205 160 0.0024810628965497017
205 240 0.0020744511857628822
205 320 0.005644253455102444
205 400 0.0012800947297364473
206 0 0.0031702020205557346
206 80 0.005498038604855537
206 160 0.001960840541869402
206 240 0.00354401720687747
206 320 0.003623995464295149
206 400 0.004158739931881428
207 0 0.005109312944114208
207 80 0.004990105051547289
207 160 0.004259086679667234
207 240 0.004317622631788254
207 320 0.0033805794082581997
207 400 0.0043947589583694935
208 0 0.002029040362685919
208 80 0.0020709193777292967
208 160 0.0025004069320857525
208 240 0.006744379177689552
208 320 0.001501806895248592
208 400 0.0032741609029471874
209 0 0.0038312675897032022
209 80 0.006010090000927448
209 160 0.004078985191881657
209 240 0.0031311893835663795
209 320 0.0046575069427490234
209 400 0.0011928804451599717
210 0 0.0024467548355460167
210 80 0.0026245422195643187
210 160 0.0029555424116551876
210 240 0.004959415178745985
210 320 0.0019640864338725805
210 400 0.005290613975375891
211 0 0.004387314431369305
211 80 0.0033257375471293926
211 160 0.004380326252430677
211 240 0.004118174314498901
211 320 0.004250032361596823
211 400 0.004682055674493313
212 0 0.0036812354810535908
212 80 0.0019838789012283087
212 160 0.0018202513456344604
212 240 0.0030998794827610254
212 320 0.003341666189953685
212 400 0.002209444297477603
213 0 0.0036827768199145794
213 80 0.002370720962062478
213 160 0.003480810672044754
213 240 0.0034775021485984325
213 320 0.0030170311219990253
213 400 0.002412164583802223
214 0 0.00437086820602417
214 80 0.001932983985170722
214 160 0.004354769363999367
214 240 0.0032571330666542053
214 320 0.004341734107583761
214 400 0.0033756825141608715
215 0 0.0044549438171088696
215 80 0.0023503166157752275
215 160 0.0023810584098100662
215 240 0.0029215258546173573
215 320 0.0035331984981894493
215 400 0.003467108588665724
216 0 0.0024418053217232227
216 80 0.0028645480051636696
216 160 0.0032045950647443533
216 240 0.00393097847700119
216 320 0.003401573747396469
216 400 0.004082105588167906
217 0 0.0023335914593189955
217 80 0.0030327695421874523
217 160 0.003609870793297887
217 240 0.003141435794532299
217 320 0.0037357453256845474
217 400 0.0039800903759896755
218 0 0.002997102215886116
218 80 0.004397938493639231
218 160 0.0040399981662631035
218 240 0.004243688657879829
218 320 0.0013934271410107613
218 400 0.004711790941655636
219 0 0.005258633755147457
219 80 0.0026232311502099037
219 160 0.002586797345429659
219 240 0.0024261497892439365
219 320 0.0028274087235331535
219 400 0.0038480982184410095
220 0 0.0025818953290581703
220 80 0.0031709105242043734
220 160 0.004671427421271801
220 240 0.0032453215681016445
220 320 0.0035511022433638573
220 400 0.0019288759212940931
221 0 0.004883573390543461
221 80 0.0034350997302681208
221 160 0.00410402612760663
221 240 0.0010688655311241746
221 320 0.0033252344001084566
221 400 0.0021233721636235714
222 0 0.0055716377682983875
222 80 0.0038507948629558086
222 160 0.0016238040989264846
222 240 0.005457732360810041
222 320 0.002204193500801921
222 400 0.0059947906993329525
223 0 0.0019091602880507708
223 80 0.0015362780541181564
223 160 0.002585304668173194
223 240 0.003942965529859066
223 320 0.0034311488270759583
223 400 0.0036307822447270155
224 0 0.0022595846094191074
224 80 0.0041536674834787846
224 160 0.002065046923235059
224 240 0.004042224958539009
224 320 0.0016925153322517872
224 400 0.0031383605673909187
225 0 0.002022228902205825
225 80 0.005147515796124935
225 160 0.0027031670324504375
225 240 0.005105466581881046
225 320 0.0016976895276457071
225 400 0.003602435579523444
226 0 0.0033903352450579405
226 80 0.0035542889963835478
226 160 0.0033996824640780687
226 240 0.0026555361691862345
226 320 0.0029853573068976402
226 400 0.0035276615526527166
227 0 0.0030037302058190107
227 80 0.002647002460435033
227 160 0.001572958193719387
227 240 0.004621576983481646
227 320 0.002415039110928774
227 400 0.0030521210283041
228 0 0.00452123349532485
228 80 0.003465629881247878
228 160 0.0033735032193362713
228 240 0.001384534640237689
228 320 0.0024641614872962236
228 400 0.00212331535294652
229 0 0.002754478482529521
229 80 0.0029654917307198048
229 160 0.004544459283351898
229 240 0.0020512256305664778
229 320 0.0024991692043840885
229 400 0.0032354812137782574
230 0 0.0023287544026970863
230 80 0.00460306741297245
230 160 0.0028750693891197443
230 240 0.001972721191123128
230 320 0.002958556404337287
230 400 0.001208608620800078
231 0 0.0009264994878321886
231 80 0.002270854078233242
231 160 0.002703368430957198
231 240 0.0028887437656521797
231 320 0.0038059346843510866
231 400 0.0027887180913239717
232 0 0.005513374228030443
232 80 0.0024222603533416986
232 160 0.0021254837047308683
232 240 0.0025261675473302603
232 320 0.0014849319122731686
232 400 0.0014571993378922343
233 0 0.006966487970203161
233 80 0.0024220417253673077
233 160 0.002840853063389659
233 240 0.003015089314430952
233 320 0.004162881523370743
233 400 0.0018147046212106943
234 0 0.002832622267305851
234 80 0.0025371715892106295
234 160 0.0019837496802210808
234 240 0.00423229206353426
234 320 0.0021937857381999493
234 400 0.005105803720653057
235 0 0.0042778505012393
235 80 0.004045352339744568
235 160 0.002014607423916459
235 240 0.0030947497580200434
235 320 0.0031485052313655615
235 400 0.002960758050903678
236 0 0.0023728287778794765
236 80 0.0032353668939322233
236 160 0.0014575523091480136
236 240 0.002252165460959077
236 320 0.0035204857122153044
236 400 0.0019306492758914828
237 0 0.001873919740319252
237 80 0.0029509421437978745
237 160 0.0044615124352276325
237 240 0.0013637823285534978
237 320 0.0026188036426901817
237 400 0.003765076631680131
238 0 0.0025613466277718544
238 80 0.0017901594983413815
238 160 0.003027897095307708
238 240 0.004179639276117086
238 320 0.005598456133157015
238 400 0.0035119918175041676
239 0 0.0023694823030382395
239 80 0.0031466244254261255
239 160 0.0037697162479162216
239 240 0.003191159339621663
239 320 0.0019112029112875462
239 400 0.00456542382016778
240 0 0.003742022207006812
240 80 0.003517482429742813
240 160 0.0023185028694570065
240 240 0.003783600404858589
240 320 0.002467130310833454
240 400 0.0042139035649597645
241 0 0.0028181211091578007
241 80 0.002009495859965682
241 160 0.0038599874824285507
241 240 0.0045461226254701614
241 320 0.001886771759018302
241 400 0.001827151863835752
242 0 0.0021343063563108444
242 80 0.0024690746795386076
242 160 0.004948458634316921
242 240 0.002418232848867774
242 320 0.004119597375392914
242 400 0.002523454139009118
243 0 0.0033866274170577526
243 80 0.0028334849048405886
243 160 0.003840263932943344
243 240 0.0024518193677067757
243 320 0.004201012663543224
243 400 0.002028814284130931
244 0 0.0016139292856678367
244 80 0.0016383189940825105
244 160 0.002295249607414007
244 240 0.002822272712364793
244 320 0.002301353495568037
244 400 0.0038829734548926353
245 0 0.0024019612465053797
245 80 0.0014265590580180287
245 160 0.001645256532356143
245 240 0.0015114747220650315
245 320 0.002730496460571885
245 400 0.003502720035612583
246 0 0.0032942171674221754
246 80 0.003060334362089634
246 160 0.0015117129078134894
246 240 0.002027915557846427
246 320 0.001212938572280109
246 400 0.002685323590412736
247 0 0.0018308995058760047
247 80 0.00260166940279305
247 160 0.0017436629859730601
247 240 0.002955263014882803
247 320 0.0025219665840268135
247 400 0.001374832820147276
248 0 0.00215802900493145
248 80 0.004993046633899212
248 160 0.0009078984148800373
248 240 0.0008769987034611404
248 320 0.0033847885206341743
248 400 0.0014844280667603016
249 0 0.002060661092400551
249 80 0.0059268842451274395
249 160 0.002995427930727601
249 240 0.002264474518597126
249 320 0.0018295857589691877
249 400 0.001373712089844048
250 0 0.0017874258337542415
250 80 0.0015938390279188752
250 160 0.003282703924924135
250 240 0.0033580802846699953
250 320 0.0032919978257268667
250 400 0.0016611734172329307
251 0 0.00288894260302186
251 80 0.0011968753533437848
251 160 0.0016045146621763706
251 240 0.004399640019983053
251 320 0.0024474181700497866
251 400 0.0009309738525189459
252 0 0.0030531478114426136
252 80 0.001079126843251288
252 160 0.0020963475108146667
252 240 0.0029576316010206938
252 320 0.0026430280413478613
252 400 0.003633845830336213
253 0 0.002782080788165331
253 80 0.003194472286850214
253 160 0.003989418037235737
253 240 0.004263743292540312
253 320 0.0038488854188472033
253 400 0.0030654664151370525
254 0 0.0032163825817406178
254 80 0.0026368845719844103
254 160 0.002910112962126732
254 240 0.00198823562823236
254 320 0.0015018057310953736
254 400 0.0018872892251238227
255 0 0.001215704600326717
255 80 0.004007866606116295
255 160 0.0031838086433708668
255 240 0.0028285144362598658
255 320 0.002631752984598279
255 400 0.003880172036588192
256 0 0.002727002138271928
256 80 0.001614460488781333
256 160 0.002406281651929021
256 240 0.002811331767588854
256 320 0.004882683977484703
256 400 0.0038750378880649805
257 0 0.0020734539721161127
257 80 0.003132720710709691
257 160 0.0016589760780334473
257 240 0.00221255118958652
257 320 0.0025700218975543976
257 400 0.0037216448690742254
258 0 0.001259495154954493
258 80 0.002901539672166109
258 160 0.001261110883206129
258 240 0.0035952089820057154
258 320 0.004542208276689053
258 400 0.0028367037884891033
259 0 0.0014857472851872444
259 80 0.0021462186705321074
259 160 0.0018689094576984644
259 240 0.0010605663992464542
259 320 0.0007657262030988932
259 400 0.0019870789255946875
260 0 0.002694003749638796
260 80 0.0032588609028607607
260 160 0.0022110778372734785
260 240 0.0018269545398652554
260 320 0.0027720590587705374
260 400 0.0016949571436271071
261 0 0.0022941837087273598
261 80 0.0022826555650681257
261 160 0.0018747916910797358
261 240 0.0026574316434562206
261 320 0.0030231380369514227
261 400 0.002659904072061181
262 0 0.0020634157117456198
262 80 0.0009881951846182346
262 160 0.0029152752831578255
262 240 0.0022244364954531193
262 320 0.0022438557352870703
262 400 0.0038534211926162243
263 0 0.002664992120116949
263 80 0.0019041163614019752
263 160 0.003476483281701803
263 240 0.0012497170828282833
263 320 0.0024695908650755882
263 400 0.003913313616067171
264 0 0.0018681493820622563
264 80 0.002457445953041315
264 160 0.0023368005640804768
264 240 0.0018404033035039902
264 320 0.004310487769544125
264 400 0.0016462310450151563
265 0 0.0018822734709829092
265 80 0.0025375091936439276
265 160 0.002397242235019803
265 240 0.0008803116506896913
265 320 0.0013457818422466516
265 400 0.0030328109860420227
266 0 0.0016030598198994994
266 80 0.0021964660845696926
266 160 0.0018857861869037151
266 240 0.0009755739592947066
266 320 0.003893469227477908
266 400 0.004345967900007963
267 0 0.0021380477119237185
267 80 0.0019036333542317152
267 160 0.0033200490288436413
267 240 0.0021459346171468496
267 320 0.0021132396068423986
267 400 0.00310063106007874
268 0 0.0013337050331756473
268 80 0.0022905697114765644
268 160 0.0033827691804617643
268 240 0.0023805275559425354
268 320 0.0033939131535589695
268 400 0.0020814163144677877
269 0 0.003006560495123267
269 80 0.0021380088292062283
269 160 0.0018757216166704893
269 240 0.003509514732286334
269 320 0.0015691587468609214
269 400 0.0029467165004462004
270 0 0.0036732619628310204
270 80 0.0018559719901531935
270 160 0.0017665118211880326
270 240 0.0019744986202567816
270 320 0.003087185090407729
270 400 0.002635387470945716
271 0 0.0013328619534149766
271 80 0.0027330017182976007
271 160 0.0013959272764623165
271 240 0.0029697916470468044
271 320 0.0035849101841449738
271 400 0.0012644059024751186
272 0 0.0009207967668771744
272 80 0.0013827388174831867
272 160 0.0007195717771537602
272 240 0.0030579993035644293
272 320 0.0008629016228951514
272 400 0.002908658469095826
273 0 0.003078269539400935
273 80 0.0016236989758908749
273 160 0.0009652180015109479
273 240 0.0015627433313056827
273 320 0.003452157834544778
273 400 0.0005791634903289378
274 0 0.003910744097083807
274 80 0.0015548343071714044
274 160 0.0026506653521209955
274 240 0.0019108409760519862
274 320 0.002906214911490679
274 400 0.0018108001677319407
275 0 0.0014918413944542408
275 80 0.002827106276527047
275 160 0.002751075429841876
275 240 0.0025875132996588945
275 320 0.002112161833792925
275 400 0.0009756626095622778
276 0 0.0019016236765310168
276 80 0.002500268630683422
276 160 0.0029231903608888388
276 240 0.001769798225723207
276 320 0.0016459256876260042
276 400 0.003053945256397128
277 0 0.0022747020702809095
277 80 0.0014979684492573142
277 160 0.002587576862424612
277 240 0.0032053166069090366
277 320 0.0018618153408169746
277 400 0.0019027855014428496
278 0 0.001852837041951716
278 80 0.0019559876527637243
278 160 0.0036264117807149887
278 240 0.0019325772300362587
278 320 0.0013957872288301587
278 400 0.0019078043987974524
279 0 0.0018932799575850368
279 80 0.0016587964491918683
279 160 0.0009800978004932404
279 240 0.0023729796521365643
279 320 0.0021577137522399426
279 400 0.0021389119792729616
280 0 0.0024880755227059126
280 80 0.0021094901021569967
280 160 0.0035909921862185
280 240 0.001494198222644627
280 320 0.001080286456272006
280 400 0.003176118014380336
281 0 0.0038452656008303165
281 80 0.0013596550561487675
281 160 0.0018574644345790148
281 240 0.002440880751237273
281 320 0.0019683910068124533
281 400 0.0028233700431883335
282 0 0.003108598990365863
282 80 0.0006115647847764194
282 160 0.0012827817117795348
282 240 0.0026875038165599108
282 320 0.0015703864628449082
282 400 0.0028138612397015095
283 0 0.001087006414309144
283 80 0.0018475635442882776
283 160 0.0014246164355427027
283 240 0.0025767504703253508
283 320 0.0014212250243872404
283 400 0.0015048292698338628
284 0 0.001514880801551044
284 80 0.0025163311511278152
284 160 0.0032600942067801952
284 240 0.0026075120549649
284 320 0.002537413500249386
284 400 0.0021738081704825163
285 0 0.002294407458975911
285 80 0.0035782265476882458
285 160 0.002251949394121766
285 240 0.0021383280400186777
285 320 0.002641543047502637
285 400 0.0024879523552954197
286 0 0.0019391493406146765
286 80 0.0025233705528080463
286 160 0.0014628524659201503
286 240 0.0031001016031950712
286 320 0.0006829049671068788
286 400 0.001767045003362
287 0 0.0034252300392836332
287 80 0.002328400267288089
287 160 0.0020261979661881924
287 240 0.001422927831299603
287 320 0.0010184148559346795
287 400 0.0005762564251199365
288 0 0.00304412585683167
288 80 0.003381215501576662
288 160 0.0012957582948729396
288 240 0.0023100923281162977
288 320 0.0013820857275277376
288 400 0.0015322599792852998
289 0 0.0009527144720777869
289 80 0.0007046412792988122
289 160 0.0016401319298893213
289 240 0.002112200716510415
289 320 0.0019442436750978231
289 400 0.0026640305295586586
290 0 0.0024072695523500443
290 80 0.0010804900666698813
290 160 0.0026959613896906376
290 240 0.0021234513260424137
290 320 0.004160188604146242
290 400 0.0014628036879003048
291 0 0.0020931879989802837
291 80 0.0019131352892145514
291 160 0.0026749162934720516
291 240 0.0027968408539891243
291 320 0.0005699499743059278
291 400 0.0012361402623355389
292 0 0.0013825894566252828
292 80 0.0014272738480940461
292 160 0.0027081032749265432
292 240 0.0011551770148798823
292 320 0.0017553590005263686
292 400 0.0010133699979633093
293 0 0.0028113205917179585
293 80 0.001929430989548564
293 160 0.0019112630980089307
293 240 0.0012369222240522504
293 320 0.0011212262324988842
293 400 0.0011559166014194489
294 0 0.0016583908582106233
294 80 0.0008878739317879081
