1 0.4183385058252542 0.8770333333333333
2 0.2500511997861903 0.9282666666666667
3 0.21014591304859373 0.9398666666666666
4 0.1852540819566133 0.94745
5 0.16757081141635807 0.953
6 0.15377117229550125 0.9573333333333334
7 0.14217506183871328 0.96045
8 0.13254709004847479 0.9632833333333334
9 0.12423191678676523 0.96565
10 0.11713362447043726 0.9675833333333334
11 0.11072284726302888 0.9696166666666667
12 0.10491983911820821 0.9710666666666666
13 0.09960565062712377 0.9726666666666667
14 0.09508464366261131 0.9739833333333333
15 0.09086125444120435 0.9751166666666666
16 0.08684997680757854 0.9764833333333334
17 0.08322458497401494 0.9773333333333334
18 0.07970065752596361 0.9787
19 0.07648389780921723 0.9793833333333334
20 0.0736354426947484 0.9803
21 0.0710482264577008 0.9812166666666666
22 0.06823417605526412 0.9823666666666667
23 0.06583730576595645 0.9829833333333333
24 0.0635125875226788 0.9834666666666667
25 0.06113780443586393 0.9841333333333333
26 0.05926021105889827 0.98515
27 0.05709246280930762 0.9853833333333334
28 0.055216846018553034 0.9860666666666666
29 0.053458420555792384 0.98675
30 0.05170220476604982 0.9872666666666666
31 0.05009583042247463 0.9876666666666667
32 0.0485924747921447 0.98835
33 0.04709428600244113 0.9885166666666667
34 0.04563633603121299 0.9891833333333333
35 0.04429142822676312 0.9896166666666667
36 0.042957997845132344 0.9897333333333334
37 0.0417368053091265 0.9904666666666667
38 0.04033681890492373 0.99105
39 0.03928194141416534 0.9912
40 0.03819915474549349 0.9915666666666667
41 0.03712663496298386 0.9917666666666667
42 0.0360416976441103 0.99205
43 0.03508448916703844 0.9923833333333333
44 0.03404756795579214 0.99275
45 0.03320531047551013 0.9932666666666666
46 0.03223376190945157 0.9933
47 0.031408507955759 0.99385
48 0.030591986841087274 0.9940833333333333
49 0.029703593020563693 0.99415
50 0.028981387165428668 0.9946333333333334
51 0.02823148653514858 0.99495
52 0.027537154462704782 0.9950333333333333
53 0.026837498158105273 0.9953166666666666
54 0.026131532909567042 0.9954833333333334
55 0.025482429296715556 0.99585
56 0.024871604038533498 0.9960166666666667
57 0.024189250277621404 0.9961666666666666
58 0.02359881596878044 0.9963666666666666
59 0.02308801625138407 0.99645
60 0.022504729065877287 0.99655
61 0.02202139168814905 0.9968166666666667
62 0.021511520846867995 0.99695
63 0.02101624959996387 0.9972833333333333
64 0.020508385424230145 0.9972
65 0.01998741973910346 0.9974666666666666
66 0.01957897075674316 0.9976
67 0.019136746355425765 0.9975833333333334
68 0.018711549248784654 0.9977666666666667
69 0.018252544588089656 0.9978833333333333
70 0.017866448113031543 0.9980333333333333
71 0.017526205997469266 0.99805
72 0.017145470400322983 0.9981666666666666
73 0.01681527047892655 0.9983
74 0.016419833378075982 0.9984666666666666
75 0.01605349036851036 0.99865
76 0.015744030089385665 0.99855
77 0.015430130394124018 0.9986666666666667
78 0.015094676238697157 0.9986833333333334
79 0.014795071780999333 0.99885
80 0.014521951315058733 0.9988333333333334
81 0.014208606546565986 0.99885
82 0.013958642828657525 0.9989166666666667
83 0.013636690953166596 0.999
84 0.013404804266997174 0.9989833333333333
85 0.01313556263894478 0.9991333333333333
86 0.012916557207358067 0.9991666666666666
87 0.012642429701721808 0.99915
88 0.012440851608068864 0.9993166666666666
89 0.01221863199958701 0.9993666666666666
90 0.011967150837496748 0.9993
91 0.011791294525518442 0.9992833333333333
92 0.011557488427705952 0.9993833333333333
93 0.011382862429585316 0.9993666666666666
