1 0 2.9034361839294434
1 80 0.6135433912277222
1 160 0.38569900393486023
1 240 0.41986387968063354
1 320 0.447081059217453
1 400 0.3648221790790558
2 0 0.17951563000679016
2 80 0.15162843465805054
2 160 0.22059211134910583
2 240 0.29100552201271057
2 320 0.2631317973136902
2 400 0.25848326086997986
3 0 0.31187957525253296
3 80 0.25392669439315796
3 160 0.17471039295196533
3 240 0.22395925223827362
3 320 0.13826808333396912
3 400 0.1573072373867035
4 0 0.24173983931541443
4 80 0.17161059379577637
4 160 0.14107199013233185
4 240 0.11495393514633179
4 320 0.2432752400636673
4 400 0.2759040594100952
5 0 0.10511431843042374
5 80 0.13981063663959503
5 160 0.14690957963466644
5 240 0.18171744048595428
5 320 0.1316671520471573
5 400 0.18221865594387054
6 0 0.10295990854501724
6 80 0.10698691755533218
6 160 0.16565005481243134
6 240 0.22062595188617706
6 320 0.27262482047080994
6 400 0.1160079836845398
7 0 0.21326644718647003
7 80 0.19027477502822876
7 160 0.10761719197034836
7 240 0.19108238816261292
7 320 0.17894215881824493
7 400 0.16734470427036285
8 0 0.19470557570457458
8 80 0.22821684181690216
8 160 0.1641119420528412
8 240 0.1243164986371994
8 320 0.2526722550392151
8 400 0.12916724383831024
9 0 0.14853867888450623
9 80 0.11719925701618195
9 160 0.1182115375995636
9 240 0.13285532593727112
9 320 0.1781831830739975
9 400 0.1199956163764
10 0 0.10432541370391846
10 80 0.07339733093976974
10 160 0.14063529670238495
10 240 0.24088071286678314
10 320 0.1317688375711441
10 400 0.15675224363803864
11 0 0.06282728910446167
11 80 0.10492789000272751
11 160 0.09829334169626236
11 240 0.07793143391609192
11 320 0.08327088505029678
11 400 0.18062824010849
12 0 0.07691503316164017
12 80 0.14277292788028717
12 160 0.1256408542394638
12 240 0.06754163652658463
12 320 0.08748172223567963
12 400 0.07382705807685852
13 0 0.06338708102703094
13 80 0.05923549458384514
13 160 0.13003230094909668
13 240 0.060003023594617844
13 320 0.1146518811583519
13 400 0.10238590091466904
14 0 0.0545063354074955
14 80 0.08336815983057022
14 160 0.09580304473638535
14 240 0.041378650814294815
14 320 0.1323082596063614
14 400 0.04910511150956154
15 0 0.10321997106075287
15 80 0.13918788731098175
15 160 0.04454217851161957
15 240 0.06987316161394119
15 320 0.07172335684299469
15 400 0.11438009887933731
16 0 0.06989195197820663
16 80 0.06134052202105522
16 160 0.09353552013635635
16 240 0.13653023540973663
16 320 0.09173231571912766
16 400 0.08400300145149231
17 0 0.03413856774568558
17 80 0.05531546473503113
17 160 0.05573086440563202
17 240 0.08696761727333069
17 320 0.07824332267045975
17 400 0.11719202995300293
18 0 0.0583476796746254
18 80 0.045178260654211044
18 160 0.04352110996842384
18 240 0.04108685627579689
18 320 0.0640513226389885
18 400 0.10598868131637573
19 0 0.056706611067056656
19 80 0.13121478259563446
19 160 0.1407175362110138
19 240 0.02076634019613266
19 320 0.11792415380477905
19 400 0.07023286074399948
20 0 0.058026593178510666
20 80 0.07755479961633682
20 160 0.04907149076461792
20 240 0.055409979075193405
20 320 0.06681182980537415
20 400 0.07549761980772018
21 0 0.0492318719625473
21 80 0.05036073550581932
21 160 0.04339863359928131
21 240 0.06527820229530334
21 320 0.07482822984457016
21 400 0.050062146037817
22 0 0.06779005378484726
22 80 0.031182091683149338
22 160 0.038528863340616226
22 240 0.12831038236618042
22 320 0.03639092668890953
22 400 0.12787595391273499
23 0 0.043500542640686035
23 80 0.051862601190805435
23 160 0.08259956538677216
23 240 0.07262010127305984
23 320 0.027950365096330643
23 400 0.10551884025335312
24 0 0.04193533957004547
24 80 0.08200746774673462
24 160 0.030956830829381943
24 240 0.050597093999385834
24 320 0.07131822407245636
24 400 0.030276911333203316
25 0 0.0432017482817173
25 80 0.06492012739181519
25 160 0.10088863968849182
25 240 0.07397809624671936
25 320 0.058893729001283646
25 400 0.045713067054748535
26 0 0.06092303991317749
26 80 0.042992763221263885
26 160 0.1025874987244606
26 240 0.06878329813480377
26 320 0.04269983246922493
26 400 0.05810539796948433
27 0 0.03125297278165817
27 80 0.16738338768482208
27 160 0.07250505685806274
27 240 0.013063632883131504
27 320 0.06069072708487511
27 400 0.03588893264532089
28 0 0.08926445245742798
28 80 0.08735431730747223
28 160 0.06537499278783798
28 240 0.09836604446172714
28 320 0.12179550528526306
28 400 0.0593489445745945
29 0 0.07483254373073578
29 80 0.02348226308822632
29 160 0.07311439514160156
29 240 0.05225515365600586
29 320 0.053825743496418
29 400 0.026411237195134163
30 0 0.07130996882915497
30 80 0.03897324576973915
30 160 0.15872740745544434
30 240 0.08953927457332611
30 320 0.08509577810764313
30 400 0.04136129096150398
31 0 0.03508870303630829
31 80 0.03336348757147789
31 160 0.08009342849254608
31 240 0.04689035192131996
31 320 0.021615885198116302
31 400 0.03274024277925491
32 0 0.058300502598285675
32 80 0.04583600163459778
32 160 0.05586738511919975
32 240 0.02904018945991993
32 320 0.05577065050601959
32 400 0.028488650918006897
33 0 0.08426304906606674
33 80 0.05586639419198036
33 160 0.02601870521903038
33 240 0.13143475353717804
33 320 0.061659231781959534
33 400 0.02319410629570484
34 0 0.05268389731645584
34 80 0.024725716561079025
34 160 0.05052316561341286
34 240 0.039653144776821136
34 320 0.04649490490555763
34 400 0.05747024342417717
35 0 0.0373714305460453
35 80 0.026325346902012825
35 160 0.04594745859503746
35 240 0.037206560373306274
35 320 0.024132469668984413
35 400 0.026169391348958015
36 0 0.03405913710594177
36 80 0.08211427181959152
36 160 0.03546364977955818
36 240 0.04661751911044121
36 320 0.03733615204691887
36 400 0.026135653257369995
37 0 0.02438310906291008
37 80 0.020121309906244278
37 160 0.046350445598363876
37 240 0.029680078849196434
37 320 0.030376195907592773
37 400 0.007876948453485966
38 0 0.025997374206781387
38 80 0.025817563757300377
38 160 0.020027505233883858
38 240 0.06461121886968613
38 320 0.06541384756565094
38 400 0.044825803488492966
39 0 0.02024194970726967
39 80 0.023374276235699654
39 160 0.08003652095794678
39 240 0.03495753929018974
39 320 0.026652811095118523
39 400 0.031752362847328186
40 0 0.03147534653544426
40 80 0.015496202744543552
40 160 0.03417478874325752
40 240 0.031528208404779434
40 320 0.03989753499627113
40 400 0.027789760380983353
41 0 0.03331657126545906
41 80 0.024398017674684525
41 160 0.026257896795868874
41 240 0.03129418194293976
41 320 0.046515341848134995
41 400 0.020569656044244766
42 0 0.03062085434794426
42 80 0.025961071252822876
42 160 0.07909245789051056
42 240 0.02789498120546341
42 320 0.051908183842897415
42 400 0.07471370697021484
43 0 0.02055278979241848
43 80 0.016579261049628258
43 160 0.04095064848661423
43 240 0.03642779588699341
43 320 0.02779492363333702
43 400 0.028225790709257126
44 0 0.059473007917404175
44 80 0.02970733866095543
44 160 0.05262822285294533
44 240 0.08689255267381668
44 320 0.048860110342502594
44 400 0.02631746605038643
45 0 0.025868775323033333
45 80 0.017542004585266113
45 160 0.036067403852939606
45 240 0.03636368736624718
45 320 0.025672487914562225
45 400 0.032767388969659805
46 0 0.020653724670410156
46 80 0.028854623436927795
46 160 0.022985711693763733
46 240 0.030184054747223854
46 320 0.010715327225625515
46 400 0.05206483229994774
47 0 0.016703231260180473
47 80 0.032225966453552246
47 160 0.031785666942596436
47 240 0.028274398297071457
47 320 0.03886765241622925
47 400 0.017794763669371605
48 0 0.01762796752154827
48 80 0.028336727991700172
48 160 0.11098329722881317
48 240 0.018811849877238274
48 320 0.03219533711671829
48 400 0.01696060784161091
49 0 0.03124876134097576
49 80 0.04116362705826759
49 160 0.015924502164125443
49 240 0.010986770503222942
49 320 0.023310283198952675
49 400 0.022348644211888313
50 0 0.09244664758443832
50 80 0.04364585131406784
50 160 0.013709645718336105
50 240 0.023142166435718536
50 320 0.03122866526246071
50 400 0.034563131630420685
51 0 0.027379676699638367
51 80 0.01928580366075039
51 160 0.02687937580049038
51 240 0.010991619899868965
51 320 0.024410808458924294
51 400 0.02125544100999832
52 0 0.03109564445912838
52 80 0.020646922290325165
52 160 0.02449904754757881
52 240 0.031880512833595276
52 320 0.021749161183834076
52 400 0.07011263072490692
53 0 0.02953636646270752
53 80 0.028331002220511436
53 160 0.024555807933211327
53 240 0.02690688706934452
53 320 0.0324258916079998
53 400 0.02045511268079281
54 0 0.026310419663786888
54 80 0.04683126136660576
54 160 0.03680849075317383
54 240 0.03027126006782055
54 320 0.028712309896945953
54 400 0.02336755581200123
55 0 0.03448544070124626
55 80 0.04039432108402252
55 160 0.014058503322303295
55 240 0.0272037573158741
55 320 0.03530952334403992
55 400 0.01457550935447216
56 0 0.022013118490576744
56 80 0.009040197357535362
56 160 0.011132648214697838
56 240 0.07451583445072174
56 320 0.01010045874863863
56 400 0.03185518458485603
57 0 0.022595493122935295
57 80 0.014352642931044102
57 160 0.021077582612633705
57 240 0.009675531648099422
57 320 0.03520313277840614
57 400 0.0217125304043293
58 0 0.0189888384193182
58 80 0.01168057881295681
58 160 0.02669137716293335
58 240 0.025119442492723465
58 320 0.016429638490080833
58 400 0.013776163570582867
59 0 0.018849387764930725
59 80 0.017508691176772118
59 160 0.01263117790222168
59 240 0.013353238813579082
59 320 0.02375418320298195
59 400 0.029749305918812752
60 0 0.011967664584517479
60 80 0.040576595813035965
60 160 0.10277245193719864
60 240 0.03500199317932129
60 320 0.011112391017377377
60 400 0.027493756264448166
61 0 0.012663152068853378
61 80 0.008986249566078186
61 160 0.01910429075360298
61 240 0.012728814966976643
61 320 0.014344340190291405
61 400 0.019033286720514297
62 0 0.01918874680995941
62 80 0.018798626959323883
62 160 0.020579304546117783
62 240 0.01991608552634716
62 320 0.022012948989868164
62 400 0.019108394160866737
63 0 0.013272310607135296
63 80 0.03880298510193825
63 160 0.013162266463041306
63 240 0.009108932688832283
63 320 0.03186275064945221
63 400 0.032235294580459595
64 0 0.03959853574633598
64 80 0.019022032618522644
64 160 0.0097727682441473
64 240 0.03390103951096535
64 320 0.04912930727005005
64 400 0.01837579905986786
65 0 0.01586938463151455
65 80 0.01927432231605053
65 160 0.006954363081604242
65 240 0.012385421432554722
65 320 0.030941717326641083
65 400 0.033025894314050674
66 0 0.01804242841899395
66 80 0.018642043694853783
66 160 0.009167423471808434
66 240 0.018520256504416466
66 320 0.012900334782898426
66 400 0.027057679370045662
67 0 0.01139377523213625
67 80 0.0180647112429142
67 160 0.005748986732214689
67 240 0.018933743238449097
67 320 0.018982041627168655
67 400 0.028118396177887917
68 0 0.007065935060381889
68 80 0.01496320404112339
68 160 0.027436818927526474
68 240 0.01140742190182209
68 320 0.02109820954501629
68 400 0.013221369124948978
69 0 0.017971575260162354
69 80 0.022293277084827423
69 160 0.005581320729106665
69 240 0.026043452322483063
69 320 0.024948755279183388
69 400 0.008324649184942245
70 0 0.008003096096217632
70 80 0.010200528427958488
70 160 0.008382560685276985
70 240 0.016335586085915565
70 320 0.030972091481089592
70 400 0.01108887791633606
71 0 0.007753063924610615
71 80 0.01063112448900938
71 160 0.015911752358078957
71 240 0.008457912132143974
71 320 0.010162372142076492
71 400 0.023850038647651672
72 0 0.01364213414490223
72 80 0.02992573007941246
72 160 0.008453216403722763
72 240 0.01021246612071991
72 320 0.026243144646286964
72 400 0.024138430133461952
73 0 0.01381179690361023
73 80 0.014586972072720528
73 160 0.009019698947668076
73 240 0.014120847918093204
73 320 0.020578429102897644
73 400 0.01600649766623974
74 0 0.03218351677060127
74 80 0.009023342281579971
74 160 0.00745798833668232
74 240 0.010473228059709072
74 320 0.009077727794647217
74 400 0.012398263439536095
75 0 0.012637383304536343
75 80 0.007329411804676056
75 160 0.008971630595624447
75 240 0.007271884474903345
75 320 0.021963024511933327
75 400 0.008096160367131233
76 0 0.011385416612029076
76 80 0.022131305187940598
76 160 0.013373889960348606
76 240 0.012110788375139236
76 320 0.00649380125105381
76 400 0.012613801285624504
77 0 0.014574206434190273
77 80 0.010171445086598396
77 160 0.011926095001399517
77 240 0.013052231632173061
77 320 0.01728334277868271
77 400 0.021196110174059868
78 0 0.0069936420768499374
78 80 0.012003744952380657
78 160 0.013014822266995907
78 240 0.009489737451076508
78 320 0.01467517763376236
78 400 0.006700941827148199
79 0 0.014553393237292767
79 80 0.011980469338595867
79 160 0.022417008876800537
79 240 0.009437439031898975
79 320 0.02116142027080059
79 400 0.006554989144206047
80 0 0.008189067244529724
80 80 0.01741757057607174
80 160 0.008004548959434032
80 240 0.013819187879562378
80 320 0.0071425652131438255
80 400 0.008960508741438389
81 0 0.015465058386325836
81 80 0.010637328028678894
81 160 0.019420234486460686
81 240 0.0061491020023822784
81 320 0.02722831442952156
81 400 0.012315896339714527
82 0 0.017294056713581085
82 80 0.02480967342853546
82 160 0.014446068555116653
82 240 0.015636324882507324
82 320 0.009909221902489662
82 400 0.016941247507929802
83 0 0.011689027771353722
83 80 0.013902896083891392
83 160 0.008475901558995247
83 240 0.014577504247426987
83 320 0.017506631091237068
83 400 0.01025683619081974
84 0 0.012259443290531635
84 80 0.011688507162034512
84 160 0.013736788183450699
84 240 0.007604876067489386
84 320 0.03441332280635834
84 400 0.02355511300265789
85 0 0.021558860316872597
85 80 0.0077614374458789825
85 160 0.017836952582001686
85 240 0.010063798166811466
85 320 0.016558906063437462
85 400 0.01503890659660101
86 0 0.012533354572951794
86 80 0.010974876582622528
86 160 0.021196167916059494
86 240 0.006378438789397478
86 320 0.01806637831032276
86 400 0.009306284599006176
87 0 0.016996165737509727
87 80 0.016968829557299614
87 160 0.013880651444196701
87 240 0.017574718222022057
87 320 0.01384544838219881
87 400 0.013075764290988445
88 0 0.015337338671088219
88 80 0.0078261848539114
88 160 0.00990498811006546
88 240 0.007317254785448313
88 320 0.015269111841917038
88 400 0.017874503508210182
89 0 0.008473197929561138
89 80 0.008349696174263954
89 160 0.03481446951627731
89 240 0.021105654537677765
89 320 0.00925355777144432
89 400 0.00696371728554368
90 0 0.015676680952310562
90 80 0.008297394961118698
90 160 0.00873065460473299
90 240 0.00771719217300415
90 320 0.015509615652263165
90 400 0.016585277393460274
91 0 0.007213051430881023
91 80 0.007437623105943203
91 160 0.01099595706909895
91 240 0.008150581270456314
91 320 0.018078727647662163
91 400 0.011266987770795822
92 0 0.014980371110141277
92 80 0.0036473399959504604
92 160 0.010701747611165047
92 240 0.020760662853717804
92 320 0.006091225892305374
92 400 0.013861505314707756
93 0 0.01189101580530405
93 80 0.01184217818081379
93 160 0.006218502763658762
93 240 0.011782634072005749
93 320 0.015084189362823963
93 400 0.013545452617108822
94 0 0.0149611234664917
94 80 0.021664321422576904
94 160 0.011833659373223782
