1 0.4824790234155238 0.8877166666666667
2 0.20529748643956966 0.9403833333333333
3 0.1713967436094528 0.9498666666666666
4 0.15025659270092115 0.9556666666666667
5 0.135167338057304 0.9609333333333333
6 0.12299446236572541 0.9641833333333333
7 0.11574658365455517 0.9663
8 0.10821727040543486 0.96815
9 0.1024769215798899 0.9698833333333333
10 0.09643649695905795 0.9714333333333334
11 0.09243178337034005 0.9727166666666667
12 0.08722553989176811 0.9749333333333333
13 0.08388149082613017 0.9752333333333333
14 0.07991020085572052 0.9766666666666667
15 0.07682917320699707 0.97805
16 0.07366035696365304 0.9786333333333334
17 0.07060718125522708 0.9798166666666667
18 0.06800236369270696 0.9811666666666666
19 0.0657852533807569 0.9808666666666667
20 0.06321867989268956 0.982
21 0.06081387957037766 0.9831666666666666
22 0.058975794853003166 0.9836833333333334
23 0.056984375943856705 0.98425
24 0.054944431045845246 0.9848666666666667
25 0.05292571363037329 0.9856833333333334
26 0.051612904080862936 0.9859666666666667
27 0.049682031884026936 0.9866666666666667
28 0.04779155915980336 0.9877166666666667
29 0.04656284392626682 0.98785
30 0.04480081293851074 0.9886833333333334
31 0.04339497727649743 0.9889166666666667
32 0.042258700635879914 0.9896833333333334
33 0.04071490636178807 0.98975
34 0.039451846138024126 0.9908833333333333
35 0.03849033218846202 0.9905333333333334
36 0.03727491117561105 0.9912833333333333
37 0.03601447880061578 0.9915166666666667
38 0.03500007112611776 0.99205
39 0.03397214278153805 0.9921166666666666
40 0.033210037776560924 0.9927833333333334
41 0.03225843687611284 0.9928333333333333
42 0.031134518034168397 0.9934
43 0.030331709085584385 0.9937333333333334
44 0.029527750797569752 0.9940666666666667
45 0.028709404295616185 0.9942833333333333
46 0.027958326425943484 0.9947833333333334
47 0.027100640443413815 0.9949
48 0.02632615653011622 0.9948333333333333
49 0.025554155052176862 0.9954333333333333
50 0.024926115301991705 0.99555
51 0.024296182009186953 0.9956166666666667
52 0.02358169845247796 0.99595
53 0.02305169263258894 0.9962333333333333
54 0.022313311660308827 0.9963333333333333
55 0.02169436901839557 0.9962833333333333
56 0.02123554203627524 0.9967166666666667
57 0.020684040197209 0.9969333333333333
58 0.020129834847854397 0.9971666666666666
59 0.01963349729369301 0.9973333333333333
60 0.019092870939737445 0.9974333333333333
61 0.018678400743959236 0.9977833333333334
62 0.018214954562715567 0.9976333333333334
63 0.017717725378888122 0.9977666666666667
64 0.01732900167015125 0.9979166666666667
65 0.017011587467314654 0.9980166666666667
66 0.016466732985818626 0.9981333333333333
67 0.016010496395030445 0.9983
68 0.015726475027709533 0.9983333333333333
69 0.015343491068935946 0.99845
70 0.01501315822656046 0.9984333333333333
71 0.014660230208275669 0.9984166666666666
72 0.014356334756281394 0.9986333333333334
73 0.013963681226695524 0.9987166666666667
74 0.013707917030733912 0.9987666666666667
75 0.013456431955698806 0.9988666666666667
76 0.0131565228065869 0.9987833333333334
77 0.012875338602783297 0.9990166666666667
78 0.012582622735556572 0.9991
79 0.012243441548814047 0.99915
80 0.012030574717004893 0.9992666666666666
81 0.01185123003554592 0.9992333333333333
82 0.011564590694156409 0.9993
83 0.011370510079347885 0.9992666666666666
84 0.011089297142058516 0.99935
85 0.010927184494331416 0.9993166666666666
86 0.010661858952602249 0.9994166666666666
87 0.01040342803409041 0.9994666666666666
88 0.01028879929327968 0.9995666666666667
89 0.010065079142432858 0.9996
90 0.009870571394595924 0.9995666666666667
91 0.009691986999512195 0.9996666666666667
92 0.009551322387992096 0.9996166666666667
93 0.009351108926656181 0.9997
94 0.009181933370786212 0.99965
95 0.009087497228458682 0.99975
96 0.008873185600592956 0.9997166666666667
97 0.008678834707136634 0.9997666666666667
98 0.008581034874152352 0.9998166666666667
99 0.008435137485012983 0.9998
100 0.008298340572743241 0.9998166666666667
101 0.008168247517204281 0.9998
102 0.00801225485298028 0.9998666666666667
103 0.007888028605171899 0.99985
104 0.007789015845169248 0.9998833333333333
105 0.007623327473031559 0.9999333333333333
106 0.007512476964931149 0.9999166666666667
107 0.007386662356400573 0.9999333333333333
108 0.007294775268533575 0.9998833333333333
109 0.007206464159999416 0.99995
110 0.007065112685917744 0.99995
111 0.007000053577971007 0.9999166666666667
112 0.006841483195798833 0.9999333333333333
113 0.006764257853445627 0.99995
114 0.006684631474617956 0.9999166666666667
115 0.00659523173910516 0.9999333333333333
116 0.006485215363912841 0.9999166666666667
117 0.0063932691013186315 0.9999666666666667
118 0.006292727958065456 0.9999333333333333
119 0.006217905763548606 0.99995
120 0.006149206837730558 0.99995
121 0.006080109572315068 0.9999333333333333
122 0.00594367239890354 0.9999666666666667
123 0.005906533365369216 0.9999333333333333
124 0.005835724705363562 0.9999666666666667
125 0.0057436023716693685 0.9999666666666667
126 0.005658235407368874 0.9999833333333333
127 0.005595014401540748 0.99995
128 0.005512846806056813 0.9999666666666667
129 0.005460539451693056 0.9999833333333333
130 0.005377851299016174 0.9999666666666667
131 0.005328810643970665 0.9999666666666667
132 0.005260591525763178 0.9999833333333333
133 0.005205360527680531 0.9999833333333333
134 0.005135584744745925 0.9999833333333333
135 0.005080083388833206 0.9999666666666667
136 0.005022801442328952 0.9999833333333333
137 0.004965422030633637 0.9999666666666667
138 0.004898154133084868 0.9999833333333333
139 0.004853199367651712 0.99995
140 0.0047878766668710245 1.0
141 0.004729052702250924 1.0
142 0.004673292653124803 1.0
143 0.004636489555859235 1.0
144 0.00458249611917065 0.9999833333333333
145 0.004533767470839753 1.0
146 0.004476684381438693 1.0
147 0.004449712479167354 0.9999833333333333
148 0.004384833907803842 0.9999833333333333
149 0.004341159844949746 0.9999833333333333
150 0.004308614116320923 1.0
151 0.004242184052272622 1.0
152 0.004209350178222746 1.0
153 0.004167168989960255 1.0
154 0.004127949712671904 1.0
155 0.004091279790687091 1.0
156 0.0040500003721382315 1.0
157 0.004001830060750858 1.0
158 0.0039679513531061875 1.0
159 0.0039367719839112575 1.0
160 0.0038768847209603974 1.0
161 0.0038508775259014656 1.0
162 0.003826357842013955 1.0
163 0.003775085069746502 1.0
164 0.0037360444023553877 1.0
165 0.00370856708581887 1.0
166 0.0036762132483627846 1.0
167 0.003640569862289064 1.0
168 0.0036113950591941456 1.0
169 0.003575715473416184 1.0
170 0.003543214049256806 1.0
171 0.0035143666590418993 1.0
172 0.003489064464374368 1.0
173 0.003448067359434667 1.0
174 0.0034276176877478673 1.0
175 0.003393502642479 1.0
176 0.0033587437638862017 1.0
177 0.003336527913154514 1.0
178 0.0033078458972338803 1.0
179 0.003278022064695329 1.0
180 0.003240709719029682 1.0
181 0.003226226593962491 1.0
182 0.0031859990141576908 1.0
183 0.0031678409744818597 1.0
184 0.0031432203426242254 1.0
185 0.003120860629734883 1.0
186 0.003089956887838826 1.0
187 0.003067729253717053 1.0
188 0.0030460619511130426 1.0
189 0.00302447899463656 1.0
190 0.002992540362975133 1.0
191 0.0029715709028336635 1.0
192 0.002946652661411286 1.0
193 0.0029292598154260787 1.0
194 0.0029098175597369177 1.0
195 0.002882846403553752 1.0
196 0.0028623198926039754 1.0
197 0.0028417066989669094 1.0
198 0.0028198452237973622 1.0
199 0.002797906697819085 1.0
200 0.0027774845201299705 1.0
201 0.002758870883507213 1.0
202 0.0027391512657074864 1.0
203 0.0027154688429244277 1.0
204 0.002695559102025177 1.0
205 0.0026812584324082587 1.0
206 0.0026569466809305284 1.0
207 0.0026347585557860687 1.0
208 0.0026203379661628185 1.0
209 0.0026041893343101623 1.0
210 0.0025819336691040246 1.0
211 0.0025640282676175938 1.0
212 0.0025465105373441163 1.0
213 0.0025282591434398183 1.0
214 0.002514655292128473 1.0
215 0.002501361884612606 1.0
216 0.0024792350618156795 1.0
217 0.0024628402958902073 1.0
218 0.0024475760927705815 1.0
219 0.002426047175715584 1.0
220 0.002412799447127032 1.0
221 0.002397857366381948 1.0
222 0.0023843307429845177 1.0
223 0.0023647774769706147 1.0
224 0.002353426349882497 1.0
225 0.002340574583251164 1.0
226 0.0023267581628368442 1.0
227 0.002305557187184938 1.0
228 0.002294229452874559 1.0
229 0.002272169678601057 1.0
230 0.0022624980471879323 1.0
231 0.0022502398168765454 1.0
232 0.002238416799040301 1.0
233 0.002222226701303522 1.0
234 0.0022087632252751335 1.0
235 0.002193835264914282 1.0
236 0.002181525743662763 1.0
237 0.0021671637394296717 1.0
238 0.0021536863453165966 1.0
239 0.0021418473075282005 1.0
240 0.002128050408771893 1.0
241 0.002117037954333145 1.0
242 0.002102989794886006 1.0
243 0.002092386143523326 1.0
244 0.002074710894073211 1.0
245 0.002070661688318798 1.0
246 0.0020553673096775594 1.0
247 0.002045423239355347 1.0
248 0.0020314172848062252 1.0
249 0.0020220885797937924 1.0
250 0.0020107241894261464 1.0
251 0.001995717053863107 1.0
252 0.0019873603605039753 1.0
253 0.001975080774682981 1.0
254 0.001964324192309788 1.0
255 0.0019524842341825653 1.0
256 0.0019413477933304365 1.0
257 0.0019293474300311748 1.0
258 0.001918428312941913 1.0
259 0.0019109832343341573 1.0
260 0.001900469499224646 1.0
261 0.0018883229659394677 1.0
262 0.001876579779165505 1.0
263 0.0018681286599488058 1.0
264 0.0018580360593758762 1.0
265 0.0018500124675475918 1.0
266 0.0018370040197934168 1.0
267 0.0018300608111131412 1.0
268 0.0018199703985090946 1.0
269 0.0018132246684095363 1.0
270 0.0017994617422008074 1.0
271 0.0017904455211065185 1.0
272 0.0017827393562554804 1.0
273 0.0017760227905831603 1.0
274 0.001764320822590009 1.0
275 0.0017545513322463691 1.0
276 0.0017446788700063154 1.0
277 0.0017402018002767577 1.0
278 0.0017280790223571253 1.0
279 0.001717250771211909 1.0
280 0.001712062332688817 1.0
281 0.0017032213164056573 1.0
282 0.0016943154219132878 1.0
283 0.0016866445138396175 1.0
284 0.0016785506347714583 1.0
285 0.0016691208186461084 1.0
286 0.001663389472925821 1.0
287 0.0016526327712207175 1.0
288 0.0016434576704543132 1.0
289 0.0016381595844600493 1.0
