1 0 3.084822177886963
1 80 0.4519588351249695
1 160 0.30556103587150574
1 240 0.3617197573184967
1 320 0.3340768814086914
1 400 0.37276196479797363
2 0 0.38359779119491577
2 80 0.15560294687747955
2 160 0.29680338501930237
2 240 0.22171439230442047
2 320 0.27422428131103516
2 400 0.16498088836669922
3 0 0.21496479213237762
3 80 0.17130807042121887
3 160 0.17587175965309143
3 240 0.15194372832775116
3 320 0.25841519236564636
3 400 0.21901118755340576
4 0 0.17194586992263794
4 80 0.1380564421415329
4 160 0.1000809520483017
4 240 0.21682040393352509
4 320 0.130880206823349
4 400 0.26146307587623596
5 0 0.1411609798669815
5 80 0.1060773953795433
5 160 0.17312271893024445
5 240 0.11839064955711365
5 320 0.24517886340618134
5 400 0.048339784145355225
6 0 0.20072121918201447
6 80 0.11187206953763962
6 160 0.22856731712818146
6 240 0.04207534343004227
6 320 0.11482920497655869
6 400 0.11003702133893967
7 0 0.1210927814245224
7 80 0.10118522495031357
7 160 0.06694325059652328
7 240 0.0810452550649643
7 320 0.10983733832836151
7 400 0.12578842043876648
8 0 0.06835320591926575
8 80 0.05471497401595116
8 160 0.12382219731807709
8 240 0.11271953582763672
8 320 0.06812360882759094
8 400 0.1141991838812828
9 0 0.13442754745483398
9 80 0.08485940843820572
9 160 0.19849376380443573
9 240 0.07148119807243347
9 320 0.049739789217710495
9 400 0.12610314786434174
10 0 0.09808231890201569
10 80 0.1253233700990677
10 160 0.09524975717067719
10 240 0.08613694459199905
10 320 0.17865131795406342
10 400 0.09450002759695053
11 0 0.08876942098140717
11 80 0.11288958787918091
11 160 0.06626411527395248
11 240 0.09031923115253448
11 320 0.07440172135829926
11 400 0.08469197899103165
12 0 0.0931662768125534
12 80 0.21405762434005737
12 160 0.16183455288410187
12 240 0.12356407195329666
12 320 0.06216280534863472
12 400 0.07754980027675629
13 0 0.06586683541536331
13 80 0.06755416095256805
13 160 0.11027874797582626
13 240 0.08814740180969238
13 320 0.09209410101175308
13 400 0.10399053245782852
14 0 0.0893632024526596
14 80 0.10747912526130676
14 160 0.07610058784484863
14 240 0.09471255540847778
14 320 0.0999663919210434
14 400 0.06222943216562271
15 0 0.0686756893992424
15 80 0.049623869359493256
15 160 0.0626833438873291
15 240 0.11828499287366867
15 320 0.07424075901508331
15 400 0.07469050586223602
16 0 0.11803661286830902
16 80 0.07584688812494278
16 160 0.03883114084601402
16 240 0.04127705469727516
16 320 0.04951595142483711
16 400 0.0346183106303215
17 0 0.047892436385154724
17 80 0.04462091997265816
17 160 0.05167808756232262
17 240 0.054929256439208984
17 320 0.07814711332321167
17 400 0.04123504459857941
18 0 0.05312449112534523
18 80 0.08753719925880432
18 160 0.025218354538083076
18 240 0.11307170242071152
18 320 0.07268444448709488
18 400 0.08449722081422806
19 0 0.030116284266114235
19 80 0.04838414862751961
19 160 0.03160935267806053
19 240 0.07520923018455505
19 320 0.09831681102514267
19 400 0.1089709997177124
20 0 0.03436805680394173
20 80 0.04061990603804588
20 160 0.03879540413618088
20 240 0.037407346069812775
20 320 0.06179187446832657
20 400 0.034912094473838806
21 0 0.035983722656965256
21 80 0.06105422228574753
21 160 0.042592909187078476
21 240 0.060476649552583694
21 320 0.06989214569330215
21 400 0.10336626321077347
22 0 0.04436877369880676
22 80 0.061904869973659515
22 160 0.030419910326600075
22 240 0.05479206517338753
22 320 0.05573204159736633
22 400 0.08935321122407913
23 0 0.09037799388170242
23 80 0.08130139112472534
23 160 0.08055784553289413
23 240 0.09114392101764679
23 320 0.020665815100073814
23 400 0.050066981464624405
24 0 0.14033108949661255
24 80 0.05708659067749977
24 160 0.0565316304564476
24 240 0.03414246812462807
24 320 0.04346950352191925
24 400 0.051567498594522476
25 0 0.030793853104114532
25 80 0.037172213196754456
25 160 0.031638409942388535
25 240 0.05665374919772148
25 320 0.03144891932606697
25 400 0.08300222456455231
26 0 0.03572440892457962
26 80 0.012335584498941898
26 160 0.09783060848712921
26 240 0.07011226564645767
26 320 0.09501148760318756
26 400 0.07559055835008621
27 0 0.04764068126678467
27 80 0.05307113751769066
27 160 0.0558706559240818
27 240 0.06761019676923752
27 320 0.13105866312980652
27 400 0.04725330322980881
28 0 0.10140278935432434
28 80 0.1035080999135971
28 160 0.021392153576016426
28 240 0.024541443213820457
28 320 0.027290869504213333
28 400 0.03923743590712547
29 0 0.09218207746744156
29 80 0.05721632391214371
29 160 0.03276493772864342
29 240 0.04098544269800186
29 320 0.020295163616538048
29 400 0.053785860538482666
30 0 0.04816088080406189
30 80 0.06793603301048279
30 160 0.03724149242043495
30 240 0.03313422575592995
30 320 0.04437124356627464
30 400 0.028549475595355034
31 0 0.05337657779455185
31 80 0.029920333996415138
31 160 0.021735787391662598
31 240 0.04423912614583969
31 320 0.02594597451388836
31 400 0.027996206656098366
32 0 0.01711377315223217
32 80 0.019650056958198547
32 160 0.036068011075258255
32 240 0.050037335604429245
32 320 0.0341474674642086
32 400 0.03415749967098236
33 0 0.02211163379251957
33 80 0.058423977345228195
33 160 0.04131477698683739
33 240 0.03994205966591835
33 320 0.017572972923517227
33 400 0.08490729331970215
34 0 0.03729565069079399
34 80 0.052405063062906265
34 160 0.03307337686419487
34 240 0.025549346581101418
34 320 0.05785713717341423
34 400 0.04819183424115181
35 0 0.016084294766187668
35 80 0.04766189306974411
35 160 0.03251403570175171
35 240 0.01973266527056694
35 320 0.04746343195438385
35 400 0.046670977026224136
36 0 0.02270522341132164
36 80 0.0404803641140461
36 160 0.01966547593474388
36 240 0.0345393568277359
36 320 0.029177628457546234
36 400 0.04947302117943764
37 0 0.03485613688826561
37 80 0.033187031745910645
37 160 0.021069150418043137
37 240 0.021976539865136147
37 320 0.023828553035855293
37 400 0.04415262117981911
38 0 0.03325623646378517
38 80 0.044717952609062195
38 160 0.02779337950050831
38 240 0.04083749279379845
38 320 0.05594640597701073
38 400 0.031140904873609543
39 0 0.030253669247031212
39 80 0.04443463683128357
39 160 0.059391193091869354
39 240 0.04276774078607559
39 320 0.027409106492996216
39 400 0.07569973170757294
40 0 0.018914181739091873
40 80 0.015910468995571136
40 160 0.03258976712822914
40 240 0.02493482269346714
40 320 0.04476173222064972
40 400 0.08154527842998505
41 0 0.06196439638733864
41 80 0.028373263776302338
41 160 0.019673993811011314
41 240 0.05735339596867561
41 320 0.03990994393825531
41 400 0.017102472484111786
42 0 0.03566324710845947
42 80 0.02270161174237728
42 160 0.022642165422439575
42 240 0.025610968470573425
42 320 0.03103971853852272
42 400 0.018754728138446808
43 0 0.027757318690419197
43 80 0.023477068170905113
43 160 0.02514391578733921
43 240 0.0332489013671875
43 320 0.01813698373734951
43 400 0.023923436179757118
44 0 0.0204460546374321
44 80 0.03616606816649437
44 160 0.03399186581373215
44 240 0.075773224234581
44 320 0.039281219244003296
44 400 0.04357913136482239
45 0 0.009417207911610603
45 80 0.024409323930740356
45 160 0.035917606204748154
45 240 0.046537451446056366
45 320 0.02048341929912567
45 400 0.009341435506939888
46 0 0.006228100974112749
46 80 0.03852642700076103
46 160 0.017077814787626266
46 240 0.01944483257830143
46 320 0.020119210705161095
46 400 0.025892224162817
47 0 0.037031225860118866
47 80 0.015429857186973095
47 160 0.01922016404569149
47 240 0.032942842692136765
47 320 0.024451684206724167
47 400 0.025875991210341454
48 0 0.008744570426642895
48 80 0.03138597682118416
48 160 0.025651035830378532
48 240 0.02438114956021309
48 320 0.049439288675785065
48 400 0.0329287089407444
49 0 0.016103623434901237
49 80 0.020757529884576797
49 160 0.023981356993317604
49 240 0.021745797246694565
49 320 0.020821552723646164
49 400 0.0165698304772377
50 0 0.0283597931265831
50 80 0.01574588194489479
50 160 0.05940926447510719
50 240 0.032534655183553696
50 320 0.018882356584072113
50 400 0.0433218888938427
51 0 0.013721170835196972
51 80 0.01949373446404934
51 160 0.01426625531166792
51 240 0.027867315337061882
51 320 0.016378456726670265
51 400 0.03217041492462158
52 0 0.034451957792043686
52 80 0.04883433133363724
52 160 0.025356147438287735
52 240 0.02959936112165451
52 320 0.024647613987326622
52 400 0.007325461599975824
53 0 0.0156273003667593
53 80 0.030565766617655754
53 160 0.021031085401773453
53 240 0.02139713056385517
53 320 0.024178175255656242
53 400 0.024178916588425636
54 0 0.03650966286659241
54 80 0.019097089767456055
54 160 0.012915825471282005
54 240 0.013017730787396431
54 320 0.010506751015782356
54 400 0.021870188415050507
55 0 0.02619379572570324
55 80 0.028092434629797935
55 160 0.011709649115800858
55 240 0.03810412436723709
55 320 0.023252030834555626
55 400 0.024993371218442917
56 0 0.012354154139757156
56 80 0.035988207906484604
56 160 0.01556995790451765
56 240 0.020145855844020844
56 320 0.016398338600993156
56 400 0.03133542463183403
57 0 0.01665700040757656
57 80 0.012197790667414665
57 160 0.014326756820082664
57 240 0.02468038909137249
57 320 0.025475747883319855
57 400 0.015295585617423058
58 0 0.04080533608794212
58 80 0.023811567574739456
58 160 0.03511173278093338
58 240 0.01134928222745657
58 320 0.009165128692984581
58 400 0.016320601105690002
59 0 0.005403611809015274
59 80 0.02500724233686924
59 160 0.020346811041235924
59 240 0.02948668971657753
59 320 0.025336187332868576
59 400 0.014517612755298615
60 0 0.015569962561130524
60 80 0.008692784234881401
60 160 0.012122571468353271
60 240 0.018708156421780586
60 320 0.008526683785021305
60 400 0.02037041261792183
61 0 0.01738947443664074
61 80 0.01844101771712303
61 160 0.01789499633014202
61 240 0.009717496111989021
61 320 0.01195026095956564
61 400 0.009986612014472485
62 0 0.013713985681533813
62 80 0.017816096544265747
62 160 0.010558287613093853
62 240 0.014232239685952663
62 320 0.012611599639058113
62 400 0.010941398330032825
63 0 0.024336861446499825
63 80 0.03316902369260788
63 160 0.011002244427800179
63 240 0.007149898447096348
63 320 0.009189681150019169
63 400 0.043741438537836075
64 0 0.01230495236814022
64 80 0.019723134115338326
64 160 0.012030893005430698
64 240 0.0164166446775198
64 320 0.019085340201854706
64 400 0.018036814406514168
65 0 0.017299748957157135
65 80 0.01551100518554449
65 160 0.013528022915124893
65 240 0.02565237507224083
65 320 0.009907289408147335
65 400 0.0167609304189682
66 0 0.013347586616873741
66 80 0.022030271589756012
66 160 0.014910767786204815
66 240 0.016848580911755562
66 320 0.006881101988255978
66 400 0.023319292813539505
67 0 0.010793053545057774
67 80 0.0206416305154562
67 160 0.021611928939819336
67 240 0.022372132167220116
67 320 0.012687639333307743
67 400 0.013774941675364971
68 0 0.005793529562652111
68 80 0.013348045758903027
68 160 0.01215073186904192
68 240 0.02845146134495735
68 320 0.01691814512014389
68 400 0.009746857918798923
69 0 0.0100898751989007
69 80 0.01845579221844673
69 160 0.01499724481254816
69 240 0.008314146660268307
69 320 0.008786167949438095
69 400 0.04013419523835182
70 0 0.011298618279397488
70 80 0.01620892435312271
70 160 0.03237729147076607
70 240 0.014591861516237259
70 320 0.008113723248243332
70 400 0.01416441798210144
71 0 0.013478758744895458
71 80 0.023851031437516212
71 160 0.011066424660384655
71 240 0.010854450054466724
71 320 0.01205797865986824
71 400 0.012563732452690601
72 0 0.008399654179811478
72 80 0.010726208798587322
72 160 0.013899005018174648
72 240 0.023518739268183708
72 320 0.006148281507194042
72 400 0.013039168901741505
73 0 0.012605855241417885
73 80 0.018514452502131462
73 160 0.02255667932331562
73 240 0.016320448368787766
73 320 0.013525896705687046
73 400 0.00943795870989561
74 0 0.009941287338733673
74 80 0.01946723274886608
74 160 0.013656382448971272
74 240 0.027886852622032166
74 320 0.01228809542953968
74 400 0.015908896923065186
75 0 0.015096534043550491
75 80 0.021916614845395088
75 160 0.011093713343143463
75 240 0.018079319968819618
75 320 0.020852450281381607
75 400 0.00882262084633112
76 0 0.009877927601337433
76 80 0.01794062927365303
76 160 0.016314612701535225
76 240 0.01147847156971693
76 320 0.020727381110191345
76 400 0.010982484556734562
77 0 0.005822035484015942
77 80 0.006689629517495632
77 160 0.006224209908396006
77 240 0.006440958008170128
77 320 0.01891315169632435
77 400 0.015102445147931576
78 0 0.012502887286245823
78 80 0.011278211139142513
78 160 0.010496851056814194
78 240 0.010286429896950722
78 320 0.01641055755317211
78 400 0.013091961853206158
79 0 0.013957313261926174
79 80 0.016970276832580566
79 160 0.007993567734956741
79 240 0.015408513136208057
79 320 0.01861582137644291
79 400 0.015199846588075161
80 0 0.010479919612407684
80 80 0.015451434068381786
80 160 0.00870464090257883
80 240 0.011238443665206432
80 320 0.003912617918103933
80 400 0.00859212689101696
81 0 0.013098199851810932
81 80 0.012905527837574482
81 160 0.008761667646467686
81 240 0.02203606441617012
81 320 0.009316899813711643
81 400 0.009401272051036358
82 0 0.00833855476230383
82 80 0.0047113532200455666
82 160 0.010578389279544353
82 240 0.014969059266149998
82 320 0.007747910916805267
82 400 0.01378458272665739
83 0 0.016165567561984062
83 80 0.014471380971372128
83 160 0.01492442935705185
83 240 0.007613141089677811
83 320 0.010411368682980537
83 400 0.010881580412387848
84 0 0.007859698496758938
84 80 0.006483147386461496
84 160 0.013733407482504845
84 240 0.03434828668832779
84 320 0.013129609636962414
84 400 0.008191026747226715
85 0 0.00636744499206543
85 80 0.023573672398924828
85 160 0.007886108942329884
85 240 0.010098172351717949
85 320 0.01784331724047661
85 400 0.01083733793348074
86 0 0.009994898922741413
86 80 0.014782804995775223
86 160 0.007669696118682623
86 240 0.02514994889497757
86 320 0.009359677322208881
86 400 0.008570796810090542
87 0 0.01424102857708931
87 80 0.004253095481544733
87 160 0.011915082111954689
87 240 0.00794242788106203
87 320 0.012812159955501556
87 400 0.00649560522288084
88 0 0.01289594080299139
88 80 0.010384850203990936
88 160 0.008327730931341648
88 240 0.006702865939587355
88 320 0.011124555952847004
88 400 0.006239009089767933
89 0 0.012239830568432808
89 80 0.03740941733121872
89 160 0.01168425939977169
89 240 0.01126958429813385
89 320 0.010261978022754192
89 400 0.0119751812890172
90 0 0.011169906705617905
90 80 0.008366609923541546
90 160 0.015555938705801964
90 240 0.008809015154838562
90 320 0.012444932013750076
90 400 0.00664443289861083
91 0 0.004064784850925207
91 80 0.007182637229561806
91 160 0.005455325357615948
91 240 0.015958473086357117
91 320 0.008680211380124092
91 400 0.005764171481132507
92 0 0.005145694129168987
92 80 0.017106806859374046
92 160 0.01111888699233532
92 240 0.013911105692386627
92 320 0.009086492471396923
92 400 0.013876564800739288
93 0 0.005404353607445955
93 80 0.010033517144620419
93 160 0.011065525002777576
93 240 0.0077735669910907745
93 320 0.008203048259019852
93 400 0.03216303884983063
94 0 0.008442148566246033
94 80 0.006601525004953146
94 160 0.004884305875748396
94 240 0.0090322932228446
94 320 0.008698598481714725
94 400 0.008393466472625732
95 0 0.011162028647959232
95 80 0.005304569844156504
95 160 0.009887243621051311
95 240 0.00938748475164175
95 320 0.013154943473637104
95 400 0.0198223814368248
96 0 0.00934209767729044
96 80 0.01296478882431984
96 160 0.010905759409070015
96 240 0.008625627495348454
96 320 0.007344145327806473
96 400 0.009254304692149162
97 0 0.010914891958236694
97 80 0.007507366128265858
97 160 0.006565013900399208
97 240 0.008201510645449162
97 320 0.007200115825980902
97 400 0.005450599826872349
98 0 0.005725432187318802
98 80 0.009741151705384254
98 160 0.0052175684832036495
98 240 0.008032368496060371
98 320 0.011042306199669838
98 400 0.012506846338510513
99 0 0.007765789516270161
99 80 0.004933706019073725
99 160 0.00873017217963934
99 240 0.007685463409870863
99 320 0.0037247289437800646
99 400 0.010735566727817059
100 0 0.009797932580113411
100 80 0.004479105118662119
100 160 0.006300696637481451
100 240 0.007467194925993681
100 320 0.007955187931656837
100 400 0.014585938304662704
101 0 0.013994580134749413
101 80 0.006589600350707769
101 160 0.007830332033336163
101 240 0.004771986044943333
101 320 0.009599989280104637
101 400 0.01524426694959402
102 0 0.010271159000694752
102 80 0.006438542157411575
102 160 0.00568004697561264
102 240 0.007286790758371353
102 320 0.008369363844394684
102 400 0.011709704995155334
103 0 0.009415491484105587
103 80 0.010384779423475266
103 160 0.009786398150026798
103 240 0.004992927424609661
103 320 0.0052589611150324345
103 400 0.0061497981660068035
104 0 0.006753860507160425
104 80 0.005251121707260609
104 160 0.015266472473740578
104 240 0.005841196980327368
104 320 0.007053764536976814
104 400 0.004910189658403397
105 0 0.005868800915777683
105 80 0.005404789466410875
105 160 0.013237392529845238
105 240 0.006238430272787809
105 320 0.012037952430546284
105 400 0.004268154967576265
106 0 0.005335339345037937
106 80 0.006961314007639885
106 160 0.008179958909749985
106 240 0.005171659402549267
106 320 0.017122693359851837
106 400 0.007067334838211536
107 0 0.006262665614485741
107 80 0.00947845634073019
107 160 0.012380236759781837
107 240 0.005332008935511112
107 320 0.0057050371542572975
107 400 0.010634423233568668
108 0 0.00784895196557045
108 80 0.008866816759109497
108 160 0.0050863479264080524
108 240 0.006879673805087805
108 320 0.009499277919530869
108 400 0.005262597929686308
109 0 0.008166217245161533
109 80 0.0020769285038113594
109 160 0.010747585445642471
109 240 0.005596607457846403
109 320 0.007931680418550968
109 400 0.00533136073499918
110 0 0.0025702279526740313
110 80 0.007027036044746637
110 160 0.00572688365355134
110 240 0.008759896270930767
110 320 0.009148993529379368
110 400 0.009800169616937637
111 0 0.005834946874529123
111 80 0.005363034084439278
111 160 0.006017621606588364
111 240 0.003884762292727828
111 320 0.008642671629786491
111 400 0.002848215401172638
112 0 0.003590012202039361
112 80 0.006520878057926893
112 160 0.005860344972461462
112 240 0.007722276262938976
112 320 0.006230662111192942
112 400 0.009229513816535473
113 0 0.007521503604948521
113 80 0.012300402857363224
113 160 0.015255197882652283
113 240 0.0068012685514986515
113 320 0.007503198925405741
113 400 0.004023198504000902
114 0 0.0055381739512085915
114 80 0.0030377055518329144
114 160 0.007848000153899193
114 240 0.01181164849549532
114 320 0.0042626382783055305
114 400 0.0034220863599330187
115 0 0.0056734164245426655
115 80 0.007688457146286964
115 160 0.0055992212146520615
115 240 0.006015683989971876
115 320 0.004118689801543951
115 400 0.005033319815993309
116 0 0.007882587611675262
116 80 0.014338839799165726
116 160 0.007072137203067541
116 240 0.007227107882499695
116 320 0.007957685738801956
116 400 0.003592151217162609
117 0 0.0036236050073057413
117 80 0.00571607006713748
117 160 0.004063074477016926
117 240 0.006861113011837006
117 320 0.008105870336294174
117 400 0.007184475194662809
118 0 0.008999522775411606
118 80 0.004163970239460468
118 160 0.0108968960121274
118 240 0.006088015623390675
118 320 0.003472334938123822
118 400 0.007243416737765074
119 0 0.009355714544653893
119 80 0.003362460294738412
119 160 0.003371545346453786
119 240 0.00831607822328806
119 320 0.004675641655921936
119 400 0.0053574987687170506
120 0 0.00816146470606327
120 80 0.005093185231089592
120 160 0.003962524235248566
120 240 0.00745445815846324
120 320 0.002379103098064661
120 400 0.007329793181270361
121 0 0.005376840475946665
121 80 0.005592504516243935
121 160 0.006366622168570757
121 240 0.004717341624200344
121 320 0.011863566935062408
121 400 0.006335750687867403
122 0 0.004747870843857527
122 80 0.004880624357610941
122 160 0.0037728503812104464
122 240 0.005143939051777124
122 320 0.0064456346444785595
122 400 0.010606466792523861
123 0 0.0021847053430974483
123 80 0.004625279922038317
123 160 0.004947507753968239
123 240 0.006080375052988529
123 320 0.0032758438028395176
123 400 0.004802369512617588
124 0 0.008362323977053165
124 80 0.0035879588685929775
124 160 0.0018685947870835662
124 240 0.008033542893826962
124 320 0.004277832340449095
124 400 0.006288682576268911
125 0 0.004768378101289272
125 80 0.004880398046225309
125 160 0.005706655792891979
125 240 0.004606639035046101
125 320 0.0051416512578725815
125 400 0.00790044479072094
126 0 0.006247693672776222
126 80 0.007340738549828529
126 160 0.006560160778462887
126 240 0.010380642488598824
126 320 0.013224815018475056
126 400 0.0037289070896804333
127 0 0.008327058516442776
127 80 0.006540192756801844
127 160 0.0038286466151475906
127 240 0.002196940127760172
127 320 0.006330810021609068
127 400 0.0050496007315814495
128 0 0.005601206328719854
128 80 0.00467305351048708
128 160 0.007359139621257782
128 240 0.003259857650846243
128 320 0.0052643767558038235
128 400 0.005438163876533508
129 0 0.003890876192599535
129 80 0.006813695654273033
129 160 0.006543225143104792
129 240 0.004443766083568335
129 320 0.004453491419553757
129 400 0.006216723937541246
130 0 0.004716202616691589
130 80 0.0032101853284984827
130 160 0.004639612976461649
130 240 0.006489167455583811
130 320 0.008249292150139809
130 400 0.0073991562239825726
131 0 0.0036019471008330584
131 80 0.0030369930900633335
131 160 0.009096911177039146
131 240 0.0038499811198562384
131 320 0.005035856273025274
131 400 0.007780720479786396
132 0 0.00473175710067153
132 80 0.005398666951805353
132 160 0.006787128746509552
132 240 0.0038871511351317167
132 320 0.005864053964614868
132 400 0.005856490693986416
133 0 0.0045272354036569595
133 80 0.004573918879032135
133 160 0.0034111090935766697
133 240 0.004875545389950275
133 320 0.006322022061794996
133 400 0.008167201653122902
134 0 0.003155017737299204
134 80 0.003892370965331793
134 160 0.006480623967945576
134 240 0.006458079442381859
134 320 0.006585662253201008
134 400 0.003921863157302141
135 0 0.0049558840692043304
135 80 0.0026241231244057417
135 160 0.004991037771105766
135 240 0.008682925254106522
135 320 0.005818654783070087
135 400 0.0021394952200353146
136 0 0.007686132565140724
136 80 0.002100344281643629
136 160 0.007456052117049694
136 240 0.005194332916289568
136 320 0.004449896980077028
136 400 0.00830899178981781
137 0 0.004574327263981104
137 80 0.001891706488095224
137 160 0.0023335572332143784
137 240 0.007401844020932913
137 320 0.004655790980905294
137 400 0.0036424784921109676
138 0 0.0031946434173732996
138 80 0.0019983905367553234
138 160 0.003471572184935212
138 240 0.005240852013230324
138 320 0.0030340729281306267
138 400 0.00365177309140563
139 0 0.008564713411033154
139 80 0.007349482737481594
139 160 0.006269254721701145
139 240 0.0028207709547132254
139 320 0.006371552124619484
139 400 0.005476151593029499
140 0 0.004594538826495409
140 80 0.004352434538304806
140 160 0.004622697364538908
140 240 0.006636516656726599
140 320 0.0024842587299644947
140 400 0.0054740216583013535
141 0 0.0031776833347976208
141 80 0.0027522521559149027
141 160 0.0032923247199505568
141 240 0.006236521527171135
141 320 0.0023025283589959145
141 400 0.005360893439501524
142 0 0.00500963069498539
142 80 0.0036598702426999807
142 160 0.011068609543144703
142 240 0.00242278422228992
142 320 0.00453265942633152
142 400 0.0050881970673799515
143 0 0.003582538804039359
143 80 0.006957759149372578
143 160 0.0035755159333348274
143 240 0.005805118475109339
143 320 0.010689491406083107
143 400 0.004220427479594946
144 0 0.005829155910760164
144 80 0.0030273005831986666
144 160 0.004730704240500927
144 240 0.0036341077648103237
144 320 0.005368683021515608
144 400 0.005467758048325777
145 0 0.004659522790461779
145 80 0.002524629235267639
145 160 0.004290727432817221
145 240 0.004144475795328617
145 320 0.011775285936892033
145 400 0.0035932897590100765
146 0 0.0022104738745838404
146 80 0.007142624817788601
146 160 0.0016818398144096136
146 240 0.002838140120729804
146 320 0.002665061503648758
146 400 0.0053528849966824055
147 0 0.004125877283513546
147 80 0.004666097927838564
147 160 0.0062981415539979935
147 240 0.0036050225608050823
147 320 0.0044214120134711266
147 400 0.0027500204741954803
148 0 0.0031461198814213276
148 80 0.0037213494069874287
148 160 0.00250189658254385
148 240 0.0053157503716647625
148 320 0.0016008729580789804
148 400 0.008258696645498276
149 0 0.004878417123109102
149 80 0.0030904284212738276
149 160 0.002457654569298029
149 240 0.0043917009606957436
149 320 0.002803117735311389
149 400 0.003305533668026328
150 0 0.004309832118451595
150 80 0.004546886309981346
150 160 0.004256781190633774
150 240 0.004119512625038624
150 320 0.0049457065761089325
150 400 0.004782171454280615
151 0 0.004153934307396412
151 80 0.005496712401509285
151 160 0.003922522999346256
151 240 0.004359060432761908
151 320 0.002532436279579997
151 400 0.0037029150407761335
152 0 0.0031476484145969152
152 80 0.005324362311512232
152 160 0.0028567377012223005
152 240 0.0037496367003768682
152 320 0.004405203741043806
152 400 0.005479694809764624
153 0 0.004762002732604742
153 80 0.0016275651287287474
153 160 0.005971401929855347
153 240 0.00902016181498766
153 320 0.0038097312208265066
153 400 0.003754184814170003
154 0 0.002417641459032893
154 80 0.004067661706358194
154 160 0.004135241732001305
154 240 0.008021562360227108
154 320 0.003107859753072262
154 400 0.004270045552402735
155 0 0.004801431205123663
155 80 0.0035944890696555376
155 160 0.004998944699764252
155 240 0.006362010724842548
155 320 0.005350122228264809
155 400 0.0036419706884771585
156 0 0.0045118797570466995
156 80 0.0033440985716879368
156 160 0.005605532322078943
156 240 0.0013902632053941488
156 320 0.006668824702501297
156 400 0.002649966161698103
157 0 0.0027496854308992624
157 80 0.0029531754553318024
157 160 0.0033525379840284586
157 240 0.00610490795224905
157 320 0.004860098473727703
157 400 0.004956056829541922
158 0 0.0036462468560785055
158 80 0.002491413615643978
158 160 0.003561621531844139
158 240 0.003352216212078929
158 320 0.006336938124150038
158 400 0.002305896719917655
159 0 0.003235713578760624
159 80 0.00205871369689703
159 160 0.0040872483514249325
159 240 0.005020638927817345
159 320 0.0069588301703333855
159 400 0.0035102451220154762
160 0 0.0027901092544198036
160 80 0.0028991294093430042
160 160 0.005642524920403957
160 240 0.0036072563380002975
160 320 0.0037370536010712385
160 400 0.0020579176489263773
161 0 0.00398163590580225
161 80 0.003024164354428649
161 160 0.004424657206982374
161 240 0.0031383405439555645
161 320 0.004718232899904251
161 400 0.002785702235996723
162 0 0.004437941592186689
162 80 0.002201150171458721
162 160 0.0035340881440788507
162 240 0.0046018981374800205
162 320 0.0034164877142757177
162 400 0.0018917423440143466
163 0 0.0024227253161370754
163 80 0.005636787507683039
163 160 0.004745203070342541
163 240 0.003707122290506959
163 320 0.007357312832027674
163 400 0.00442481180652976
164 0 0.000992820248939097
164 80 0.004324149806052446
164 160 0.006510691251605749
164 240 0.003631739877164364
164 320 0.002070542424917221
164 400 0.003820581827312708
165 0 0.0032965855207294226
165 80 0.0050025382079184055
165 160 0.005939852446317673
165 240 0.002165301237255335
165 320 0.0048222108744084835
165 400 0.0041177826933562756
166 0 0.004404032602906227
166 80 0.002708595246076584
166 160 0.0043737092055380344
166 240 0.002393260132521391
166 320 0.0034772020298987627
166 400 0.0026995691005140543
167 0 0.002336682053282857
167 80 0.00347942765802145
167 160 0.001418790314346552
167 240 0.0021810599137097597
167 320 0.0028819660656154156
167 400 0.0020579518750309944
168 0 0.0040215542539954185
168 80 0.003682703012600541
168 160 0.00313276844099164
168 240 0.0033539412543177605
168 320 0.0026852674782276154
168 400 0.0027620503678917885
169 0 0.0057803052477538586
169 80 0.002449912717565894
169 160 0.0027760372031480074
169 240 0.002607163041830063
169 320 0.006570151541382074
169 400 0.0029631766956299543
170 0 0.0028465096838772297
170 80 0.006013812962919474
170 160 0.0017707591177895665
170 240 0.001925319666042924
170 320 0.007639164570719004
170 400 0.003997273743152618
171 0 0.003959478810429573
171 80 0.003905624384060502
171 160 0.0015135438879951835
171 240 0.0023039402440190315
171 320 0.005149588920176029
171 400 0.0011502326233312488
172 0 0.003775921883061528
172 80 0.0028264259453862906
172 160 0.0012656230246648192
172 240 0.0024509720969945192
172 320 0.0031621181406080723
172 400 0.003792284522205591
173 0 0.0061680832877755165
173 80 0.00249910238198936
173 160 0.003287400584667921
173 240 0.0023094587959349155
173 320 0.0029878783971071243
173 400 0.0022577859926968813
174 0 0.003405526513233781
174 80 0.004925856366753578
174 160 0.003778357058763504
174 240 0.0031407137867063284
174 320 0.005336144473403692
174 400 0.0007679927512072027
175 0 0.0029479474760591984
175 80 0.002924514701589942
175 160 0.0031845574267208576
175 240 0.004309474024921656
175 320 0.002438197610899806
175 400 0.0011452807812020183
176 0 0.0031195234041661024
176 80 0.002293452387675643
176 160 0.002131253946572542
176 240 0.0014478262746706605
176 320 0.005888117011636496
176 400 0.004414571449160576
177 0 0.004111515823751688
177 80 0.0027975228149443865
177 160 0.0037401437293738127
177 240 0.002753031672909856
177 320 0.0046143122017383575
177 400 0.0030459663830697536
178 0 0.0026048694271594286
178 80 0.003684739116579294
178 160 0.004002117086201906
178 240 0.004005254711955786
178 320 0.004191051237285137
178 400 0.002332092262804508
179 0 0.003139657201245427
179 80 0.004172692075371742
179 160 0.0025084440130740404
179 240 0.003847202518954873
179 320 0.0038756700232625008
179 400 0.004789254162460566
180 0 0.0057565574534237385
180 80 0.0019742134027183056
180 160 0.003479389473795891
180 240 0.0051206424832344055
180 320 0.0023870905861258507
180 400 0.0055379364639520645
181 0 0.003172690747305751
181 80 0.0033790147863328457
181 160 0.0029133742209523916
181 240 0.004393856506794691
181 320 0.0019873343408107758
181 400 0.0026175256352871656
182 0 0.003361012553796172
182 80 0.001751577714458108
182 160 0.003535392228513956
182 240 0.004436802119016647
182 320 0.0032661627046763897
182 400 0.001920436741784215
183 0 0.005135728046298027
183 80 0.004221848677843809
183 160 0.0033323627430945635
183 240 0.00283565535210073
183 320 0.0044862134382128716
183 400 0.004487813916057348
184 0 0.003241542261093855
184 80 0.0026363267097622156
184 160 0.003100890200585127
184 240 0.005281210411339998
184 320 0.004407424479722977
184 400 0.0023448460269719362
185 0 0.004588814917951822
185 80 0.003732881508767605
185 160 0.002844966482371092
185 240 0.002688479144126177
185 320 0.002752847969532013
185 400 0.0026392843574285507
186 0 0.004214906133711338
186 80 0.0037458876613527536
186 160 0.003252089489251375
186 240 0.004404354840517044
186 320 0.002178439637646079
186 400 0.00468304380774498
187 0 0.0030726315453648567
187 80 0.002267424948513508
187 160 0.0025196729693561792
187 240 0.00333323422819376
187 320 0.003336602356284857
187 400 0.0030566114000976086
188 0 0.0024499758146703243
188 80 0.0012462290469557047
188 160 0.005695019382983446
188 240 0.002654843032360077
188 320 0.002880619140341878
188 400 0.0041293008252978325
189 0 0.0027402203995734453
189 80 0.00454443134367466
189 160 0.004235046915709972
189 240 0.0020403724629431963
189 320 0.004676505457609892
189 400 0.0042868489399552345
190 0 0.0018425444141030312
190 80 0.0027020960114896297
190 160 0.0021175744477659464
190 240 0.0027113629039376974
190 320 0.0035345708020031452
190 400 0.002330979099497199
191 0 0.0022313070949167013
191 80 0.002168936189264059
191 160 0.004144399426877499
191 240 0.005772641394287348
191 320 0.0015193462604656816
191 400 0.0034463098272681236
192 0 0.0022567149717360735
192 80 0.002677160082384944
192 160 0.0016350606456398964
192 240 0.0017039577942341566
192 320 0.004272320307791233
192 400 0.003820412326604128
193 0 0.003031127154827118
193 80 0.003121414687484503
193 160 0.004827472846955061
193 240 0.0032999624963849783
193 320 0.0012036287225782871
193 400 0.0020965072326362133
194 0 0.0030327406711876392
194 80 0.002900708233937621
194 160 0.00474205007776618
194 240 0.0022868504747748375
194 320 0.002709876513108611
194 400 0.0028741832356899977
195 0 0.0010872897692024708
195 80 0.0025779004208743572
195 160 0.003006154904142022
195 240 0.002447151578962803
195 320 0.00219310587272048
195 400 0.0004425915831234306
196 0 0.0027206530794501305
196 80 0.003484710119664669
196 160 0.0027300191577523947
196 240 0.004117161966860294
196 320 0.0016619079979136586
196 400 0.0031272058840841055
197 0 0.002109568566083908
197 80 0.002195023698732257
197 160 0.003977904096245766
197 240 0.0024938511196523905
197 320 0.003848834428936243
197 400 0.0018865647725760937
198 0 0.002980415942147374
198 80 0.0021731178276240826
198 160 0.002204680582508445
198 240 0.0033555685076862574
198 320 0.003103728638961911
198 400 0.0036182496696710587
199 0 0.004121477250009775
199 80 0.0033468478359282017
199 160 0.0029322023037821054
199 240 0.0018680214416235685
199 320 0.0032349051907658577
199 400 0.003609995124861598
200 0 0.004566480405628681
200 80 0.0020519800018519163
200 160 0.0021307829301804304
200 240 0.0037082035560160875
200 320 0.0027111994568258524
200 400 0.0021432614885270596
201 0 0.0024947491474449635
201 80 0.004116308409720659
201 160 0.0022725099697709084
201 240 0.002977439435198903
201 320 0.0012174631701782346
201 400 0.0027468481566756964
202 0 0.0030025700107216835
202 80 0.0017148288898169994
202 160 0.003009786596521735
202 240 0.004558548331260681
202 320 0.0034165673423558474
202 400 0.003742649918422103
203 0 0.0023070070892572403
203 80 0.002810176694765687
203 160 0.003254776820540428
203 240 0.0015659653581678867
203 320 0.0022037725429981947
203 400 0.002996552735567093
204 0 0.0022366393823176622
204 80 0.00414308300241828
204 160 0.0027327395509928465
204 240 0.0027872794307768345
204 320 0.0021434566006064415
204 400 0.002774797845631838
205 0 0.0024590552784502506
205 80 0.001575367758050561
205 160 0.0023386329412460327
205 240 0.0030652941204607487
205 320 0.0028789069037884474
205 400 0.0015661779325455427
206 0 0.003768074093386531
206 80 0.0026829508133232594
206 160 0.0019531244179233909
206 240 0.0027306315023452044
206 320 0.0014534535584971309
206 400 0.00357061973772943
207 0 0.0022195240017026663
207 80 0.0027005181182175875
207 160 0.0013300857972353697
207 240 0.0051155597902834415
207 320 0.0022751670330762863
207 400 0.002246733522042632
208 0 0.002183010568842292
208 80 0.0022113036829978228
208 160 0.0029313841369003057
208 240 0.002434425288811326
208 320 0.0024158875457942486
208 400 0.0022263191640377045
209 0 0.003260769648477435
209 80 0.0033686624374240637
209 160 0.0019846991635859013
209 240 0.0019525984534993768
209 320 0.0021530534140765667
209 400 0.0023189440835267305
210 0 0.0027407400775700808
210 80 0.001333146239630878
210 160 0.0021483278833329678
210 240 0.003860018216073513
210 320 0.0016853718552738428
210 400 0.0027015660889446735
211 0 0.0034219701774418354
211 80 0.002322994638234377
211 160 0.004742647521197796
211 240 0.0024418144021183252
211 320 0.002782591851428151
211 400 0.001658731373026967
212 0 0.0032035456970334053
212 80 0.001416768878698349
212 160 0.002506435615941882
212 240 0.0014102060813456774
212 320 0.001309818821027875
212 400 0.0029996391385793686
213 0 0.002577402861788869
213 80 0.0027167475782334805
213 160 0.0013050815323367715
213 240 0.0025177604984492064
213 320 0.003636439796537161
213 400 0.002378202974796295
214 0 0.001498491852544248
214 80 0.001711003016680479
214 160 0.0025962088257074356
214 240 0.0025649394374340773
214 320 0.003117365064099431
214 400 0.0017319261096417904
215 0 0.0035068048164248466
215 80 0.002906697802245617
215 160 0.0035623216535896063
215 240 0.003387694712728262
215 320 0.0025345957837998867
215 400 0.0029972651973366737
216 0 0.002802804345265031
216 80 0.002223435090854764
216 160 0.0012909875949844718
216 240 0.001972881378605962
216 320 0.005144772585481405
216 400 0.002905941102653742
217 0 0.0027074331883341074
217 80 0.0026683711912482977
217 160 0.0036638248711824417
217 240 0.001478469232097268
217 320 0.0017723013879731297
217 400 0.001410175347700715
218 0 0.0020521595142781734
218 80 0.0025074249133467674
218 160 0.0019464509095996618
218 240 0.002492714673280716
218 320 0.003055132692679763
218 400 0.002583915600553155
219 0 0.001519754878245294
219 80 0.0032365384977310896
219 160 0.0015103424666449428
219 240 0.002301369095221162
219 320 0.004645935259759426
219 400 0.0021460987627506256
220 0 0.0025195060297846794
220 80 0.00275352131575346
220 160 0.003210623050108552
220 240 0.0018292468739673495
220 320 0.001533779315650463
220 400 0.0025772906374186277
221 0 0.0011983755975961685
221 80 0.0013792021200060844
221 160 0.0024910045322030783
221 240 0.0031866279896348715
221 320 0.003595806658267975
221 400 0.0018986681243404746
222 0 0.0010600037639960647
222 80 0.00250073429197073
222 160 0.0020139524713158607
222 240 0.002389518776908517
222 320 0.0014320147456601262
222 400 0.002585369162261486
223 0 0.0034035947173833847
223 80 0.0013795417034998536
223 160 0.0014565371675416827
223 240 0.002233073115348816
223 320 0.0030144578777253628
223 400 0.0020345754455775023
224 0 0.002360104350373149
224 80 0.0019860384054481983
224 160 0.0017637577839195728
224 240 0.0017250585369765759
224 320 0.0020144686568528414
224 400 0.002974438015371561
225 0 0.002679661847651005
225 80 0.0019889676477760077
225 160 0.0026595224626362324
225 240 0.0032118093222379684
225 320 0.0019885122310370207
225 400 0.0038445009849965572
226 0 0.001919840811751783
226 80 0.0011467005824670196
226 160 0.004155158065259457
226 240 0.0012028809869661927
226 320 0.0025774682871997356
226 400 0.0010301796719431877
227 0 0.0025856392458081245
227 80 0.0019794870167970657
227 160 0.002404063008725643
227 240 0.0015212801517918706
227 320 0.0009951989632099867
227 400 0.0023931830655783415
228 0 0.003411903977394104
228 80 0.0017568200128152966
228 160 0.001808597706258297
228 240 0.0022159977816045284
228 320 0.0017087500309571624
228 400 0.0023148604668676853
229 0 0.0020747529342770576
229 80 0.0019342186860740185
229 160 0.0007006508531048894
229 240 0.0005355600151233375
229 320 0.003010993590578437
229 400 0.0026260048616677523
230 0 0.001631495077162981
230 80 0.001776831573806703
230 160 0.002438054885715246
230 240 0.0014623620081692934
230 320 0.0021244334056973457
230 400 0.0035243353340774775
231 0 0.0019183717668056488
231 80 0.0014076101360842586
231 160 0.0013824396301060915
231 240 0.00207627285271883
231 320 0.0022664833813905716
231 400 0.002710350789129734
232 0 0.0021387948654592037
232 80 0.003339693881571293
232 160 0.0018606972880661488
232 240 0.0017779526533558965
232 320 0.0024637237656861544
232 400 0.00211248267441988
233 0 0.0030168986413627863
233 80 0.0013367710635066032
233 160 0.0026414203457534313
233 240 0.004298781510442495
233 320 0.0008446077699773014
233 400 0.002183234319090843
234 0 0.0012809957843273878
234 80 0.0017818149644881487
234 160 0.0020300818141549826
234 240 0.0034311278723180294
234 320 0.003131240140646696
234 400 0.0014284952776506543
235 0 0.00302421348169446
235 80 0.003142080968245864
235 160 0.002803701674565673
235 240 0.0036834590137004852
235 320 0.0024932704400271177
235 400 0.0017923705745488405
236 0 0.0023458069190382957
236 80 0.0014996195677667856
236 160 0.0042789471335709095
236 240 0.004152481909841299
236 320 0.0016526301624253392
236 400 0.003988686483353376
237 0 0.002487299731001258
237 80 0.0017439441289752722
237 160 0.0014066098956391215
237 240 0.0018087209900841117
237 320 0.0018721685046330094
237 400 0.0019196642097085714
238 0 0.0029647815972566605
238 80 0.002694085007533431
238 160 0.0011853014584630728
238 240 0.0023166113533079624
238 320 0.0027380273677408695
238 400 0.0021840687841176987
239 0 0.000700838805641979
239 80 0.001801628153771162
239 160 0.0016281751450151205
239 240 0.0023056170903146267
239 320 0.001772840041667223
239 400 0.003075596410781145
240 0 0.0026755500584840775
240 80 0.0024025249294936657
240 160 0.0015154340071603656
240 240 0.0021201728377491236
240 320 0.0020158623810857534
240 400 0.0029391422867774963
241 0 0.0027916368562728167
241 80 0.0013088054256513715
241 160 0.0028620362281799316
241 240 0.002774245338514447
241 320 0.0021970171947032213
241 400 0.0020127827301621437
242 0 0.0033670009579509497
242 80 0.0003736694634426385
242 160 0.0016388616058975458
242 240 0.002770127495750785
242 320 0.0031587337143719196
242 400 0.0026985337026417255
243 0 0.00197274936363101
243 80 0.0017978366231545806
243 160 0.0028298681136220694
243 240 0.002440630691125989
243 320 0.0021656816825270653
243 400 0.0022291592322289944
244 0 0.0015922612510621548
244 80 0.0020985628943890333
244 160 0.0025592276360839605
244 240 0.0026572339702397585
244 320 0.0018201099010184407
244 400 0.0020906669087707996
245 0 0.003439125372096896
245 80 0.001653069513849914
245 160 0.0014567538164556026
245 240 0.0008553735679015517
245 320 0.0008464628481306136
245 400 0.0029614167287945747
246 0 0.0019238112727180123
246 80 0.0025551761500537395
246 160 0.002379586221650243
246 240 0.0028469604440033436
246 320 0.0029778219759464264
246 400 0.0016775679541751742
247 0 0.0017407431732863188
247 80 0.001986362272873521
247 160 0.0017051504692062736
247 240 0.0018805338768288493
247 320 0.003715852741152048
247 400 0.0011514055076986551
248 0 0.0013278694823384285
248 80 0.0019215192878618836
248 160 0.0028023270424455404
248 240 0.0032811861019581556
248 320 0.0012258109636604786
248 400 0.0008241316536441445
249 0 0.0014262520708143711
249 80 0.0025071778800338507
249 160 0.0011366179678589106
249 240 0.0018892188090831041
249 320 0.0017542996210977435
249 400 0.0019084584200754762
250 0 0.0015412451466545463
250 80 0.0021788112353533506
250 160 0.002763888565823436
250 240 0.0027490616776049137
250 320 0.002003046218305826
250 400 0.002630198374390602
251 0 0.0031908212695270777
251 80 0.0015771223697811365
251 160 0.0012249385472387075
251 240 0.0010807235958054662
251 320 0.0015201923670247197
251 400 0.0020779194310307503
252 0 0.0016931039281189442
252 80 0.0005700476467609406
252 160 0.002365348394960165
252 240 0.0011597569100558758
252 320 0.0019774024840444326
252 400 0.002034513046965003
253 0 0.001144806039519608
253 80 0.0026268556248396635
253 160 0.0017440555384382606
253 240 0.0017109584296122193
253 320 0.0013756826519966125
253 400 0.0021720631048083305
254 0 0.0010244330624118447
254 80 0.0019095188472419977
254 160 0.0020303961355239153
254 240 0.001328298239968717
254 320 0.003283087396994233
254 400 0.002079733181744814
255 0 0.0018574036657810211
255 80 0.0026312696281820536
255 160 0.001865252386778593
255 240 0.0026639513671398163
255 320 0.002055798191577196
255 400 0.0015289172297343612
256 0 0.00163188052829355
256 80 0.0016947223339229822
256 160 0.0014772741124033928
256 240 0.0005302929785102606
256 320 0.0021319950465112925
256 400 0.0032752875704318285
257 0 0.0006027452182024717
257 80 0.0021184899378567934
257 160 0.0028399270959198475
257 240 0.0018277006456628442
257 320 0.0015079648001119494
257 400 0.0018835457740351558
258 0 0.002339382190257311
258 80 0.0011783103691413999
258 160 0.0014507579617202282
258 240 0.0022961506620049477
258 320 0.0018301464151591063
258 400 0.0021930180955678225
259 0 0.0020864142570644617
259 80 0.001105966162867844
259 160 0.0017663880717009306
259 240 0.0034046978689730167
259 320 0.0017565907910466194
259 400 0.0020078178495168686
260 0 0.0013191114412620664
260 80 0.002903240965679288
260 160 0.0021228152327239513
260 240 0.0017987656174227595
260 320 0.0027742250822484493
260 400 0.0020503706764429808
261 0 0.001853493507951498
261 80 0.0016066993121057749
261 160 0.002822966780513525
261 240 0.001826981664635241
261 320 0.002412233268842101
261 400 0.0021964004263281822
262 0 0.0022682207636535168
262 80 0.001432189717888832
262 160 0.002245105104520917
262 240 0.002237080130726099
262 320 0.002375280484557152
262 400 0.0017571812495589256
263 0 0.0011950100306421518
263 80 0.002033334458246827
263 160 0.0014971743803471327
263 240 0.0012293070321902633
263 320 0.0014007983263581991
263 400 0.002842254936695099
264 0 0.0011276563163846731
264 80 0.0010854911524802446
264 160 0.0023116227239370346
264 240 0.0010454626753926277
264 320 0.002646605484187603
264 400 0.0024806444998830557
265 0 0.001429118332453072
265 80 0.0009653379092924297
265 160 0.001609686529263854
265 240 0.003293497022241354
265 320 0.003069056198000908
265 400 0.0016695497324690223
266 0 0.0010115139884874225
266 80 0.0026527736335992813
266 160 0.002958420431241393
266 240 0.0014512023190036416
266 320 0.0042128232307732105
266 400 0.0026511242613196373
267 0 0.0012432674411684275
267 80 0.0015243507223203778
267 160 0.0010246334131807089
267 240 0.0021936390548944473
267 320 0.0006804667646065354
267 400 0.0012142136693000793
268 0 0.001591002568602562
268 80 0.002767222234979272
268 160 0.0016506747342646122
268 240 0.0016521346988156438
268 320 0.001967719756066799
268 400 0.0017476925859227777
269 0 0.0018431826028972864
269 80 0.0017595120007172227
269 160 0.002294965786859393
269 240 0.0018382139969617128
269 320 0.0021028134506195784
269 400 0.0017371649155393243
270 0 0.0027517934795469046
270 80 0.001939660869538784
270 160 0.0026419342029839754
270 240 0.002279249718412757
270 320 0.0008698810124769807
270 400 0.0011150812497362494
271 0 0.0019067361718043685
271 80 0.001879808260127902
271 160 0.00094402622198686
271 240 0.0019293158547952771
271 320 0.0014134140219539404
271 400 0.0005144202732481062
272 0 0.0020691819954663515
272 80 0.0020898564253002405
272 160 0.0008020000532269478
272 240 0.0011283302446827292
272 320 0.002147733001038432
272 400 0.00250950176268816
273 0 0.0021659901831299067
273 80 0.002432016422972083
273 160 0.0016375627601519227
273 240 0.0021261440124362707
273 320 0.0015384628204628825
273 400 0.001269167405553162
274 0 0.0007773440447635949
274 80 0.0035351694095879793
274 160 0.0019896479789167643
274 240 0.0013128456193953753
274 320 0.002365784253925085
274 400 0.0013357122661545873
275 0 0.0019966333638876677
275 80 0.0020945032592862844
275 160 0.0016372096724808216
275 240 0.002689710818231106
275 320 0.0016193792689591646
275 400 0.0007682482246309519
276 0 0.0019522380316630006
276 80 0.001774557982571423
276 160 0.002446036785840988
276 240 0.0014175940304994583
276 320 0.001604046206921339
276 400 0.0018588848179206252
277 0 0.0016520738136023283
277 80 0.0016832700930535793
277 160 0.0013938270276412368
277 240 0.0014436267083510756
277 320 0.0020424278918653727
277 400 0.0006285397103056312
278 0 0.001935741864144802
278 80 0.0012220870703458786
278 160 0.001399192726239562
278 240 0.002019836800172925
278 320 0.0013213303172960877
278 400 0.0006958310841582716
279 0 0.0013295101234689355
279 80 0.0017226861091330647
279 160 0.0010736528784036636
279 240 0.0012644114904105663
279 320 0.001019787508994341
279 400 0.0008161845616996288
280 0 0.000813409045804292
280 80 0.002748361323028803
280 160 0.0014034187188372016
280 240 0.00227067107334733
280 320 0.0016319527057930827
280 400 0.0019790586084127426
281 0 0.0017665536142885685
281 80 0.002097000367939472
281 160 0.0014365301467478275
281 240 0.0009288964211009443
281 320 0.0015937874559313059
281 400 0.001024774624966085
282 0 0.0016680590342730284
282 80 0.0017633631359785795
282 160 0.0019967956468462944
282 240 0.0019451553234830499
282 320 0.0013982984237372875
282 400 0.001988491043448448
283 0 0.0015595585573464632
283 80 0.001526571111753583
283 160 0.0033304449170827866
283 240 0.0014203344471752644
283 320 0.0007865458028391004
283 400 0.0027524579782038927
284 0 0.0012693313183262944
284 80 0.0016968190902844071
284 160 0.0010201073018833995
284 240 0.0020224791951477528
284 320 0.0024222175125032663
284 400 0.0019012715201824903
285 0 0.004887610208243132
285 80 0.0018742310348898172
285 160 0.0025910569820553064
285 240 0.002548934193328023
285 320 0.0016043275827541947
285 400 0.0011251965770497918
286 0 0.002258026972413063
286 80 0.0019559047650545835
286 160 0.002578942570835352
286 240 0.002399879042059183
286 320 0.002047138288617134
286 400 0.0010151134338229895
287 0 0.0009949627565219998
287 80 0.0009895246475934982
287 160 0.001913483371026814
287 240 0.0016541735967621207
287 320 0.002024562330916524
287 400 0.0022179412189871073
288 0 0.0013998845824971795
288 80 0.002605775836855173
288 160 0.0013485654490068555
288 240 0.001803369726985693
288 320 0.0010559376096352935
288 400 0.0017334461444988847
289 0 0.001273964298889041
289 80 0.0016355315456166863
289 160 0.003107493743300438
289 240 0.0012776199728250504
289 320 0.0016973959282040596
289 400 0.0010832827538251877
290 0 0.002471337327733636
290 80 0.002285764319822192
