1 0.4347208479065885 0.87395
2 0.24448355184053816 0.9310333333333334
3 0.2010345756213294 0.94415
4 0.17464314928568248 0.95125
5 0.15584015804948584 0.9565666666666667
6 0.141229364322002 0.9608333333333333
7 0.12948450414356646 0.9646666666666667
8 0.11984512136816215 0.9672833333333334
9 0.11159931251934088 0.96955
10 0.10476076753853734 0.9720833333333333
11 0.09850442990946617 0.97355
12 0.09308632034689251 0.9753166666666667
13 0.08809020261425199 0.9769166666666667
14 0.08387372277772376 0.9776666666666667
15 0.0799162478597243 0.9787666666666667
16 0.07634430554216859 0.9798833333333333
17 0.0728665623408772 0.9809
18 0.069967334105103 0.9820166666666666
19 0.0670262172516348 0.98275
20 0.06449432115056622 0.98365
21 0.06189411601373382 0.98445
22 0.059718199316531356 0.9849333333333333
23 0.05748166996183426 0.9858333333333333
24 0.05549376222616764 0.9861
25 0.053608088047186066 0.98705
26 0.05190670506349568 0.98755
27 0.050117196920298056 0.9881333333333333
28 0.048555768770116095 0.9886666666666667
29 0.046993214944834265 0.9886333333333334
30 0.045559678578189315 0.9896
31 0.044146351129023126 0.9896166666666667
32 0.04281568538937678 0.9900666666666667
33 0.0416009092081918 0.9905166666666667
34 0.04037761981132379 0.9909333333333333
35 0.03919462913047594 0.99115
36 0.03816104442802574 0.9914
37 0.03712078803447264 0.9917166666666667
38 0.03610271644562101 0.99215
39 0.03514091121846997 0.9926166666666667
40 0.03416924437543731 0.9929333333333333
41 0.033313569043880144 0.9930666666666667
42 0.032465944157988785 0.99335
43 0.031654394367761386 0.9935333333333334
44 0.030838094872118693 0.9938833333333333
45 0.030056215326256082 0.9939833333333333
46 0.029368515411364055 0.9942166666666666
47 0.02853790008083685 0.9946333333333334
48 0.027972736292635834 0.9946
49 0.027302802765745916 0.9950333333333333
50 0.026648110577038357 0.9951166666666666
51 0.026037388769135292 0.9952833333333333
52 0.025424216061766976 0.9953833333333333
53 0.024882496257167635 0.9955666666666667
54 0.024292379251317872 0.9958333333333333
55 0.0237098671441306 0.9959166666666667
56 0.023255582696307443 0.9961333333333333
57 0.022693993663713177 0.9964
58 0.022280386766232153 0.9965
59 0.02177832065932532 0.9965833333333334
60 0.0213260312280707 0.9966666666666667
61 0.020868454804655902 0.9967833333333334
62 0.020432499228422638 0.9970333333333333
63 0.02002431254889538 0.997
64 0.019612706341802566 0.9971666666666666
65 0.01925121839426315 0.9973333333333333
66 0.018831997445579975 0.9974666666666666
67 0.018489412103058784 0.9975
68 0.01811758272830389 0.9977166666666667
69 0.01774337138138664 0.9978333333333333
70 0.017427767119082466 0.9980166666666667
71 0.01705862462832364 0.9980666666666667
72 0.01675690691530911 0.9981333333333333
73 0.016460119494433597 0.99815
74 0.01612731649119383 0.9982
75 0.015874817382607823 0.9982833333333333
76 0.015559209453593344 0.9983666666666666
77 0.015316699339108649 0.9983666666666666
78 0.014998962970148685 0.9985166666666667
79 0.014764221548450305 0.9985166666666667
80 0.014519536399594279 0.9985666666666667
81 0.014260769805817334 0.9987833333333334
82 0.013984675774338848 0.9988
83 0.013764351065248759 0.99875
84 0.013539756671078741 0.9988
85 0.013314985027755183 0.9988833333333333
86 0.013085681998701111 0.9988333333333334
87 0.012879350725541522 0.9989833333333333
88 0.012677867713171854 0.99895
89 0.012431366976771527 0.9990833333333333
90 0.012248716613988696 0.99905
91 0.012056348208429367 0.99915
92 0.011882600170482736 0.99915
93 0.011679923966098061 0.9991333333333333
94 0.011517878480331064 0.9992333333333333
95 0.011354786474932866 0.9992
96 0.011180641256205277 0.9991666666666666
97 0.0109784668400836 0.9993333333333333
98 0.010840234752279769 0.9993166666666666
99 0.010688576913837875 0.99935
100 0.010514737133171036 0.9993166666666666
101 0.010356889564547934 0.9993333333333333
102 0.01021379887311062 0.9994166666666666
103 0.01005717337693471 0.99945
104 0.00993147693169333 0.9995
105 0.00978975198236602 0.9995833333333334
106 0.009651532477593974 0.99955
107 0.0095107136358783 0.9995333333333334
108 0.00938872244260681 0.9995833333333334
109 0.009247105571874248 0.9996166666666667
110 0.009133858586858109 0.9996166666666667
111 0.00901829066680375 0.99965
112 0.008903182921871575 0.9996333333333334
113 0.008776979043837518 0.9997166666666667
114 0.008672680446643755 0.9996833333333334
115 0.008558028872543847 0.9997333333333334
116 0.008444722514968913 0.9996833333333334
117 0.008315808941492997 0.99975
118 0.008209180635417989 0.9997166666666667
119 0.008135080043135135 0.9997166666666667
120 0.008008849712263452 0.9997666666666667
121 0.00790976780577938 0.99975
122 0.007813516014348914 0.99975
123 0.007737467475761689 0.99975
124 0.007638435583931011 0.9997833333333334
125 0.007532070531372799 0.9997666666666667
126 0.00745554842940494 0.9998333333333334
127 0.007368728173459803 0.9998333333333334
128 0.007274829359826392 0.9997833333333334
129 0.0071843933832368995 0.9998166666666667
130 0.007112994085379771 0.9998166666666667
131 0.007020553030860004 0.9998166666666667
132 0.006943562427468138 0.9998666666666667
133 0.006873532649634013 0.99985
134 0.0067861837154722954 0.9998666666666667
135 0.006714099666911926 0.9998666666666667
136 0.0066457386612634 0.9998833333333333
137 0.006580394609813402 0.9998666666666667
138 0.006498066342320603 0.9998666666666667
139 0.006431032490453867 0.9998666666666667
140 0.006362124836183528 0.9998666666666667
141 0.006297272584859783 0.9998666666666667
142 0.006221333816488668 0.9998833333333333
143 0.006167281943776492 0.9998833333333333
144 0.006099219202125536 0.9998833333333333
145 0.006030865035194562 0.9999
146 0.0059753865259749165 0.9999
147 0.005910945601010723 0.9999166666666667
148 0.005844938144810609 0.9999333333333333
149 0.005785380160487664 0.9999166666666667
150 0.0057369972341386145 0.9999166666666667
151 0.0056825973066701885 0.99995
152 0.005624504156484167 0.99995
153 0.005565977090153534 0.9999666666666667
154 0.005510726121878788 0.99995
155 0.005450565640234759 0.9999666666666667
156 0.005409113352627817 0.9999666666666667
157 0.005354806335011461 0.99995
158 0.005298846321347267 0.99995
159 0.005259077492376555 0.99995
160 0.005213811466130795 0.9999666666666667
161 0.00515174341828886 0.9999833333333333
162 0.005112521396056295 0.9999666666666667
163 0.005064442808648496 0.9999833333333333
164 0.005020645746180831 0.9999833333333333
165 0.004976993772451446 0.9999833333333333
166 0.004931670657025456 0.9999833333333333
167 0.004883797636736176 0.9999833333333333
168 0.004845444010501143 0.9999833333333333
169 0.004803074865109488 0.9999833333333333
170 0.00475982550421416 0.9999833333333333
171 0.004721171541838472 0.9999833333333333
172 0.004672271708872463 0.9999833333333333
173 0.004631983414878135 0.9999833333333333
174 0.0046008604110530345 0.9999833333333333
175 0.004563624274853403 0.9999833333333333
176 0.0045232201175792 0.9999833333333333
177 0.004482436825140024 0.9999833333333333
178 0.004450017749307069 0.9999833333333333
179 0.004405704794947042 0.9999833333333333
180 0.004373621024530945 0.9999833333333333
181 0.0043418718291434654 0.9999833333333333
182 0.00430379499212654 0.9999833333333333
183 0.004271594398190329 0.9999833333333333
184 0.004242882579947307 0.9999833333333333
185 0.004205213066241118 0.9999833333333333
186 0.004166114674722239 0.9999833333333333
187 0.0041398455540010174 0.9999833333333333
188 0.004096923691621706 1.0
189 0.004078871724300031 0.9999833333333333
190 0.004041753523151027 1.0
191 0.004011799008828768 0.9999833333333333
192 0.003986636656639315 0.9999833333333333
193 0.00394989662532653 1.0
194 0.00392470062290356 1.0
195 0.0038922055854525633 1.0
196 0.0038647081519016372 0.9999833333333333
197 0.0038386024715903124 1.0
198 0.0038055058573432236 1.0
199 0.0037807118370265227 1.0
200 0.003755605337507864 1.0
201 0.003722071843800137 0.9999833333333333
202 0.0036968528466827387 1.0
203 0.0036679933412072023 1.0
204 0.0036450837630091475 0.9999833333333333
205 0.003621401795958564 1.0
206 0.0035973910029097867 1.0
207 0.003572858409704899 1.0
208 0.0035467269530803807 1.0
209 0.003520441758977587 1.0
210 0.0034936506519350273 1.0
211 0.0034670689094092834 1.0
212 0.003448957163936842 1.0
213 0.003425717799624464 1.0
214 0.00340119908609217 1.0
215 0.0033765937186040875 1.0
216 0.003357372420809186 1.0
217 0.0033376899159161936 1.0
218 0.00330939957438144 1.0
219 0.003290149537019376 1.0
220 0.0032703342839086585 1.0
221 0.003245506933190302 1.0
222 0.0032291699553093217 1.0
223 0.0032042562910693205 1.0
224 0.0031882868440541775 1.0
225 0.003164852999134867 1.0
226 0.0031457999886235974 1.0
227 0.003125189017551119 1.0
228 0.003107198894938339 1.0
229 0.0030856019271704466 1.0
230 0.003068416739808026 1.0
231 0.0030494170739496155 1.0
232 0.003032360289336196 1.0
233 0.003013083224010064 1.0
234 0.002990045806088709 1.0
235 0.0029763824168417942 1.0
236 0.0029563265418244607 1.0
237 0.0029375119095564938 1.0
238 0.002921183238864374 1.0
239 0.002903865819954788 1.0
240 0.0028825591170370006 1.0
241 0.0028676406368300486 1.0
242 0.0028507220572474273 1.0
243 0.0028394705954510203 1.0
244 0.002819116831124663 1.0
245 0.002803233223344221 1.0
246 0.0027855831966139694 1.0
247 0.002772591979196196 1.0
248 0.0027547719383757235 1.0
249 0.0027425111979365287 1.0
250 0.0027278020395525 1.0
251 0.0027086255006563624 1.0
252 0.0026942642281767228 1.0
253 0.0026756615744335755 1.0
254 0.002665245646500646 1.0
255 0.0026484087537993976 1.0
256 0.002636699060259609 1.0
257 0.0026178367654117805 1.0
258 0.0026061426397529183 1.0
259 0.002591701835316461 1.0
260 0.002574918991096739 1.0
261 0.002564333185470645 1.0
262 0.0025499617981998477 1.0
263 0.0025359996927600266 1.0
264 0.0025225339376348764 1.0
265 0.0025090928961918045 1.0
266 0.0024958282222858133 1.0
267 0.00248207744490951 1.0
268 0.002468955273286247 1.0
269 0.0024555150210596264 1.0
270 0.0024456258669350622 1.0
271 0.002430064715013138 1.0
272 0.002417201894635299 1.0
273 0.002406820633087748 1.0
274 0.002394023059960653 1.0
275 0.002381522791397605 1.0
276 0.002371808646114241 1.0
277 0.002357515892677152 1.0
278 0.002346105175589257 1.0
279 0.0023370581566850577 1.0
280 0.002322887976605223 1.0
281 0.002310184273384273 1.0
282 0.002300424020248912 1.0
283 0.00228845767157057 1.0
284 0.0022781602240282734 1.0
285 0.0022649325533156423 1.0
286 0.002253931535937603 1.0
287 0.0022450093949920556 1.0
288 0.002231461232526105 1.0
289 0.002220741095905528 1.0
290 0.002211436872303025 1.0
291 0.0021994609606893127 1.0
292 0.002189754901368465 1.0
293 0.002179478803254378 1.0
294 0.0021667561013135376 1.0
295 0.002161431549512136 1.0
296 0.00214722924960106 1.0
297 0.0021398639252314024 1.0
298 0.0021285836500843473 1.0
299 0.002120031789665037 1.0
300 0.0021093849513827683 1.0
9999 0.002080869860947132 1.0
