1 0 3.09492564201355
1 80 0.4210693836212158
1 160 0.5016856789588928
1 240 0.32292476296424866
1 320 0.3421593904495239
1 400 0.2764602601528168
2 0 0.25626373291015625
2 80 0.2603203058242798
2 160 0.19904351234436035
2 240 0.38764646649360657
2 320 0.22019800543785095
2 400 0.25140267610549927
3 0 0.19430702924728394
3 80 0.14057724177837372
3 160 0.2894156575202942
3 240 0.1607610285282135
3 320 0.2326151579618454
3 400 0.18898020684719086
4 0 0.1299024075269699
4 80 0.20448341965675354
4 160 0.12663501501083374
4 240 0.17830400168895721
4 320 0.18934491276741028
4 400 0.13597054779529572
5 0 0.1750500649213791
5 80 0.13818314671516418
5 160 0.17092740535736084
5 240 0.11249823123216629
5 320 0.13659292459487915
5 400 0.10965244472026825
6 0 0.13498462736606598
6 80 0.09739041328430176
6 160 0.0871996060013771
6 240 0.15410162508487701
6 320 0.16000252962112427
6 400 0.09669695794582367
7 0 0.08560612797737122
7 80 0.157976895570755
7 160 0.20798680186271667
7 240 0.08391343057155609
7 320 0.0959310382604599
7 400 0.09984321147203445
8 0 0.11912551522254944
8 80 0.05715472623705864
8 160 0.09245981276035309
8 240 0.0972573533654213
8 320 0.15975308418273926
8 400 0.06610206514596939
9 0 0.08014386147260666
9 80 0.16366490721702576
9 160 0.12884798645973206
9 240 0.12314925342798233
9 320 0.10610908269882202
9 400 0.09795296937227249
10 0 0.05054369568824768
10 80 0.07870181649923325
10 160 0.10073864459991455
10 240 0.09831393510103226
10 320 0.06572616845369339
10 400 0.15051721036434174
11 0 0.07960577309131622
11 80 0.05076885223388672
11 160 0.0986701175570488
11 240 0.08672908693552017
11 320 0.16404926776885986
11 400 0.09404980391263962
12 0 0.11891920864582062
12 80 0.10654745995998383
12 160 0.034495044499635696
12 240 0.08875349909067154
12 320 0.056958358734846115
12 400 0.13300955295562744
13 0 0.07674180716276169
13 80 0.12192302942276001
13 160 0.05482104420661926
13 240 0.13550277054309845
13 320 0.17459437251091003
13 400 0.08168821036815643
14 0 0.08798351138830185
14 80 0.043356332927942276
14 160 0.06707258522510529
14 240 0.04441487044095993
14 320 0.12332196533679962
14 400 0.0884297639131546
15 0 0.046053022146224976
15 80 0.10838992148637772
15 160 0.04692810773849487
15 240 0.04060913249850273
15 320 0.1191885769367218
15 400 0.0662589743733406
16 0 0.13945133984088898
16 80 0.05997050181031227
16 160 0.0469512864947319
16 240 0.10398033261299133
16 320 0.05309046804904938
16 400 0.04506368562579155
17 0 0.07350162416696548
17 80 0.1365879327058792
17 160 0.08115242421627045
17 240 0.04991200938820839
17 320 0.051591645926237106
17 400 0.07452178746461868
18 0 0.08966725319623947
18 80 0.026906196027994156
18 160 0.051650986075401306
18 240 0.04171035811305046
18 320 0.08496277034282684
18 400 0.0820542722940445
19 0 0.08481355756521225
19 80 0.06803254783153534
19 160 0.044920437037944794
19 240 0.05789520591497421
19 320 0.056805115193128586
19 400 0.07611960172653198
20 0 0.09105830639600754
20 80 0.0587792843580246
20 160 0.04468154534697533
20 240 0.07342634350061417
20 320 0.05981208756566048
20 400 0.06303806602954865
21 0 0.061678700149059296
21 80 0.05575602874159813
21 160 0.06169840320944786
21 240 0.026954442262649536
21 320 0.0584179125726223
21 400 0.03010614588856697
22 0 0.050432752817869186
22 80 0.022910036146640778
22 160 0.04088755324482918
22 240 0.07987099885940552
22 320 0.06966152042150497
22 400 0.04799012094736099
23 0 0.04809520021080971
23 80 0.06535693258047104
23 160 0.1137331947684288
23 240 0.038321271538734436
23 320 0.03277536854147911
23 400 0.09077310562133789
24 0 0.023005245253443718
24 80 0.043263133615255356
24 160 0.04438559710979462
24 240 0.045914940536022186
24 320 0.04714656621217728
24 400 0.06324584782123566
25 0 0.06261415034532547
25 80 0.02292349375784397
25 160 0.0860728770494461
25 240 0.09073986113071442
25 320 0.0728733092546463
25 400 0.07373326271772385
26 0 0.04833836108446121
26 80 0.05764515697956085
26 160 0.03171636164188385
26 240 0.03061153180897236
26 320 0.01745658554136753
26 400 0.0835297629237175
27 0 0.05195998400449753
27 80 0.1017976850271225
27 160 0.05091734603047371
27 240 0.026193929836153984
27 320 0.0425361804664135
27 400 0.06782130897045135
28 0 0.02762068808078766
28 80 0.037490054965019226
28 160 0.06826941668987274
28 240 0.06458316743373871
28 320 0.04307202622294426
28 400 0.033523935824632645
29 0 0.04575679451227188
29 80 0.10067734122276306
29 160 0.03388707712292671
29 240 0.032706260681152344
29 320 0.059689074754714966
29 400 0.039486709982156754
30 0 0.03947199881076813
30 80 0.038829900324344635
30 160 0.0522114634513855
30 240 0.02936842292547226
30 320 0.050385914742946625
30 400 0.02628476731479168
31 0 0.02188967354595661
31 80 0.08099979907274246
31 160 0.10399375855922699
31 240 0.06129297986626625
31 320 0.0824630856513977
31 400 0.03156299144029617
32 0 0.038412563502788544
32 80 0.06876850128173828
32 160 0.045634835958480835
32 240 0.06517225503921509
32 320 0.02414761669933796
32 400 0.030505530536174774
33 0 0.03781931847333908
33 80 0.030983803793787956
33 160 0.03373100981116295
33 240 0.026962678879499435
33 320 0.058751121163368225
33 400 0.028766559436917305
34 0 0.032775767147541046
34 80 0.023016007617115974
34 160 0.011516984552145004
34 240 0.04367148131132126
34 320 0.07159169018268585
34 400 0.02295164205133915
35 0 0.06513769179582596
35 80 0.03583487495779991
35 160 0.04188951104879379
35 240 0.042731452733278275
35 320 0.05526553466916084
35 400 0.02569645456969738
36 0 0.04258907958865166
36 80 0.024039840325713158
36 160 0.03972794860601425
36 240 0.06798774749040604
36 320 0.036007970571517944
36 400 0.03503794968128204
37 0 0.019434023648500443
37 80 0.04886866733431816
37 160 0.026390837505459785
37 240 0.04413483664393425
37 320 0.09388883411884308
37 400 0.018131278455257416
38 0 0.0449138879776001
38 80 0.055090390145778656
38 160 0.023729732260107994
38 240 0.03523681312799454
38 320 0.03968295082449913
38 400 0.01698227785527706
39 0 0.02566138282418251
39 80 0.025658702477812767
39 160 0.037420373409986496
39 240 0.027720371261239052
39 320 0.04034348577260971
39 400 0.02855033241212368
40 0 0.031161028891801834
40 80 0.051252707839012146
40 160 0.053476642817258835
40 240 0.0154405627399683
40 320 0.020455123856663704
40 400 0.06120091676712036
41 0 0.031977489590644836
41 80 0.07690270245075226
41 160 0.033826593309640884
41 240 0.06423572450876236
41 320 0.016625089570879936
41 400 0.02439272589981556
42 0 0.03816333785653114
42 80 0.03060123696923256
42 160 0.02328503504395485
42 240 0.031032420694828033
42 320 0.025075051933526993
42 400 0.028246773406863213
43 0 0.02663906291127205
43 80 0.025202538818120956
43 160 0.05306163802742958
43 240 0.022632727399468422
43 320 0.03832559287548065
43 400 0.02090243622660637
44 0 0.02714497037231922
44 80 0.01982673443853855
44 160 0.019916754215955734
44 240 0.01103382557630539
44 320 0.03061280958354473
44 400 0.06553998589515686
45 0 0.03511428087949753
45 80 0.027585266157984734
45 160 0.016250787302851677
45 240 0.03481384739279747
45 320 0.01640370674431324
45 400 0.023824963718652725
46 0 0.06197885796427727
46 80 0.05404581129550934
46 160 0.014348428696393967
46 240 0.02716749906539917
46 320 0.029071111232042313
46 400 0.05171720311045647
47 0 0.11046652495861053
47 80 0.052033260464668274
47 160 0.021556835621595383
47 240 0.025949323549866676
47 320 0.026261987164616585
47 400 0.02336631901562214
48 0 0.010800883173942566
48 80 0.021282050758600235
48 160 0.03983820602297783
48 240 0.04328884929418564
48 320 0.044032901525497437
48 400 0.011878019198775291
49 0 0.0641537681221962
49 80 0.028346551582217216
49 160 0.03601318970322609
49 240 0.021996838971972466
49 320 0.04842190071940422
49 400 0.03174595907330513
50 0 0.013423933647572994
50 80 0.022733990103006363
50 160 0.02583172731101513
50 240 0.019001707434654236
50 320 0.013806240633130074
50 400 0.01962115988135338
51 0 0.020015792921185493
51 80 0.05942988395690918
51 160 0.024547601118683815
51 240 0.019373318180441856
51 320 0.013947532512247562
51 400 0.01829330064356327
52 0 0.02959437668323517
52 80 0.015146182850003242
52 160 0.01694810576736927
52 240 0.03770221024751663
52 320 0.055593978613615036
52 400 0.03169438615441322
53 0 0.007129852194339037
53 80 0.016449516639113426
53 160 0.017237858846783638
53 240 0.03086218796670437
53 320 0.018103227019309998
53 400 0.026016084477305412
54 0 0.029857024550437927
54 80 0.022089261561632156
54 160 0.025914164260029793
54 240 0.017359605059027672
54 320 0.023052889853715897
54 400 0.015964820981025696
55 0 0.013445585034787655
55 80 0.020703963935375214
55 160 0.01720590330660343
55 240 0.018213337287306786
55 320 0.06765680760145187
55 400 0.02235470712184906
56 0 0.02270638197660446
56 80 0.01632041111588478
56 160 0.017240474000573158
56 240 0.023895759135484695
56 320 0.013984576798975468
56 400 0.02064368687570095
57 0 0.014756754972040653
57 80 0.016660401597619057
57 160 0.016910221427679062
57 240 0.02272777259349823
57 320 0.027661819010972977
57 400 0.025073595345020294
58 0 0.011255493387579918
58 80 0.038171593099832535
58 160 0.011151382699608803
58 240 0.014053183607757092
58 320 0.020030390471220016
58 400 0.007636051159352064
59 0 0.02079533226788044
59 80 0.02059599943459034
59 160 0.015826981514692307
59 240 0.011434744112193584
59 320 0.009978852234780788
59 400 0.02057649940252304
60 0 0.02302072010934353
60 80 0.014176702126860619
60 160 0.020634416490793228
60 240 0.02631480060517788
60 320 0.007575396914035082
60 400 0.05465313792228699
61 0 0.022112755104899406
61 80 0.01069748867303133
61 160 0.015442040748894215
61 240 0.025161748751997948
61 320 0.017991479486227036
61 400 0.00836244598031044
62 0 0.015577432699501514
62 80 0.01966267079114914
62 160 0.03704887628555298
62 240 0.016186974942684174
62 320 0.040138136595487595
62 400 0.008906858041882515
63 0 0.02739293873310089
63 80 0.007567802909761667
63 160 0.012416983023285866
63 240 0.01799747161567211
63 320 0.022956017404794693
63 400 0.016693737357854843
64 0 0.010914458893239498
64 80 0.024436557665467262
64 160 0.013594504445791245
64 240 0.011217253282666206
64 320 0.03662070259451866
64 400 0.007529751863330603
65 0 0.010328193195164204
65 80 0.022144822403788567
65 160 0.01106758788228035
65 240 0.0049744294956326485
65 320 0.019880307838320732
65 400 0.03117392025887966
66 0 0.013531355187296867
66 80 0.009091133251786232
66 160 0.02953040786087513
66 240 0.011972476728260517
66 320 0.010739190503954887
66 400 0.01629215106368065
67 0 0.006447625812143087
67 80 0.012877595610916615
67 160 0.02512715384364128
67 240 0.01123146340250969
67 320 0.025617582723498344
67 400 0.016674501821398735
68 0 0.015122835524380207
68 80 0.02436075173318386
68 160 0.019079048186540604
68 240 0.01352632138878107
68 320 0.017394129186868668
68 400 0.018755236640572548
69 0 0.01976647600531578
69 80 0.01360892690718174
69 160 0.034446824342012405
69 240 0.01289995014667511
69 320 0.00913803931325674
69 400 0.02068466879427433
70 0 0.03148724138736725
70 80 0.024322014302015305
70 160 0.013281572610139847
70 240 0.01799827814102173
70 320 0.012266968376934528
70 400 0.01621854491531849
71 0 0.02093775011599064
71 80 0.02497958019375801
71 160 0.020634979009628296
71 240 0.016369149088859558
71 320 0.01618022471666336
71 400 0.015406250953674316
72 0 0.01858462207019329
72 80 0.023183897137641907
72 160 0.0037061700131744146
72 240 0.015103067271411419
72 320 0.010689349845051765
72 400 0.01096755638718605
73 0 0.016772419214248657
73 80 0.00721315573900938
73 160 0.01112082414329052
73 240 0.011152930557727814
73 320 0.020161567255854607
73 400 0.014216979034245014
74 0 0.015494663268327713
74 80 0.006444440223276615
74 160 0.0074544004164636135
74 240 0.02055303193628788
74 320 0.031249025836586952
74 400 0.01709562912583351
75 0 0.012544368393719196
75 80 0.014229564927518368
75 160 0.020410168915987015
75 240 0.011738174594938755
75 320 0.020306024700403214
75 400 0.027970455586910248
76 0 0.039380256086587906
76 80 0.009937278926372528
76 160 0.010771178640425205
76 240 0.015257845632731915
76 320 0.00738579360768199
76 400 0.023083757609128952
77 0 0.01670530065894127
77 80 0.02601402811706066
77 160 0.015465054661035538
77 240 0.008477894589304924
77 320 0.015939047560095787
77 400 0.014952193945646286
78 0 0.012172294780611992
78 80 0.012240339070558548
78 160 0.014758763834834099
78 240 0.0102146090939641
78 320 0.009541130624711514
78 400 0.01197508629411459
79 0 0.015583495609462261
79 80 0.021406264975667
79 160 0.024501634761691093
79 240 0.013470622710883617
79 320 0.015529805794358253
79 400 0.011676561087369919
80 0 0.018757687881588936
80 80 0.006041140761226416
80 160 0.008819431997835636
80 240 0.018924811854958534
80 320 0.01512602437287569
80 400 0.01476870384067297
81 0 0.009493706747889519
81 80 0.007571485824882984
81 160 0.011857223697006702
81 240 0.014676440507173538
81 320 0.017306748777627945
81 400 0.022659551352262497
82 0 0.00613886583596468
82 80 0.009629996493458748
82 160 0.009502255357801914
82 240 0.007621239870786667
82 320 0.009719284251332283
82 400 0.012155096046626568
83 0 0.027282360941171646
83 80 0.005224292166531086
83 160 0.008907560259103775
83 240 0.011426893062889576
83 320 0.009886153973639011
83 400 0.012060054577887058
84 0 0.012917772866785526
84 80 0.007986427284777164
84 160 0.012050596065819263
84 240 0.016851937398314476
84 320 0.007247464265674353
84 400 0.02370382845401764
85 0 0.026302319020032883
85 80 0.009856793098151684
85 160 0.022603020071983337
85 240 0.007864012382924557
85 320 0.008891411125659943
85 400 0.009797139093279839
86 0 0.016515210270881653
86 80 0.022484060376882553
86 160 0.005636504851281643
86 240 0.01436314731836319
86 320 0.014431657269597054
86 400 0.0190555639564991
87 0 0.022382207214832306
87 80 0.009647936560213566
87 160 0.010868323035538197
87 240 0.014806737191975117
87 320 0.008819997310638428
87 400 0.017254579812288284
88 0 0.0073143718764185905
88 80 0.014426087029278278
88 160 0.012809156440198421
88 240 0.007921877317130566
88 320 0.010649084113538265
88 400 0.02379690483212471
89 0 0.00875233206897974
89 80 0.03199130669236183
89 160 0.017711762338876724
89 240 0.016880623996257782
89 320 0.014725586399435997
89 400 0.005084074102342129
90 0 0.007369753438979387
90 80 0.006598363630473614
90 160 0.008311746641993523
90 240 0.01279892586171627
90 320 0.007758519612252712
90 400 0.008391556330025196
91 0 0.008596240542829037
91 80 0.005339123774319887
91 160 0.015511095523834229
91 240 0.011494570411741734
91 320 0.005990648176521063
91 400 0.022756222635507584
92 0 0.010207388550043106
92 80 0.01864088699221611
92 160 0.013522316701710224
92 240 0.0077454582788050175
92 320 0.02481582947075367
92 400 0.012731329537928104
93 0 0.014571805484592915
93 80 0.009075542911887169
93 160 0.006976960226893425
93 240 0.01777796261012554
93 320 0.007080895826220512
93 400 0.010585088282823563
94 0 0.011989984661340714
94 80 0.007839194498956203
94 160 0.01832377165555954
94 240 0.009105495177209377
94 320 0.019230443984270096
94 400 0.010907061398029327
95 0 0.007504078559577465
95 80 0.023494139313697815
95 160 0.004977943375706673
95 240 0.01088386308401823
95 320 0.003349187783896923
95 400 0.009887437336146832
96 0 0.009967303834855556
96 80 0.0041515156626701355
96 160 0.014779657125473022
96 240 0.013997763395309448
96 320 0.008459290489554405
96 400 0.008253747597336769
97 0 0.010747265070676804
97 80 0.008971646428108215
97 160 0.00734722288325429
97 240 0.006482651457190514
97 320 0.03398161008954048
97 400 0.0233564805239439
98 0 0.012939292937517166
98 80 0.012045813724398613
98 160 0.013518205843865871
98 240 0.013443184085190296
98 320 0.014255701564252377
98 400 0.00557059096172452
99 0 0.006995325442403555
99 80 0.00970795750617981
99 160 0.00766895292326808
99 240 0.004873216152191162
99 320 0.0050966814160346985
99 400 0.01165804173797369
100 0 0.006360215600579977
100 80 0.008895245380699635
100 160 0.008106634952127934
100 240 0.008111203089356422
100 320 0.022396840155124664
100 400 0.015532264485955238
101 0 0.006533212028443813
101 80 0.015953557565808296
101 160 0.004798043053597212
101 240 0.0075809527188539505
101 320 0.01175817009061575
101 400 0.008889895863831043
102 0 0.010358108207583427
102 80 0.004822556395083666
102 160 0.015005704015493393
102 240 0.01119383703917265
102 320 0.009940986521542072
102 400 0.006581597495824099
103 0 0.009081581607460976
103 80 0.007585038896650076
103 160 0.009695366024971008
103 240 0.0072401175275444984
103 320 0.007719613146036863
103 400 0.017783882096409798
104 0 0.0066558062098920345
104 80 0.008482689969241619
104 160 0.01315020676702261
104 240 0.014539913274347782
104 320 0.0060397000052034855
104 400 0.010768606327474117
105 0 0.0030514560639858246
105 80 0.009874667041003704
105 160 0.0053725941106677055
105 240 0.011787069961428642
105 320 0.009403721429407597
105 400 0.011326836422085762
106 0 0.009299976751208305
106 80 0.012139122933149338
106 160 0.003645797958597541
106 240 0.01128834206610918
106 320 0.006384735926985741
106 400 0.01815333589911461
107 0 0.005849586799740791
107 80 0.0035436577163636684
107 160 0.006917691323906183
107 240 0.0051315114833414555
107 320 0.008026644587516785
107 400 0.009513206779956818
108 0 0.006322071887552738
108 80 0.011260355822741985
108 160 0.00651401374489069
108 240 0.006808319594711065
108 320 0.014752598479390144
108 400 0.009206331335008144
109 0 0.008898010477423668
109 80 0.006342642940580845
109 160 0.004668727517127991
109 240 0.005121040623635054
109 320 0.015553861856460571
109 400 0.010390978306531906
110 0 0.010636279359459877
110 80 0.004064272157847881
110 160 0.005960911978036165
110 240 0.010937098413705826
110 320 0.012278945185244083
110 400 0.02586657740175724
111 0 0.01038544625043869
111 80 0.014464832842350006
111 160 0.005491903517395258
111 240 0.009830450639128685
111 320 0.007182524539530277
111 400 0.00906701572239399
112 0 0.011083364486694336
112 80 0.012906032614409924
112 160 0.006459327880293131
112 240 0.00801277719438076
112 320 0.006319881416857243
112 400 0.0076415035873651505
113 0 0.015982290729880333
113 80 0.009608326479792595
113 160 0.005445245187729597
113 240 0.011207274161279202
113 320 0.012435397133231163
113 400 0.007878103293478489
114 0 0.004842586815357208
114 80 0.0049026235938072205
114 160 0.008930503390729427
114 240 0.00483538955450058
114 320 0.013217580504715443
114 400 0.01064810249954462
115 0 0.006907329428941011
115 80 0.012310056947171688
115 160 0.016299258917570114
115 240 0.005976935848593712
115 320 0.01136019080877304
115 400 0.013238360174000263
116 0 0.012737731449306011
116 80 0.008665062487125397
116 160 0.009276190772652626
116 240 0.00999128445982933
116 320 0.0037910568062216043
116 400 0.007211668882519007
117 0 0.007452567107975483
117 80 0.0029809221159666777
117 160 0.007679620757699013
117 240 0.009949926286935806
117 320 0.008159072138369083
117 400 0.006863939110189676
118 0 0.005764648783951998
118 80 0.006138771306723356
118 160 0.003242261242121458
118 240 0.005267392378300428
118 320 0.007696399465203285
118 400 0.005749234929680824
119 0 0.00807428453117609
119 80 0.006844294723123312
119 160 0.008377647958695889
119 240 0.004314733203500509
119 320 0.005801818333566189
119 400 0.009238761849701405
120 0 0.009743701666593552
120 80 0.0042977891862392426
120 160 0.011083629913628101
120 240 0.01017774548381567
120 320 0.003353951033204794
120 400 0.007506083231419325
121 0 0.008570925332605839
121 80 0.003949623554944992
121 160 0.0074840416200459
121 240 0.006426297128200531
121 320 0.011001646518707275
121 400 0.0088876374065876
122 0 0.00530841713771224
122 80 0.012258673086762428
122 160 0.010350358672440052
122 240 0.010938992723822594
122 320 0.010616008192300797
122 400 0.017785781994462013
123 0 0.0029902819078415632
123 80 0.005245215259492397
123 160 0.007100800983607769
123 240 0.004028507508337498
123 320 0.009904840961098671
123 400 0.007100757677108049
124 0 0.007057929877191782
124 80 0.010603687725961208
124 160 0.0062484461814165115
124 240 0.009218238294124603
124 320 0.012928473763167858
124 400 0.010230813175439835
125 0 0.007539238315075636
125 80 0.004869711585342884
125 160 0.01092145498842001
125 240 0.010599236004054546
125 320 0.00747715774923563
125 400 0.009205726906657219
126 0 0.0055706072598695755
126 80 0.004212025552988052
126 160 0.008355589583516121
126 240 0.011520657688379288
126 320 0.007355740759521723
126 400 0.007098755333572626
127 0 0.004150652792304754
127 80 0.005958052817732096
127 160 0.007745135109871626
127 240 0.008302468806505203
127 320 0.009432654827833176
127 400 0.00444114301353693
128 0 0.01022987999022007
128 80 0.00521103385835886
128 160 0.00399573752656579
128 240 0.003993724472820759
128 320 0.0037924195639789104
128 400 0.005386718548834324
129 0 0.007578460965305567
129 80 0.0071822265163064
129 160 0.008783825673162937
129 240 0.009541264735162258
129 320 0.007073348853737116
129 400 0.00884900614619255
130 0 0.005374980624765158
130 80 0.0066712526604533195
130 160 0.00803940650075674
130 240 0.011424660682678223
130 320 0.006018730346113443
130 400 0.004521857015788555
131 0 0.005588950589299202
131 80 0.009636309929192066
131 160 0.00759114371612668
131 240 0.007596398703753948
131 320 0.013218332082033157
131 400 0.006717243697494268
132 0 0.008859837427735329
132 80 0.006118648685514927
132 160 0.009356026537716389
132 240 0.004444529768079519
132 320 0.00290295691229403
132 400 0.0033907266333699226
133 0 0.005741821136325598
133 80 0.00405991030856967
133 160 0.006211366970092058
133 240 0.0016401571920141578
133 320 0.005061167757958174
133 400 0.004978761076927185
134 0 0.009874790906906128
134 80 0.008944706059992313
134 160 0.007101995870471001
134 240 0.008930953219532967
134 320 0.004107643850147724
134 400 0.0041769929230213165
135 0 0.00701867276802659
135 80 0.010004573501646519
135 160 0.005407071206718683
135 240 0.005398704204708338
135 320 0.005377226509153843
135 400 0.003748061368241906
136 0 0.0075755189172923565
136 80 0.004129988141357899
136 160 0.007788318209350109
136 240 0.005429065320640802
136 320 0.005853411741554737
136 400 0.0024554282426834106
137 0 0.0055364277213811874
137 80 0.005307760089635849
137 160 0.002835015533491969
137 240 0.005276789888739586
137 320 0.01083565503358841
137 400 0.005380050279200077
138 0 0.007765091955661774
138 80 0.00394026655703783
138 160 0.005467103328555822
138 240 0.013218428008258343
138 320 0.0044419290497899055
138 400 0.013350208289921284
139 0 0.006054142955690622
139 80 0.007508446462452412
139 160 0.0032191425561904907
139 240 0.010800635442137718
139 320 0.009649225510656834
139 400 0.005101761780679226
140 0 0.0049825082533061504
140 80 0.0021071082446724176
140 160 0.006405667867511511
140 240 0.007939059287309647
140 320 0.0038289688527584076
140 400 0.0015676405746489763
141 0 0.0073403771966695786
141 80 0.002103771548718214
141 160 0.00730895483866334
141 240 0.005020050797611475
141 320 0.0034805156756192446
141 400 0.005882637575268745
142 0 0.006316050887107849
142 80 0.004192811902612448
142 160 0.00526086799800396
142 240 0.003597180126234889
142 320 0.007177719846367836
142 400 0.005666876211762428
143 0 0.005346400663256645
143 80 0.009647244587540627
143 160 0.003185638692229986
143 240 0.0046410756185650826
143 320 0.004058971535414457
143 400 0.008261335082352161
144 0 0.008311589248478413
144 80 0.003407606389373541
144 160 0.006626657675951719
144 240 0.0013463390059769154
144 320 0.00450544897466898
144 400 0.00631531560793519
145 0 0.0052399891428649426
145 80 0.0034290060866624117
145 160 0.0026962189003825188
145 240 0.0026384741067886353
145 320 0.007037923205643892
145 400 0.005179657135158777
146 0 0.0047941673547029495
146 80 0.006362741347402334
146 160 0.006623758934438229
146 240 0.004532775841653347
146 320 0.0053990306332707405
146 400 0.004082470200955868
147 0 0.012116125784814358
147 80 0.00442275358363986
147 160 0.012009833939373493
147 240 0.0032139657996594906
147 320 0.012675775215029716
147 400 0.00871589407324791
148 0 0.0027194262947887182
148 80 0.004210247658193111
148 160 0.00661150086671114
148 240 0.008008351549506187
148 320 0.01132034882903099
148 400 0.005016405135393143
149 0 0.011220790445804596
149 80 0.004972720053046942
149 160 0.005884354002773762
149 240 0.003130017314106226
149 320 0.009892399422824383
149 400 0.00548963388428092
150 0 0.0035770528484135866
150 80 0.0061369771137833595
150 160 0.004576987121254206
150 240 0.005836962256580591
150 320 0.005133059341460466
150 400 0.00841955840587616
151 0 0.005638299975544214
151 80 0.0022477125748991966
151 160 0.006374017335474491
151 240 0.006449802312999964
151 320 0.012831627391278744
151 400 0.004862369503825903
152 0 0.008669511415064335
152 80 0.003044316777959466
152 160 0.004151731729507446
152 240 0.006464764941483736
152 320 0.003429219825193286
152 400 0.003706129966303706
153 0 0.004452153574675322
153 80 0.005922661628574133
153 160 0.004241372458636761
153 240 0.006909736432135105
153 320 0.0029272716492414474
153 400 0.004894303157925606
154 0 0.005909848492592573
154 80 0.007687808945775032
154 160 0.003291153581812978
154 240 0.0032969091553241014
154 320 0.006302434951066971
154 400 0.004647186957299709
155 0 0.004202610347419977
155 80 0.003541075624525547
155 160 0.003033506218343973
155 240 0.004904287401586771
155 320 0.0030412713531404734
155 400 0.005249854177236557
156 0 0.007344360928982496
156 80 0.005320634227246046
156 160 0.003972336649894714
156 240 0.007876275107264519
156 320 0.0019903758075088263
156 400 0.002912866184487939
157 0 0.00490372721105814
157 80 0.004128517583012581
157 160 0.005060404073446989
157 240 0.00200769305229187
157 320 0.002872748766094446
157 400 0.004855061881244183
158 0 0.004016967955976725
158 80 0.0043753692880272865
158 160 0.002361009828746319
158 240 0.0045430841855704784
158 320 0.004768840968608856
158 400 0.00718257250264287
159 0 0.005139975808560848
159 80 0.009634258225560188
159 160 0.009300070814788342
159 240 0.005957876332104206
159 320 0.004800448194146156
159 400 0.008330317214131355
160 0 0.005778666120022535
160 80 0.006882627960294485
160 160 0.00698891980573535
160 240 0.0056967223063111305
160 320 0.004435989074409008
160 400 0.005473258439451456
161 0 0.004138238728046417
161 80 0.003536130068823695
161 160 0.0036264481022953987
161 240 0.005379305221140385
161 320 0.008372301235795021
161 400 0.0051224068738520145
162 0 0.002629696624353528
162 80 0.007931144908070564
162 160 0.007897854782640934
162 240 0.002533468883484602
162 320 0.005221925210207701
162 400 0.004342885222285986
163 0 0.003711243160068989
163 80 0.005804439540952444
163 160 0.0032368723768740892
163 240 0.002489246893674135
163 320 0.004210432060062885
163 400 0.004519477486610413
164 0 0.00263631297275424
164 80 0.003154024016112089
164 160 0.0039376928471028805
164 240 0.0021368847228586674
164 320 0.0053551639430224895
164 400 0.005644605495035648
165 0 0.0015794305363669991
165 80 0.0035575740039348602
165 160 0.004471193067729473
165 240 0.004774422384798527
165 320 0.008943580090999603
165 400 0.001503379549831152
166 0 0.0037366736214607954
166 80 0.0036672400310635567
166 160 0.005149282515048981
166 240 0.005397933069616556
166 320 0.009527044370770454
166 400 0.005917953327298164
167 0 0.005821043159812689
167 80 0.004404119215905666
167 160 0.005779389292001724
167 240 0.001294615096412599
167 320 0.0020371994469314814
167 400 0.007626312784850597
168 0 0.0035940175876021385
168 80 0.005808671470731497
168 160 0.0028391708619892597
168 240 0.0034925590734928846
168 320 0.00298281735740602
168 400 0.006123719271272421
169 0 0.007065546233206987
169 80 0.008183914236724377
169 160 0.0038125626742839813
169 240 0.004029483068734407
169 320 0.006754548754543066
169 400 0.004733124282211065
170 0 0.007784560322761536
170 80 0.005223758984357119
170 160 0.009594423696398735
170 240 0.0019279065309092402
170 320 0.0029569605831056833
170 400 0.0060127717442810535
171 0 0.00612115953117609
171 80 0.0050067114643752575
171 160 0.003283149329945445
171 240 0.0037597815971821547
171 320 0.004171756561845541
171 400 0.0026494681369513273
172 0 0.003176639322191477
172 80 0.0041191899217665195
172 160 0.0026772862765938044
172 240 0.0020639593712985516
172 320 0.005074645392596722
172 400 0.004330199211835861
173 0 0.0045842621475458145
173 80 0.003917710855603218
173 160 0.007279243785887957
173 240 0.003350441576912999
173 320 0.003560934914276004
173 400 0.006278675049543381
174 0 0.003820903366431594
174 80 0.0033430124167352915
174 160 0.0037069155368953943
174 240 0.0026678675785660744
174 320 0.0034752048086375
174 400 0.00277801975607872
175 0 0.004090812057256699
175 80 0.003261794801801443
175 160 0.0036753977183252573
175 240 0.0060800593346357346
175 320 0.005683574825525284
175 400 0.002203318290412426
176 0 0.0034207594580948353
176 80 0.0049382420256733894
176 160 0.005218216218054295
176 240 0.007328929379582405
176 320 0.0017956882948055863
176 400 0.004288765601813793
177 0 0.005760599859058857
177 80 0.0030140881426632404
177 160 0.003676421009004116
177 240 0.0085817351937294
177 320 0.0035224391613155603
177 400 0.0031304950825870037
178 0 0.0029930269811302423
178 80 0.005042335018515587
178 160 0.0030724573880434036
178 240 0.0016737936530262232
178 320 0.00399784604087472
178 400 0.002632450545206666
179 0 0.003470278810709715
179 80 0.004624531604349613
179 160 0.0042695230804383755
179 240 0.003033098066225648
179 320 0.008127088658511639
179 400 0.0060083200223743916
180 0 0.0027591034304350615
180 80 0.002689950168132782
180 160 0.0029243824537843466
180 240 0.006930635776370764
180 320 0.0016585092525929213
180 400 0.00281905522570014
181 0 0.005909325554966927
181 80 0.008033585734665394
181 160 0.0031308960169553757
181 240 0.0031216382049024105
181 320 0.004526464268565178
181 400 0.00316643132828176
182 0 0.005868859589099884
182 80 0.006008568685501814
182 160 0.001680670422501862
182 240 0.006160998251289129
182 320 0.0020814938470721245
182 400 0.004330269992351532
183 0 0.0030800062231719494
183 80 0.004231629427522421
183 160 0.002175617963075638
183 240 0.0036797767970710993
183 320 0.0055909170769155025
183 400 0.002509495010599494
184 0 0.0030397209338843822
184 80 0.006235252600163221
184 160 0.0029546148143708706
184 240 0.0023303041234612465
184 320 0.005799078848212957
184 400 0.0029806082602590322
185 0 0.0016810068627819419
185 80 0.0012115928111597896
185 160 0.004651028197258711
185 240 0.007503620348870754
185 320 0.003129456890746951
185 400 0.007854398339986801
186 0 0.0040947189554572105
186 80 0.00564710795879364
186 160 0.0024760717060416937
186 240 0.005060543306171894
186 320 0.0037233519833534956
186 400 0.0035015346948057413
187 0 0.008285518735647202
187 80 0.00386717077344656
187 160 0.006336062680929899
187 240 0.005846239160746336
187 320 0.0033292826265096664
187 400 0.0034899632446467876
188 0 0.002467640209943056
188 80 0.0023016082122921944
188 160 0.0032096209470182657
188 240 0.005720540881156921
188 320 0.0023264384362846613
188 400 0.004337493795901537
189 0 0.004636106081306934
189 80 0.0017208571080118418
189 160 0.0027044154703617096
189 240 0.0013449256075546145
189 320 0.004784286022186279
189 400 0.005676177330315113
190 0 0.003495300654321909
190 80 0.0048668766394257545
190 160 0.0041225021705031395
190 240 0.0036843144334852695
190 320 0.0029441623482853174
190 400 0.004126140847802162
191 0 0.005109317135065794
191 80 0.0023065891582518816
191 160 0.004574861843138933
191 240 0.002566928043961525
191 320 0.005002603866159916
191 400 0.006487901322543621
192 0 0.0035821544006466866
192 80 0.004995167255401611
192 160 0.0039006113074719906
192 240 0.003813851624727249
192 320 0.0059486799873411655
192 400 0.007184415124356747
193 0 0.004215915687382221
193 80 0.005022604949772358
193 160 0.004093331750482321
193 240 0.0039593796245753765
193 320 0.0048248786479234695
193 400 0.0027186109218746424
194 0 0.006913712248206139
194 80 0.004919357132166624
194 160 0.005544585641473532
194 240 0.0031255148351192474
194 320 0.006417851895093918
194 400 0.002797584980726242
195 0 0.0022683124989271164
195 80 0.005779111757874489
195 160 0.00408573541790247
195 240 0.004098556004464626
195 320 0.006345333997160196
195 400 0.0027560426387935877
196 0 0.003043866017833352
196 80 0.0022469523828476667
196 160 0.0026281897444278
196 240 0.003059802344068885
196 320 0.00499399658292532
196 400 0.0009994585998356342
197 0 0.0036917428951710463
197 80 0.003489276161417365
197 160 0.0026977129746228456
197 240 0.0035233101807534695
197 320 0.003770518582314253
197 400 0.0056141335517168045
198 0 0.004268812946975231
198 80 0.0025132386945188046
198 160 0.0022465428337454796
198 240 0.0036221311893314123
198 320 0.002218601293861866
198 400 0.0015879736747592688
199 0 0.003786809742450714
199 80 0.004491305444389582
199 160 0.0036381715908646584
199 240 0.0049566361121833324
199 320 0.004283109679818153
199 400 0.008408581838011742
200 0 0.00649495841935277
200 80 0.003199593164026737
200 160 0.0038744257763028145
200 240 0.003027275437489152
200 320 0.004070145543664694
200 400 0.00413665222004056
201 0 0.0023646827321499586
201 80 0.0035831157583743334
201 160 0.0028735408559441566
201 240 0.0035184365697205067
201 320 0.0029957513324916363
201 400 0.004071065690368414
202 0 0.00607876805588603
202 80 0.005079576745629311
202 160 0.0034530768170952797
202 240 0.0033824078273028135
202 320 0.005398679058998823
202 400 0.004443727433681488
203 0 0.005800189916044474
203 80 0.0017580759013071656
203 160 0.004237499553710222
203 240 0.0023835906758904457
203 320 0.0027039586566388607
203 400 0.0030537585262209177
204 0 0.0009161767084151506
204 80 0.003571323584765196
204 160 0.0028227323200553656
204 240 0.004123041871935129
204 320 0.006060626823455095
204 400 0.0033691516146063805
205 0 0.008332389406859875
205 80 0.0011674192501232028
205 160 0.0038479678332805634
205 240 0.003934644162654877
205 320 0.0006820586277171969
205 400 0.0013787203934043646
206 0 0.006550610531121492
206 80 0.0031413857359439135
206 160 0.004348206799477339
206 240 0.004011114593595266
206 320 0.003801952349022031
206 400 0.004163817036896944
207 0 0.0017290128162130713
207 80 0.004497130401432514
207 160 0.001973656937479973
207 240 0.0037290637847036123
207 320 0.0034491638652980328
207 400 0.004379091784358025
208 0 0.0033177053555846214
208 80 0.0043329643085598946
208 160 0.0018435235833749175
208 240 0.0030272342264652252
208 320 0.004224742762744427
208 400 0.004352003335952759
209 0 0.002927531022578478
209 80 0.0028846922796219587
209 160 0.004488244187086821
209 240 0.005331243388354778
209 320 0.006923488806933165
209 400 0.00587119348347187
210 0 0.003490908071398735
210 80 0.00539642758667469
210 160 0.0030912982765585184
210 240 0.005507634487003088
210 320 0.0050455546006560326
210 400 0.003867859486490488
211 0 0.002101138001307845
211 80 0.0030068238265812397
211 160 0.002321937819942832
211 240 0.0044950456358492374
211 320 0.003858946729451418
211 400 0.0028300397098064423
212 0 0.003227890469133854
212 80 0.002280325861647725
212 160 0.003339954651892185
212 240 0.005635836161673069
212 320 0.0012745060957968235
212 400 0.003591964254155755
213 0 0.004995117895305157
213 80 0.0016348275821655989
213 160 0.003437487408518791
213 240 0.00276274885982275
213 320 0.007542997598648071
213 400 0.002604440553113818
214 0 0.0019070164998993278
214 80 0.002996480092406273
214 160 0.003447208320721984
214 240 0.007029193453490734
214 320 0.0029291436076164246
214 400 0.0021421480923891068
215 0 0.005273140501230955
215 80 0.003483181120827794
215 160 0.004103020764887333
215 240 0.001742571941576898
215 320 0.0018193742725998163
215 400 0.0026354300789535046
216 0 0.001597759430296719
216 80 0.003105503972619772
216 160 0.0040536788292229176
216 240 0.0028119247872382402
216 320 0.0030927727930247784
216 400 0.0025665469001978636
217 0 0.006546184420585632
217 80 0.0034291355405002832
217 160 0.002422656863927841
217 240 0.0017147321486845613
217 320 0.0021546101197600365
217 400 0.0020355544984340668
218 0 0.0029279650188982487
218 80 0.0012997050071135163
218 160 0.004388425033539534
218 240 0.004910704679787159
218 320 0.0022697974927723408
218 400 0.0016837689327076077
219 0 0.0030991081148386
219 80 0.004494617693126202
219 160 0.003590218722820282
219 240 0.0026174013037234545
219 320 0.004775491543114185
219 400 0.0042725130915641785
220 0 0.0033047357574105263
220 80 0.0024533725809305906
220 160 0.0030504162423312664
220 240 0.0018472716910764575
220 320 0.0028059142641723156
220 400 0.002217213623225689
221 0 0.0034459508024156094
221 80 0.005527537781745195
221 160 0.001936020446009934
221 240 0.0025945445522665977
221 320 0.003386674914509058
221 400 0.0018985550850629807
222 0 0.0018839261028915644
222 80 0.003578133648261428
222 160 0.00225403462536633
222 240 0.0023771533742547035
222 320 0.0022248278837651014
222 400 0.002900845604017377
223 0 0.0022244579158723354
223 80 0.002349697984755039
223 160 0.003439616644755006
223 240 0.0031316259410232306
223 320 0.004746810998767614
223 400 0.0028957182075828314
224 0 0.003956491593271494
224 80 0.0016106388065963984
224 160 0.0024329894222319126
224 240 0.0020886296406388283
224 320 0.002336386125534773
224 400 0.0029997483361512423
225 0 0.003768024267628789
225 80 0.002935337368398905
225 160 0.0033444531727582216
225 240 0.003345432225614786
225 320 0.00245107663795352
225 400 0.002697464544326067
226 0 0.0029335846193134785
226 80 0.004373815376311541
226 160 0.005340863950550556
226 240 0.002249710028991103
226 320 0.0025715113151818514
226 400 0.002522425027564168
227 0 0.0020214510150253773
227 80 0.005123551469296217
227 160 0.002255755942314863
227 240 0.0024001486599445343
227 320 0.003285772632807493
227 400 0.0025854108389467
228 0 0.004751402884721756
228 80 0.0027922552544623613
228 160 0.002694894326850772
228 240 0.002079128287732601
228 320 0.0021017256658524275
228 400 0.001879161223769188
229 0 0.0015616025775671005
229 80 0.0035579625982791185
229 160 0.001763592823408544
229 240 0.004206063225865364
229 320 0.004012342542409897
229 400 0.0030947753693908453
230 0 0.0032366958912461996
230 80 0.004586600232869387
230 160 0.0018922429298982024
230 240 0.003599280258640647
230 320 0.004247954115271568
230 400 0.0025950316339731216
231 0 0.0020274475682526827
231 80 0.004612072370946407
231 160 0.005001392215490341
231 240 0.0048386575654149055
231 320 0.0023450558073818684
231 400 0.005754438228905201
232 0 0.004142857622355223
232 80 0.0009683123789727688
232 160 0.0034390431828796864
232 240 0.003952384926378727
232 320 0.0035844705998897552
232 400 0.0022222779225558043
233 0 0.0012863586889579892
233 80 0.0023446485865861177
233 160 0.0023956065997481346
233 240 0.0035588652826845646
233 320 0.004974679555743933
233 400 0.002950279973447323
234 0 0.0031435301061719656
234 80 0.002266461495310068
234 160 0.0032064581755548716
234 240 0.0017384146340191364
234 320 0.0012086747447028756
234 400 0.002839330118149519
235 0 0.001243324251845479
235 80 0.002246110700070858
235 160 0.0036284136585891247
235 240 0.0015329088782891631
235 320 0.0019090722780674696
235 400 0.00255119102075696
236 0 0.003559012431651354
236 80 0.0029649478383362293
236 160 0.001728431903757155
236 240 0.004708797205239534
236 320 0.00376275391317904
236 400 0.0025280453264713287
237 0 0.003863660851493478
237 80 0.002866302849724889
237 160 0.0019929097034037113
237 240 0.003567791311070323
237 320 0.006347409915179014
237 400 0.003743856679648161
238 0 0.0016086377436295152
238 80 0.002100186888128519
238 160 0.0026576416566967964
238 240 0.0025633666664361954
238 320 0.002219524933025241
238 400 0.0018947056960314512
239 0 0.003205340588465333
239 80 0.002405827399343252
239 160 0.002921961946412921
239 240 0.0009084100020118058
239 320 0.0037184911780059338
239 400 0.003385856281965971
240 0 0.0013377158902585506
240 80 0.0017284601926803589
240 160 0.0012558699818328023
240 240 0.0024288538843393326
240 320 0.0011273175477981567
240 400 0.0040884800255298615
241 0 0.0017572412034496665
241 80 0.0022392659448087215
241 160 0.002667410299181938
241 240 0.003078232519328594
241 320 0.0021448952611535788
241 400 0.0015080452430993319
242 0 0.0017945374129340053
242 80 0.002643985440954566
242 160 0.0012724698754027486
242 240 0.0017378854099661112
242 320 0.002877733437344432
242 400 0.0045930976048111916
243 0 0.0029198096599429846
243 80 0.0028890827670693398
243 160 0.003075991990044713
243 240 0.0018130691023543477
243 320 0.0023526065051555634
243 400 0.004513679537922144
244 0 0.0029788813553750515
244 80 0.001914340304210782
244 160 0.00506511190906167
244 240 0.0023395558819174767
244 320 0.002837758744135499
244 400 0.001289788750000298
245 0 0.0022479426115751266
245 80 0.0011791001306846738
245 160 0.003828236600384116
245 240 0.0019542742520570755
245 320 0.0036362989339977503
245 400 0.0037442187312990427
246 0 0.0023397868499159813
246 80 0.0035232421942055225
246 160 0.0017079191748052835
246 240 0.001620977302081883
246 320 0.002331528114154935
246 400 0.002946186810731888
247 0 0.0021009985357522964
247 80 0.0020513355266302824
247 160 0.0034715814981609583
247 240 0.003677871311083436
247 320 0.0033169095404446125
247 400 0.0023194325622171164
248 0 0.001882045529782772
248 80 0.003604052821174264
248 160 0.004392750095576048
248 240 0.00418245792388916
248 320 0.0017473407788202167
248 400 0.004150599706918001
249 0 0.0024996146094053984
249 80 0.0012153985444456339
249 160 0.002717583440244198
249 240 0.0018071986269205809
249 320 0.0035085328854620457
249 400 0.0017652880633249879
250 0 0.002462222008034587
250 80 0.0024403166025877
250 160 0.004114624112844467
250 240 0.0017964490689337254
250 320 0.0009507221402600408
250 400 0.0013385246274992824
251 0 0.003050505183637142
251 80 0.0015553862322121859
251 160 0.00427871523424983
251 240 0.004120121710002422
251 320 0.0036359045188874006
251 400 0.0019439562456682324
252 0 0.0015724642435088754
252 80 0.00246298685669899
252 160 0.0016634650528430939
252 240 0.0035113757476210594
252 320 0.0013117014896124601
252 400 0.0012556059518828988
253 0 0.0007270646165125072
253 80 0.0017914619529619813
253 160 0.004068962298333645
253 240 0.0027651379350572824
253 320 0.0024138831067830324
253 400 0.0029911340679973364
254 0 0.0021291025914251804
254 80 0.003334249369800091
254 160 0.0036788901779800653
254 240 0.0023520952090620995
254 320 0.0014439395163208246
254 400 0.0014223140897229314
255 0 0.005622297525405884
255 80 0.0019914768636226654
255 160 0.0026727947406470776
255 240 0.001467350753955543
255 320 0.0030196846928447485
255 400 0.005789012648165226
256 0 0.002530993428081274
256 80 0.0007550030713900924
256 160 0.0019077756442129612
256 240 0.003874315181747079
256 320 0.003299043048173189
256 400 0.0017644154140725732
257 0 0.0016554082976654172
257 80 0.002874422585591674
257 160 0.0023200828582048416
257 240 0.001249087625183165
257 320 0.0012574836146086454
257 400 0.0022905555088073015
258 0 0.001272829482331872
258 80 0.0028734016232192516
258 160 0.0030174178536981344
258 240 0.001953152474015951
258 320 0.0026987132150679827
258 400 0.0019500424386933446
259 0 0.00268917134962976
259 80 0.002223722403869033
259 160 0.002695334842428565
259 240 0.0036642313934862614
259 320 0.003203301690518856
259 400 0.0026729321107268333
260 0 0.0020835744217038155
260 80 0.0016663252608850598
260 160 0.002696773735806346
260 240 0.0020639400463551283
260 320 0.002292197896167636
260 400 0.0033368889708071947
261 0 0.006133443675935268
261 80 0.0027845425065606833
261 160 0.002092724898830056
261 240 0.0034934673458337784
261 320 0.002036748919636011
261 400 0.0033139754086732864
262 0 0.0018835441442206502
262 80 0.0008655746350996196
262 160 0.0027885886374861
262 240 0.0032644453458487988
262 320 0.0019085014937445521
262 400 0.0018844191217795014
263 0 0.0031753520015627146
263 80 0.003643687814474106
263 160 0.003667014418169856
263 240 0.00347530166618526
263 320 0.004009248223155737
263 400 0.0026830784045159817
264 0 0.004008368123322725
264 80 0.0018191568087786436
264 160 0.0028869130183011293
264 240 0.003139491891488433
264 320 0.001245258841663599
264 400 0.0011960305273532867
265 0 0.002115405397489667
265 80 0.0028316101524978876
265 160 0.0022598314099013805
265 240 0.00286263320595026
265 320 0.003946235403418541
265 400 0.0019423547200858593
266 0 0.0021838305983692408
266 80 0.0021033736411482096
266 160 0.0023198239505290985
266 240 0.001837381161749363
266 320 0.002905412809923291
266 400 0.0031141783110797405
267 0 0.002171990694478154
267 80 0.0019131824374198914
267 160 0.003546203253790736
267 240 0.001977259060367942
267 320 0.004371820483356714
267 400 0.002432287437841296
268 0 0.002896267920732498
268 80 0.0015108302468433976
268 160 0.0035450831055641174
268 240 0.0011072708293795586
268 320 0.0012679032515734434
268 400 0.002397001488134265
269 0 0.002085430547595024
269 80 0.0017644315958023071
269 160 0.0025389553047716618
269 240 0.001738879713229835
269 320 0.001180153340101242
269 400 0.001729352748952806
270 0 0.005081543233245611
270 80 0.00365106831304729
270 160 0.002251052064821124
270 240 0.002909414004534483
270 320 0.002686277963221073
270 400 0.0028756423853337765
271 0 0.0018750906456261873
271 80 0.0014393075834959745
271 160 0.0022552625741809607
271 240 0.0018377989763393998
271 320 0.0016323818126693368
271 400 0.0026021066587418318
272 0 0.00243172119371593
272 80 0.003504848573356867
272 160 0.0016186997527256608
272 240 0.0013286744942888618
272 320 0.001901947078295052
272 400 0.002490981947630644
273 0 0.0033204357605427504
273 80 0.004019995220005512
273 160 0.0019345852779224515
273 240 0.0016430823598057032
273 320 0.002451349515467882
273 400 0.0026099763344973326
274 0 0.0014942672569304705
274 80 0.002545407973229885
274 160 0.00198121415451169
274 240 0.00268398760817945
274 320 0.0022428431548178196
274 400 0.004124496132135391
275 0 0.0022353308741003275
275 80 0.0019004684872925282
275 160 0.0021902674343436956
275 240 0.001695557963103056
275 320 0.002444853074848652
275 400 0.005595508962869644
276 0 0.0033959406428039074
276 80 0.0016578936483711004
276 160 0.003273403039202094
276 240 0.001245730323716998
276 320 0.0024042571894824505
276 400 0.0030842667911201715
277 0 0.003008069470524788
277 80 0.0026634917594492435
277 160 0.0024446710012853146
277 240 0.0013855291763320565
277 320 0.0030626438092440367
277 400 0.002791968174278736
278 0 0.002208602847531438
278 80 0.0013324025785550475
278 160 0.0015867643523961306
278 240 0.004069312009960413
278 320 0.0020136896055191755
278 400 0.0019107954576611519
279 0 0.0015719602815806866
279 80 0.00034070570836775005
279 160 0.0014660203596577048
279 240 0.0017470341408625245
279 320 0.0030863790307193995
279 400 0.001814476796425879
280 0 0.0017394000897184014
280 80 0.0013229037867859006
280 160 0.0026520800311118364
280 240 0.002327727386727929
280 320 0.004632401280105114
280 400 0.0013344255276024342
281 0 0.0016801866004243493
281 80 0.0032743008341640234
281 160 0.0020486745052039623
281 240 0.0035389605909585953
281 320 0.0031091279815882444
281 400 0.0037984212394803762
282 0 0.002436748705804348
282 80 0.002552405698224902
282 160 0.0033376470673829317
282 240 0.0028127965051680803
282 320 0.002880029147490859
282 400 0.002371610375121236
283 0 0.003723422298207879
283 80 0.0010684463195502758
283 160 0.002763054333627224
283 240 0.0010483888909220695
283 320 0.0023386776447296143
283 400 0.002888232469558716
284 0 0.0018417302053421736
284 80 0.0012512790272012353
284 160 0.0023742213379591703
284 240 0.0012979956809431314
284 320 0.002095921663567424
284 400 0.0023732814006507397
285 0 0.001975562423467636
285 80 0.0023384299129247665
285 160 0.004107275046408176
285 240 0.0034570153802633286
285 320 0.0017585158348083496
285 400 0.0010809642262756824
286 0 0.0019588738214224577
286 80 0.0012333848280832171
286 160 0.0020092842169106007
286 240 0.0020926694851368666
286 320 0.003456307575106621
286 400 0.0019045479129999876
287 0 0.0010488805128261447
287 80 0.0025732070207595825
287 160 0.001514924573712051
287 240 0.0018084467155858874
287 320 0.0011109043844044209
287 400 0.003344707190990448
288 0 0.0006460519507527351
288 80 0.0017806345131248236
288 160 0.0016750141512602568
288 240 0.0021885093301534653
288 320 0.0016879376489669085
288 400 0.0023034620098769665
289 0 0.0015663623344153166
289 80 0.001564185949973762
289 160 0.0021672388538718224
289 240 0.00295131909660995
289 320 0.004182374570518732
289 400 0.0013908586697652936
290 0 0.002515367930755019
290 80 0.0024904306046664715
290 160 0.003116972977295518
290 240 0.001432142686098814
290 320 0.005046671722084284
290 400 0.004268702585250139
291 0 0.0025361550506204367
291 80 0.0022929792758077383
291 160 0.0011336538009345531
291 240 0.002042975975200534
291 320 0.003067731624469161
291 400 0.0012749620946124196
292 0 0.0020029584411531687
292 80 0.0029565333388745785
292 160 0.002116143237799406
292 240 0.0020199003629386425
292 320 0.0017998440889641643
292 400 0.0022334663663059473
293 0 0.0017983397701755166
293 80 0.003010084154084325
293 160 0.002933365758508444
293 240 0.0008508675382472575
293 320 0.0009266231209039688
293 400 0.0027087368071079254
294 0 0.0011557325487956405
294 80 0.0019323109881952405
294 160 0.0026821796782314777
294 240 0.0019885750953108072
294 320 0.0024142551701515913
294 400 0.0010263471631333232
295 0 0.001756232581101358
295 80 0.0010892882710322738
295 160 0.002951486501842737
295 240 0.0027898987755179405
295 320 0.0013123734388500452
295 400 0.0012710754526779056
296 0 0.001495906850323081
296 80 0.0011589598143473268
296 160 0.002591837430372834
296 240 0.0014060401590541005
296 320 0.0017961648991331458
296 400 0.0024519835133105516
297 0 0.003549751825630665
297 80 0.0019051788840442896
297 160 0.0008091037743724883
297 240 0.0027252582367509604
297 320 0.0013274557422846556
297 400 0.0017197285778820515
298 0 0.0023598279803991318
298 80 0.003106329357251525
298 160 0.0008205666672438383
298 240 0.001901645096950233
298 320 0.0022401793394237757
298 400 0.002208743942901492
299 0 0.0011413348838686943
299 80 0.0016304882010444999
299 160 0.002771991305053234
299 240 0.00200469046831131
299 320 0.0031174321193248034
299 400 0.0011444835690781474
300 0 0.002540425630286336
300 80 0.0009988438105210662
300 160 0.0015907528577372432
300 240 0.0015480974689126015
300 320 0.0015026264591142535
300 400 0.0012269982835277915
