1 0.40706091413874107 0.8833
2 0.2311156667880158 0.9344333333333333
3 0.18963958113305351 0.94745
4 0.1644376338656142 0.95435
5 0.14629540063424915 0.9597833333333333
6 0.1323003548977853 0.96405
7 0.12120407309804136 0.9672166666666666
8 0.11186186277440616 0.9700166666666666
9 0.1041290060615044 0.97225
10 0.0973315348685868 0.9739166666666667
11 0.09164407856063421 0.9757166666666667
12 0.08639224861333492 0.9771
13 0.08184696017488488 0.9784166666666667
14 0.07759726960966581 0.9793166666666666
15 0.07407703574723018 0.9805666666666667
16 0.07057456178531082 0.98125
17 0.06749635540854448 0.9825333333333334
18 0.06460425491605613 0.9834666666666667
19 0.061981066175774216 0.98435
20 0.05957638278508237 0.9847333333333333
21 0.057132589565252447 0.9856
22 0.05498665730470915 0.98635
23 0.053179244254666094 0.9869666666666667
24 0.05118142651604501 0.98715
25 0.049416117481331324 0.9879333333333333
26 0.04767243606028463 0.98885
27 0.04613329799794185 0.98905
28 0.044653433390946656 0.9896666666666667
29 0.04327876974882157 0.9898833333333333
30 0.04196761687919656 0.9904333333333334
31 0.040636738394893436 0.9908833333333333
32 0.039409241462344806 0.9912833333333333
33 0.038249747204119715 0.99195
34 0.037215808799653166 0.9919333333333333
35 0.03608133147424981 0.99245
36 0.03506539976482452 0.99265
37 0.03409956247190327 0.99285
38 0.033143227044214955 0.9932166666666666
39 0.03227005407873438 0.9935166666666667
40 0.03144055336062461 0.9936666666666667
41 0.030601840559591743 0.9942
42 0.029850670046159135 0.9942
43 0.029089537632864104 0.9943833333333333
44 0.028311141324775625 0.9947333333333334
45 0.027659636977782 0.995
46 0.02696991735187643 0.9951166666666666
47 0.02628387897503751 0.9952
48 0.025677567151293698 0.9955833333333334
49 0.025056337154329394 0.9957333333333334
50 0.02448602406474859 0.9959333333333333
51 0.023911143003750458 0.9962666666666666
52 0.023378674992358187 0.9963
53 0.022779017343306975 0.9965166666666667
54 0.02234553578577793 0.9967166666666667
55 0.02185310272356944 0.9967333333333334
56 0.021390672352141156 0.9969
57 0.02093193646587892 0.9969333333333333
58 0.02044554777554612 0.99705
59 0.02001587383603967 0.9972833333333333
60 0.01959161651926413 0.9973833333333333
61 0.019171986741814088 0.9973666666666666
62 0.01876461653829193 0.9976
63 0.018389983788760167 0.9976666666666667
64 0.018038229157985336 0.9976666666666667
65 0.017669029443510877 0.99785
66 0.017314401049135144 0.9978833333333333
67 0.016975860370060943 0.9979333333333333
68 0.016647760807943623 0.9981
69 0.01633265069169578 0.9981
70 0.01604311258347431 0.9981833333333333
71 0.015742945044970653 0.9982666666666666
72 0.015439562130667793 0.9983166666666666
73 0.015148962463643442 0.99845
74 0.014899132681438632 0.9985666666666667
75 0.014603871389476856 0.9985166666666667
76 0.014357893931756873 0.9986333333333334
77 0.014109279878977646 0.9986
78 0.013840189450350938 0.9987833333333334
79 0.013618189080465418 0.9987833333333334
80 0.013349523305146297 0.9988166666666667
81 0.013118204745605017 0.9988666666666667
82 0.012909368604425587 0.9989166666666667
83 0.012719286920459096 0.9989333333333333
84 0.012481091302265523 0.9989166666666667
85 0.012272914375132843 0.9990833333333333
86 0.012092163347935022 0.9990166666666667
87 0.011902340318956005 0.9990333333333333
88 0.011708751137652344 0.9991166666666667
89 0.011490377794101295 0.9992
90 0.011343013840233054 0.9991833333333333
91 0.01116890970097263 0.9992166666666666
92 0.01098058981620379 0.9992666666666666
93 0.010791333208082994 0.9992666666666666
94 0.010649703596698751 0.9993166666666666
95 0.01047515504728399 0.9993333333333333
96 0.01033487750231219 0.9994333333333333
97 0.010178415051379454 0.9994166666666666
98 0.010031710552331655 0.9993333333333333
99 0.009894088815663383 0.99945
100 0.009733005611499998 0.9994333333333333
101 0.00959243825319082 0.9994833333333333
102 0.009477717137194551 0.99955
103 0.009340477580113261 0.99955
104 0.009217918714953225 0.9995833333333334
105 0.009068926630009497 0.99965
106 0.008964492773601432 0.99965
107 0.00882924817624623 0.9997166666666667
108 0.00872251907982099 0.9996666666666667
109 0.008604511208554258 0.9996666666666667
110 0.00849184239092571 0.9997
111 0.008378251197326905 0.9996833333333334
112 0.00828268176077732 0.9997166666666667
113 0.008166102180902812 0.9997166666666667
114 0.008052249617531086 0.9997333333333334
115 0.007950937568541688 0.9997666666666667
116 0.007875483775976052 0.9997333333333334
117 0.007758668640743632 0.9997666666666667
118 0.007675344239114158 0.9997666666666667
119 0.0075617967496639975 0.9998
120 0.0074753232036175125 0.9998
121 0.007395276048186936 0.9998
122 0.007303233017156055 0.9997833333333334
123 0.00721385898237337 0.9998
124 0.007135859716421506 0.9997833333333334
125 0.007033527820313504 0.9998166666666667
126 0.0069636263952119895 0.9998333333333334
127 0.00688285370797181 0.9998
128 0.006813533992609823 0.9998166666666667
129 0.006728949947411747 0.99985
130 0.00665330879170813 0.9997833333333334
131 0.006573950210814553 0.99985
132 0.006504929102987035 0.9998166666666667
133 0.006423856529381388 0.9998333333333334
134 0.006368774761592767 0.99985
135 0.006302210315913041 0.9998333333333334
136 0.006229558571386757 0.9998666666666667
137 0.006163788857613641 0.9998666666666667
138 0.006089024056346893 0.9998666666666667
139 0.006031901014150619 0.9998333333333334
140 0.005969027988116211 0.9999166666666667
141 0.005911470052283774 0.9999
142 0.005851661166382719 0.9999
143 0.005788940233118864 0.9999333333333333
144 0.005732699701967619 0.9999166666666667
145 0.005667918227188019 0.9999666666666667
146 0.005615247260612338 0.99995
147 0.0055599699627413455 0.99995
148 0.005503690135337587 0.99995
149 0.00545301020189103 0.9999833333333333
150 0.005398424175967064 0.99995
151 0.00534443395025631 0.9999666666666667
152 0.005300689010825286 0.9999333333333333
153 0.005251200222817343 0.99995
154 0.005198031940660291 0.9999833333333333
155 0.005149547047644996 0.9999833333333333
156 0.005108626647991364 0.9999666666666667
157 0.005060885434668424 0.9999666666666667
158 0.005007807077762526 0.9999666666666667
159 0.004954731309794382 0.9999666666666667
160 0.004919166070297917 0.9999833333333333
161 0.004874159538024254 0.9999833333333333
162 0.0048285610668524015 0.9999666666666667
163 0.00478484762434377 0.9999833333333333
164 0.004752697890747521 0.9999833333333333
165 0.004704163829261846 0.9999833333333333
166 0.0046656161381888875 0.9999833333333333
167 0.004626636837186145 0.9999833333333333
168 0.00457573080085901 0.9999833333333333
169 0.004549110331870457 0.9999833333333333
170 0.00450801326141659 0.9999833333333333
171 0.004460954478681723 0.9999666666666667
172 0.004432234167705165 0.9999833333333333
173 0.0043935436737546915 0.9999833333333333
174 0.004359438258564787 0.9999833333333333
175 0.004327261468583245 0.9999833333333333
176 0.004287982609114055 0.9999833333333333
177 0.004247818999032159 0.9999833333333333
178 0.004217234208558335 0.9999833333333333
179 0.004181712755123213 0.9999833333333333
180 0.004144143570822153 0.9999833333333333
181 0.004121737607540305 0.9999833333333333
182 0.004083461165780634 0.9999833333333333
183 0.004058009934306804 0.9999833333333333
184 0.00402653957880946 0.9999833333333333
185 0.003984882433373513 0.9999833333333333
186 0.003960864267437093 0.9999833333333333
187 0.003933914314045993 0.9999833333333333
188 0.0038992231434979625 0.9999833333333333
189 0.0038667153449171085 0.9999833333333333
190 0.003843315932249376 0.9999833333333333
191 0.0038125596581590868 0.9999833333333333
192 0.0037865337152689347 0.9999833333333333
193 0.0037606303678896984 0.9999833333333333
194 0.003731816217351927 0.9999833333333333
195 0.0036994427884879237 0.9999833333333333
196 0.003676902497810786 0.9999833333333333
197 0.00365287738207823 0.9999833333333333
198 0.003621976247488229 0.9999833333333333
199 0.003601161444853586 1.0
200 0.0035715644495553775 0.9999833333333333
201 0.003548082147813293 0.9999833333333333
202 0.003522932848536662 1.0
203 0.0034995963495385563 0.9999833333333333
204 0.003471552007851491 0.9999833333333333
205 0.0034497533286951465 0.9999833333333333
206 0.0034269858535174638 0.9999833333333333
207 0.003403305161326353 1.0
208 0.0033799753362275184 0.9999833333333333
209 0.0033554099621186688 0.9999833333333333
210 0.0033359346210212904 1.0
211 0.003313647795851821 0.9999833333333333
212 0.003283795691144937 1.0
213 0.003270661296036992 1.0
214 0.0032458520151361 1.0
215 0.003225536026588794 1.0
216 0.0032034516386659955 1.0
217 0.003182853851194329 1.0
218 0.0031639612853841814 0.9999833333333333
219 0.0031411311188802075 1.0
220 0.003124642324001431 1.0
221 0.0031000842272774624 1.0
222 0.0030816274502479444 1.0
223 0.0030625490603277458 1.0
224 0.0030438606501934228 1.0
225 0.0030230465276824083 1.0
226 0.003007311296007876 1.0
227 0.00298781954022601 1.0
228 0.0029658478939645627 1.0
229 0.002950311748376454 1.0
230 0.002934891939796666 1.0
231 0.00291478770761701 1.0
232 0.002895388248334847 1.0
233 0.002880200341620397 1.0
234 0.002863792004436056 1.0
235 0.002844598614918525 1.0
236 0.00283157442379167 1.0
237 0.002812458747210525 1.0
238 0.0027963621746018917 1.0
239 0.0027783377151161847 1.0
240 0.0027628383109110717 1.0
241 0.0027495760943240196 1.0
242 0.0027317513555619936 1.0
243 0.0027151183242714013 1.0
244 0.002702767397763569 1.0
245 0.0026854284578434894 1.0
246 0.0026690017883487143 1.0
247 0.0026534521769333097 1.0
248 0.0026411169949772037 1.0
249 0.00262613242443925 1.0
250 0.0026111502689607283 1.0
251 0.002597208824261888 1.0
252 0.002582807482447602 1.0
253 0.002568589364821866 1.0
254 0.002554368844671822 1.0
255 0.0025400667105551196 1.0
256 0.0025263641320386414 1.0
257 0.0025106103213847495 1.0
258 0.0025002687245106966 1.0
259 0.0024847623947729814 1.0
260 0.0024720773929040006 1.0
261 0.002459954313831086 1.0
262 0.0024459045508187383 1.0
263 0.002432535019348751 1.0
264 0.0024188252421332274 1.0
265 0.0024076412286190415 1.0
266 0.0023971988783795823 1.0
267 0.0023804346071819326 1.0
268 0.0023708254389806405 1.0
269 0.0023568877179586667 1.0
270 0.002347470313779263 1.0
271 0.0023357496160749734 1.0
272 0.0023234381361791033 1.0
273 0.0023094922462269774 1.0
274 0.002299148184773542 1.0
275 0.0022888651888654716 1.0
276 0.0022781938076146375 1.0
277 0.0022656943935499803 1.0
278 0.002253792516123662 1.0
279 0.0022434648539030005 1.0
280 0.002230966017509042 1.0
281 0.0022204243970825386 1.0
282 0.002210144761705032 1.0
283 0.00219925016195559 1.0
284 0.0021898124967940024 1.0
285 0.0021789225902078724 1.0
286 0.0021671218018649197 1.0
287 0.002157541985776442 1.0
288 0.0021463154578335217 1.0
