1 0 3.081573486328125
1 80 0.6406879425048828
1 160 0.38248246908187866
1 240 0.33734431862831116
1 320 0.305794894695282
1 400 0.24842742085456848
2 0 0.31047651171684265
2 80 0.23382951319217682
2 160 0.3131287693977356
2 240 0.20945996046066284
2 320 0.2412833422422409
2 400 0.2888229787349701
3 0 0.22269870340824127
3 80 0.1767713576555252
3 160 0.15053701400756836
3 240 0.19568687677383423
3 320 0.23389974236488342
3 400 0.1178470179438591
4 0 0.16168586909770966
4 80 0.1337859183549881
4 160 0.19096674025058746
4 240 0.11143225431442261
4 320 0.29838910698890686
4 400 0.1423347145318985
5 0 0.09576057642698288
5 80 0.13733930885791779
5 160 0.07595298439264297
5 240 0.10258933901786804
5 320 0.11442478001117706
5 400 0.14007723331451416
6 0 0.08523888885974884
6 80 0.18591687083244324
6 160 0.058694664388895035
6 240 0.07405640929937363
6 320 0.22819484770298004
6 400 0.10697150230407715
7 0 0.13735567033290863
7 80 0.09160242229700089
7 160 0.15413804352283478
7 240 0.18990004062652588
7 320 0.10549839586019516
7 400 0.09560276567935944
8 0 0.13650991022586823
8 80 0.060856446623802185
8 160 0.052943095564842224
8 240 0.1679113358259201
8 320 0.12256235629320145
8 400 0.09020595997571945
9 0 0.06510589271783829
9 80 0.10129973292350769
9 160 0.07486451417207718
9 240 0.06445175409317017
9 320 0.05940139666199684
9 400 0.12768930196762085
10 0 0.06046536937355995
10 80 0.12473107874393463
10 160 0.08365395665168762
10 240 0.11439211666584015
10 320 0.07739541679620743
10 400 0.11170821636915207
11 0 0.1116664931178093
11 80 0.05043565854430199
11 160 0.09000591933727264
11 240 0.06516575813293457
11 320 0.17034968733787537
11 400 0.03197169303894043
12 0 0.09212712943553925
12 80 0.06019916012883186
12 160 0.08893968909978867
12 240 0.10876148194074631
12 320 0.045781251043081284
12 400 0.18278762698173523
13 0 0.09546927362680435
13 80 0.07370403409004211
13 160 0.135820671916008
13 240 0.09374302625656128
13 320 0.07990828901529312
13 400 0.028742721304297447
14 0 0.06650517880916595
14 80 0.041840460151433945
14 160 0.055198200047016144
14 240 0.08367546647787094
14 320 0.08002123236656189
14 400 0.10321642458438873
15 0 0.09950774908065796
15 80 0.10704119503498077
15 160 0.06455037742853165
15 240 0.0963539406657219
15 320 0.060024891048669815
15 400 0.04803428426384926
16 0 0.03724754974246025
16 80 0.03911994770169258
16 160 0.06852299720048904
16 240 0.03916565701365471
16 320 0.04597708582878113
16 400 0.06309688091278076
17 0 0.05810200423002243
17 80 0.05473731458187103
17 160 0.077691450715065
17 240 0.050021152943372726
17 320 0.03943541273474693
17 400 0.0835898220539093
18 0 0.07755719125270844
18 80 0.07652120292186737
18 160 0.05427539721131325
18 240 0.03741731494665146
18 320 0.1364303082227707
18 400 0.030836958438158035
19 0 0.026766736060380936
19 80 0.05652280151844025
19 160 0.021981047466397285
19 240 0.04309941828250885
19 320 0.04513860121369362
19 400 0.09805057942867279
20 0 0.05208185687661171
20 80 0.041937582194805145
20 160 0.054517362266778946
20 240 0.04324272274971008
20 320 0.05553680285811424
20 400 0.07382570207118988
21 0 0.06551384925842285
21 80 0.0745350793004036
21 160 0.05063820630311966
21 240 0.019079450517892838
21 320 0.033767011016607285
21 400 0.020141486078500748
22 0 0.055608056485652924
22 80 0.05026944726705551
22 160 0.09051309525966644
22 240 0.04537658393383026
22 320 0.027900593355298042
22 400 0.03357589244842529
23 0 0.057164933532476425
23 80 0.03356660529971123
23 160 0.048075929284095764
23 240 0.06325577944517136
23 320 0.08234880119562149
23 400 0.072431780397892
24 0 0.03401028737425804
24 80 0.03622620925307274
24 160 0.049217235296964645
24 240 0.09851914644241333
24 320 0.06909976899623871
24 400 0.041481710970401764
25 0 0.03814531862735748
25 80 0.037747886031866074
25 160 0.035168200731277466
25 240 0.02823416329920292
25 320 0.03042829968035221
25 400 0.030641991645097733
26 0 0.06678548455238342
26 80 0.03128436207771301
26 160 0.0325949490070343
26 240 0.03199177235364914
26 320 0.0926736369729042
26 400 0.04085489735007286
27 0 0.020461101084947586
27 80 0.03329967334866524
27 160 0.03442063182592392
27 240 0.07938970625400543
27 320 0.07588851451873779
27 400 0.09365204721689224
28 0 0.09372818470001221
28 80 0.035981159657239914
28 160 0.05427831411361694
28 240 0.048469532281160355
28 320 0.056898925453424454
28 400 0.024742798879742622
29 0 0.038142070174217224
29 80 0.04008682444691658
29 160 0.038297221064567566
29 240 0.030078507959842682
29 320 0.03765474632382393
29 400 0.037884801626205444
30 0 0.02414363995194435
30 80 0.041197195649147034
30 160 0.05283653736114502
30 240 0.033599287271499634
30 320 0.06166675686836243
30 400 0.042062368243932724
31 0 0.02236855961382389
31 80 0.029393939301371574
31 160 0.013629794120788574
31 240 0.057415932416915894
31 320 0.05623738095164299
31 400 0.06510629504919052
32 0 0.026622001081705093
32 80 0.0379372276365757
32 160 0.026948513463139534
32 240 0.025466227903962135
32 320 0.030764160677790642
32 400 0.05560602992773056
33 0 0.02775961346924305
33 80 0.03170293569564819
33 160 0.05934075266122818
33 240 0.09157650172710419
33 320 0.03153526410460472
33 400 0.030452623963356018
34 0 0.05214213952422142
34 80 0.04800357297062874
34 160 0.025769716128706932
34 240 0.02753179706633091
34 320 0.02900870516896248
34 400 0.04154403135180473
35 0 0.022747930139303207
35 80 0.0684494897723198
35 160 0.051759447902441025
35 240 0.04690222814679146
35 320 0.09055199474096298
35 400 0.04256335645914078
36 0 0.054993100464344025
36 80 0.026718398556113243
36 160 0.022636808454990387
36 240 0.04096139222383499
36 320 0.0547868087887764
36 400 0.022196289151906967
37 0 0.04348236694931984
37 80 0.020423971116542816
37 160 0.014123210683465004
37 240 0.029935555532574654
37 320 0.08572012186050415
37 400 0.08973357826471329
38 0 0.02137492410838604
38 80 0.01648639515042305
38 160 0.03358079865574837
38 240 0.028941798955202103
38 320 0.04692608490586281
38 400 0.06272374093532562
39 0 0.006712606176733971
39 80 0.026623591780662537
39 160 0.022147707641124725
39 240 0.03083457238972187
39 320 0.01395665854215622
39 400 0.028860565274953842
40 0 0.010888103395700455
40 80 0.013233750127255917
40 160 0.061363592743873596
40 240 0.03002464771270752
40 320 0.0325741283595562
40 400 0.034401942044496536
41 0 0.05486396327614784
41 80 0.03905541077256203
41 160 0.015855805948376656
41 240 0.036497533321380615
41 320 0.040805354714393616
41 400 0.018870605155825615
42 0 0.026905035600066185
42 80 0.06591667979955673
42 160 0.05060381814837456
42 240 0.01990971341729164
42 320 0.02250739373266697
42 400 0.01842212677001953
43 0 0.04769172891974449
43 80 0.04149018973112106
43 160 0.012072394602000713
43 240 0.016151323914527893
43 320 0.0072752139531075954
43 400 0.015659386292099953
44 0 0.01821548119187355
44 80 0.015935050323605537
44 160 0.01266545057296753
44 240 0.01941795088350773
44 320 0.035331953316926956
44 400 0.02540089748799801
45 0 0.022445522248744965
45 80 0.020727945491671562
45 160 0.01506939809769392
45 240 0.04552379623055458
45 320 0.014577733352780342
45 400 0.03043404594063759
46 0 0.016245761886239052
46 80 0.029485497623682022
46 160 0.016071006655693054
46 240 0.04355970025062561
46 320 0.03230379521846771
46 400 0.013587960973381996
47 0 0.016891589388251305
47 80 0.03609379753470421
47 160 0.010783127509057522
47 240 0.04535546526312828
47 320 0.023473137989640236
47 400 0.06314646452665329
48 0 0.014044412411749363
48 80 0.04803360626101494
48 160 0.014331172220408916
48 240 0.031581442803144455
48 320 0.01799619011580944
48 400 0.020474711433053017
49 0 0.023346832022070885
49 80 0.014837704598903656
49 160 0.019045375287532806
49 240 0.01816088892519474
49 320 0.020306818187236786
49 400 0.034750111401081085
50 0 0.02013201080262661
50 80 0.0392780676484108
50 160 0.03191627189517021
50 240 0.0541384331882
50 320 0.02439555898308754
50 400 0.01858004555106163
51 0 0.01821136102080345
51 80 0.007940992712974548
51 160 0.020448436960577965
51 240 0.022127117961645126
51 320 0.012257070280611515
51 400 0.025338349863886833
52 0 0.02390763908624649
52 80 0.021903296932578087
52 160 0.020521337166428566
52 240 0.0320894680917263
52 320 0.01263135951012373
52 400 0.013515975326299667
53 0 0.02123480848968029
53 80 0.024661960080266
53 160 0.009723597206175327
53 240 0.0242995023727417
53 320 0.017383739352226257
53 400 0.023650381714105606
54 0 0.016970857977867126
54 80 0.02330210991203785
54 160 0.020609872415661812
54 240 0.031752072274684906
54 320 0.013439774513244629
54 400 0.0075501613318920135
55 0 0.024423129856586456
55 80 0.08991768956184387
55 160 0.027430111542344093
55 240 0.023496394976973534
55 320 0.018018370494246483
55 400 0.01421013381332159
56 0 0.014446592889726162
56 80 0.026947563514113426
56 160 0.020627543330192566
56 240 0.01753661409020424
56 320 0.028494125232100487
56 400 0.012088718824088573
57 0 0.026497602462768555
57 80 0.01845122128725052
57 160 0.03497818857431412
57 240 0.0222401712089777
57 320 0.03100750781595707
57 400 0.015222865156829357
58 0 0.020217405632138252
58 80 0.017874084413051605
58 160 0.01684974692761898
58 240 0.023873962461948395
58 320 0.018898161128163338
58 400 0.012103558517992496
59 0 0.014785246923565865
59 80 0.027526438236236572
59 160 0.03064841777086258
59 240 0.013420010916888714
59 320 0.015206619165837765
59 400 0.019853008911013603
60 0 0.009491488337516785
60 80 0.01959630846977234
60 160 0.011871338821947575
60 240 0.021517395973205566
60 320 0.02113843522965908
60 400 0.02003416232764721
61 0 0.01757879927754402
61 80 0.018238482996821404
61 160 0.010952744632959366
61 240 0.018287470564246178
61 320 0.00967407412827015
61 400 0.02842293493449688
62 0 0.021534504368901253
62 80 0.025094466283917427
62 160 0.010051337070763111
62 240 0.02336094155907631
62 320 0.025691412389278412
62 400 0.034429822117090225
63 0 0.027580304071307182
63 80 0.03486606106162071
63 160 0.006334420293569565
63 240 0.03931117057800293
63 320 0.01023548562079668
63 400 0.029940329492092133
64 0 0.012593023478984833
64 80 0.024019727483391762
64 160 0.01176050677895546
64 240 0.00852357316762209
64 320 0.01210621278733015
64 400 0.01988993026316166
65 0 0.012810786254703999
65 80 0.02913999930024147
65 160 0.014678893610835075
65 240 0.020526641979813576
65 320 0.008188906125724316
65 400 0.013085821643471718
66 0 0.01484073605388403
66 80 0.01860900968313217
66 160 0.0056511093862354755
66 240 0.03938423469662666
66 320 0.00997127965092659
66 400 0.035822853446006775
67 0 0.01092163659632206
67 80 0.021911948919296265
67 160 0.01332901418209076
67 240 0.028667867183685303
67 320 0.0055743674747645855
67 400 0.02039472945034504
68 0 0.01855006255209446
68 80 0.026498526334762573
68 160 0.010527853854000568
68 240 0.020879503339529037
68 320 0.00843354593962431
68 400 0.021142154932022095
69 0 0.011503222398459911
69 80 0.012905042618513107
69 160 0.021480310708284378
69 240 0.023424983024597168
69 320 0.026272131130099297
69 400 0.012976567260921001
70 0 0.018263835459947586
70 80 0.009446075186133385
70 160 0.017471997067332268
70 240 0.008928845636546612
70 320 0.01100119948387146
70 400 0.012526283971965313
71 0 0.01291190180927515
71 80 0.010161882266402245
71 160 0.00801156833767891
71 240 0.015355384908616543
71 320 0.0128465062007308
71 400 0.016296429559588432
72 0 0.013366546481847763
72 80 0.030234159901738167
72 160 0.02178322523832321
72 240 0.019640931859612465
72 320 0.004174889996647835
72 400 0.010075442492961884
73 0 0.008976275101304054
73 80 0.010274022817611694
73 160 0.016687240451574326
73 240 0.008551332168281078
73 320 0.01271150168031454
73 400 0.01614031381905079
74 0 0.019110914319753647
74 80 0.014233593828976154
74 160 0.015881525352597237
74 240 0.05133095756173134
74 320 0.016673127189278603
74 400 0.013654196634888649
75 0 0.011335356160998344
75 80 0.010571618564426899
75 160 0.010170469991862774
75 240 0.009366543032228947
75 320 0.008441569283604622
75 400 0.012539860792458057
76 0 0.014939595013856888
76 80 0.015889937058091164
76 160 0.011954492889344692
76 240 0.01704535074532032
76 320 0.007050605956465006
76 400 0.013940001837909222
77 0 0.00958194024860859
77 80 0.017157256603240967
77 160 0.00873125996440649
77 240 0.011475951410830021
77 320 0.008158143609762192
77 400 0.005524158012121916
78 0 0.011640491895377636
78 80 0.011998950503766537
78 160 0.003701200243085623
78 240 0.010497289709746838
78 320 0.019230486825108528
78 400 0.0065161073580384254
79 0 0.006742551922798157
79 80 0.015444477088749409
79 160 0.011796028353273869
79 240 0.007465994451195002
79 320 0.00906344223767519
79 400 0.011927972547709942
80 0 0.015128786675632
80 80 0.01809149608016014
80 160 0.02461954392492771
80 240 0.007721452508121729
80 320 0.005710110999643803
80 400 0.011893105693161488
81 0 0.008910926058888435
81 80 0.014193298295140266
81 160 0.020778296515345573
81 240 0.015327784232795238
81 320 0.007906624116003513
81 400 0.011425629258155823
82 0 0.02305261790752411
82 80 0.008126989006996155
82 160 0.010624133050441742
82 240 0.007538183592259884
82 320 0.010810409672558308
82 400 0.007391514256596565
83 0 0.006235362496227026
83 80 0.006298056337982416
83 160 0.011543480679392815
83 240 0.025934875011444092
83 320 0.010246147401630878
83 400 0.011725303716957569
84 0 0.008758662268519402
84 80 0.01610831543803215
84 160 0.01368466392159462
84 240 0.01428818516433239
84 320 0.008628927171230316
84 400 0.01640274189412594
85 0 0.0129261938855052
85 80 0.016416024416685104
85 160 0.017331872135400772
85 240 0.010852392762899399
85 320 0.00787166878581047
85 400 0.006207092199474573
86 0 0.016895558685064316
86 80 0.009079089388251305
86 160 0.009471532888710499
86 240 0.007002527359873056
86 320 0.0079429242759943
86 400 0.010310540907084942
87 0 0.008144372142851353
87 80 0.01347427535802126
87 160 0.00825723446905613
87 240 0.01103465911000967
87 320 0.007601168472319841
87 400 0.008587630465626717
88 0 0.04559313878417015
88 80 0.008287484757602215
88 160 0.02421930804848671
88 240 0.010184355080127716
88 320 0.010227595455944538
88 400 0.009345180355012417
89 0 0.005751362070441246
89 80 0.007883337326347828
89 160 0.008912673220038414
89 240 0.0061500039882957935
89 320 0.011165732517838478
89 400 0.009612547233700752
90 0 0.010975942946970463
90 80 0.010943710803985596
90 160 0.01527057308703661
90 240 0.018484190106391907
90 320 0.006100567523390055
90 400 0.014115085825324059
91 0 0.007514810189604759
91 80 0.018289946019649506
91 160 0.009445046074688435
91 240 0.009454332292079926
91 320 0.007864913903176785
91 400 0.014704353176057339
92 0 0.008594805374741554
92 80 0.009360957890748978
92 160 0.005978474393486977
92 240 0.0060099046677351
92 320 0.0066610174253582954
92 400 0.009222369641065598
93 0 0.010066459886729717
93 80 0.012792243622243404
93 160 0.007248310837894678
93 240 0.011675305664539337
93 320 0.018624400720000267
93 400 0.007283941842615604
94 0 0.010639958083629608
94 80 0.01359137985855341
94 160 0.014937867410480976
94 240 0.006649807561188936
94 320 0.024346524849534035
94 400 0.009694972075521946
95 0 0.004658322781324387
95 80 0.011306626722216606
95 160 0.008166403509676456
95 240 0.01094908732920885
95 320 0.016021478921175003
95 400 0.003512259805575013
96 0 0.00968850962817669
96 80 0.010890964418649673
96 160 0.006069454364478588
96 240 0.0071969530545175076
96 320 0.013573069125413895
96 400 0.006074912380427122
97 0 0.007819145917892456
97 80 0.01886766217648983
97 160 0.005949703045189381
97 240 0.010930342599749565
97 320 0.007695415057241917
97 400 0.013527372851967812
98 0 0.01116140466183424
98 80 0.014051910489797592
98 160 0.011919787153601646
98 240 0.0050845276564359665
98 320 0.009972482919692993
98 400 0.009927378967404366
99 0 0.007630475331097841
99 80 0.008877241052687168
99 160 0.009350039064884186
99 240 0.00823278073221445
99 320 0.012680675834417343
99 400 0.007895378395915031
100 0 0.004432354122400284
100 80 0.01552068442106247
100 160 0.005492782220244408
100 240 0.010252811014652252
100 320 0.008495337329804897
100 400 0.018026238307356834
101 0 0.007109560538083315
101 80 0.005713994149118662
101 160 0.014571279287338257
101 240 0.008072413504123688
101 320 0.017155306413769722
101 400 0.008897479623556137
102 0 0.006616857834160328
102 80 0.007709756027907133
102 160 0.010773533955216408
102 240 0.004706664476543665
102 320 0.00837605819106102
102 400 0.009039781987667084
103 0 0.015248226933181286
103 80 0.011008007451891899
103 160 0.010178298689424992
103 240 0.011653106659650803
103 320 0.0039933524094522
103 400 0.007797079160809517
104 0 0.005050981882959604
104 80 0.013090232387185097
104 160 0.011616438627243042
104 240 0.009809945710003376
104 320 0.009921038523316383
104 400 0.011553469114005566
105 0 0.01027075108140707
105 80 0.006757359951734543
105 160 0.008077401667833328
105 240 0.011421380564570427
105 320 0.009171057492494583
105 400 0.008260098285973072
106 0 0.004747699946165085
106 80 0.011597360484302044
106 160 0.006381122395396233
106 240 0.005626553203910589
106 320 0.010175730101764202
106 400 0.007275712676346302
107 0 0.009723066352307796
107 80 0.009278534911572933
107 160 0.007421303074806929
107 240 0.00607663206756115
107 320 0.010110198520123959
107 400 0.011402063071727753
108 0 0.008468645624816418
108 80 0.005973243620246649
108 160 0.010893655940890312
108 240 0.0099717378616333
108 320 0.0017165294848382473
108 400 0.006825619842857122
109 0 0.006948063615709543
109 80 0.009997889399528503
109 160 0.007675473112612963
109 240 0.00839405506849289
109 320 0.009731750003993511
109 400 0.007575704716145992
110 0 0.005670248065143824
110 80 0.009278424084186554
110 160 0.0031716707162559032
110 240 0.004599536769092083
110 320 0.010889185592532158
110 400 0.005247479770332575
111 0 0.0047039310447871685
111 80 0.007460457272827625
111 160 0.007997384294867516
111 240 0.009825209155678749
111 320 0.00758987944573164
111 400 0.012409856542944908
112 0 0.003714819671586156
112 80 0.009294131770730019
112 160 0.008888745680451393
112 240 0.011284362524747849
112 320 0.004720078781247139
112 400 0.006342906504869461
113 0 0.0071196174249053
113 80 0.010285275056958199
113 160 0.010100874118506908
113 240 0.009839184582233429
113 320 0.00803834293037653
113 400 0.011095300316810608
114 0 0.008937856182456017
114 80 0.008731210604310036
114 160 0.004190629348158836
114 240 0.004110222216695547
114 320 0.003846393432468176
114 400 0.010930432006716728
115 0 0.00471368245780468
115 80 0.004079928621649742
115 160 0.009189018048346043
115 240 0.009347517043352127
115 320 0.003939639776945114
115 400 0.00977106112986803
116 0 0.004690140951424837
116 80 0.005628032609820366
116 160 0.007727214600890875
116 240 0.007962359115481377
116 320 0.0064144800417125225
116 400 0.005953910760581493
117 0 0.0055151889100670815
117 80 0.0030274318996816874
117 160 0.008230882696807384
117 240 0.010535478591918945
117 320 0.00691079581156373
117 400 0.007797475438565016
118 0 0.0048986696638166904
118 80 0.007178803440183401
118 160 0.0034928536042571068
118 240 0.006739344447851181
118 320 0.007388896308839321
118 400 0.005037557799369097
119 0 0.004326919559389353
119 80 0.009522970765829086
119 160 0.006729337386786938
119 240 0.004242522642016411
119 320 0.005032702814787626
119 400 0.0067747184075415134
120 0 0.009534061886370182
120 80 0.008131935261189938
120 160 0.0066772522404789925
120 240 0.008853050880134106
120 320 0.006606003735214472
120 400 0.006811929401010275
121 0 0.008213303983211517
121 80 0.004602961242198944
121 160 0.007783888373523951
121 240 0.008173431269824505
121 320 0.008252480067312717
121 400 0.008267930708825588
122 0 0.014019754715263844
122 80 0.01197681576013565
122 160 0.0027053256053477526
122 240 0.011689864099025726
122 320 0.010086111724376678
122 400 0.004345254506915808
123 0 0.007801442872732878
123 80 0.005462367553263903
123 160 0.005619080271571875
123 240 0.011852016672492027
123 320 0.005660994444042444
123 400 0.006904324050992727
124 0 0.009070903062820435
124 80 0.010077010840177536
124 160 0.011044283397495747
124 240 0.0073128025978803635
124 320 0.00678839348256588
124 400 0.008313112892210484
125 0 0.006555918604135513
125 80 0.007091966457664967
125 160 0.00826902687549591
125 240 0.008382121101021767
125 320 0.012501952238380909
125 400 0.0031803410965949297
126 0 0.008999301120638847
126 80 0.012779979966580868
126 160 0.0022354216780513525
126 240 0.0030693216249346733
126 320 0.006935540586709976
126 400 0.005453425459563732
127 0 0.004020549822598696
127 80 0.004921042360365391
127 160 0.006694283802062273
127 240 0.006728205364197493
127 320 0.0035799178294837475
127 400 0.004867216106504202
128 0 0.004013941623270512
128 80 0.0027330105658620596
128 160 0.004230912774801254
128 240 0.0020272976253181696
128 320 0.007119420915842056
128 400 0.007947118021547794
129 0 0.006886462215334177
129 80 0.0049803173169493675
129 160 0.0063880570232868195
129 240 0.0075134532526135445
129 320 0.00836463924497366
129 400 0.004471485037356615
130 0 0.008152925409376621
130 80 0.002942341146990657
130 160 0.006839430890977383
130 240 0.00867511611431837
130 320 0.0033194541465491056
130 400 0.0048531824722886086
131 0 0.004728320054709911
131 80 0.014168751426041126
131 160 0.002442379482090473
131 240 0.0049776495434343815
131 320 0.008382967673242092
131 400 0.01731240749359131
132 0 0.004923304542899132
132 80 0.010023252107203007
132 160 0.005626554600894451
132 240 0.003984565380960703
132 320 0.010406598448753357
132 400 0.004308993928134441
133 0 0.0036492827348411083
133 80 0.009971847757697105
133 160 0.008135821670293808
133 240 0.002247957279905677
133 320 0.005831737536936998
133 400 0.008670655079185963
134 0 0.0058428095653653145
134 80 0.006613678298890591
134 160 0.006220637354999781
134 240 0.008779189549386501
134 320 0.0024257865734398365
134 400 0.006019511725753546
135 0 0.005879327189177275
135 80 0.00554954307153821
135 160 0.0036999424919486046
135 240 0.008569478988647461
135 320 0.013812043704092503
135 400 0.004873751662671566
136 0 0.011393635533750057
136 80 0.0059245191514492035
136 160 0.0028925356455147266
136 240 0.004529946483671665
136 320 0.004427449312061071
136 400 0.0062899817712605
137 0 0.008197251707315445
137 80 0.004866393748670816
137 160 0.0064826225861907005
137 240 0.003742784494534135
137 320 0.005633944645524025
137 400 0.007918698713183403
138 0 0.005486364476382732
138 80 0.004956936929374933
138 160 0.00415822071954608
138 240 0.001352683175355196
138 320 0.009149185381829739
138 400 0.005510544404387474
139 0 0.004891733638942242
139 80 0.002408625092357397
139 160 0.0033374731428921223
139 240 0.006241380237042904
139 320 0.017277127131819725
139 400 0.008448710665106773
140 0 0.0036335205659270287
140 80 0.0047584776766598225
140 160 0.0056586856953799725
140 240 0.005681423470377922
140 320 0.013843090273439884
140 400 0.012164180167019367
141 0 0.0071256402879953384
141 80 0.0018704906105995178
141 160 0.0031353936064988375
141 240 0.011405370198190212
141 320 0.009771839715540409
141 400 0.0019063471117988229
142 0 0.004297938663512468
142 80 0.005213097203522921
142 160 0.0036442773416638374
142 240 0.004866688512265682
142 320 0.011774059385061264
142 400 0.008349774405360222
143 0 0.002833012258633971
143 80 0.007135951425880194
143 160 0.008067134767770767
143 240 0.007379135582596064
143 320 0.005037982482463121
143 400 0.006077330559492111
144 0 0.006145877297967672
144 80 0.005218271631747484
144 160 0.0021593859419226646
144 240 0.006821827497333288
144 320 0.010895943269133568
144 400 0.004511990584433079
145 0 0.004749711602926254
145 80 0.005357977002859116
145 160 0.002659672172740102
145 240 0.006297922693192959
145 320 0.006344849243760109
145 400 0.0054052346386015415
146 0 0.006200386676937342
146 80 0.009115390479564667
146 160 0.002524178707972169
146 240 0.0036846501752734184
146 320 0.003491954645141959
146 400 0.005060775671154261
147 0 0.0027652594726532698
147 80 0.004805570933967829
147 160 0.006820979528129101
147 240 0.0014071814948692918
147 320 0.005053429398685694
147 400 0.006012814585119486
148 0 0.0029165351297706366
148 80 0.0028232294134795666
148 160 0.009230218827724457
148 240 0.002263021422550082
148 320 0.004426250699907541
148 400 0.006122841965407133
149 0 0.0037642945535480976
149 80 0.01157532911747694
149 160 0.0037819717545062304
149 240 0.008024809882044792
149 320 0.00669277785345912
149 400 0.004559687804430723
150 0 0.0067018806003034115
150 80 0.004095417447388172
150 160 0.0032222773879766464
150 240 0.007908932864665985
150 320 0.004871036391705275
150 400 0.007190467324107885
151 0 0.003728519892320037
151 80 0.005045224446803331
151 160 0.001807943801395595
151 240 0.00736040947958827
151 320 0.009054022841155529
151 400 0.00408564368262887
152 0 0.0062325140461325645
152 80 0.005005829036235809
152 160 0.004704162944108248
152 240 0.004107446409761906
152 320 0.004479588940739632
152 400 0.003991412464529276
153 0 0.002746526151895523
153 80 0.003886172315105796
153 160 0.003703746246173978
153 240 0.004036335740238428
153 320 0.0025653138291090727
153 400 0.0034842174500226974
154 0 0.004261704161763191
154 80 0.0069037387147545815
154 160 0.008351584896445274
154 240 0.006428084801882505
154 320 0.0066046519204974174
154 400 0.0034691584296524525
155 0 0.005279474891722202
155 80 0.003441964741796255
155 160 0.008544226177036762
155 240 0.002961000893265009
155 320 0.003016779199242592
155 400 0.004126029554754496
156 0 0.0026461672969162464
156 80 0.0010746525367721915
156 160 0.0032860261853784323
156 240 0.004654761869460344
156 320 0.005874211899936199
156 400 0.004715072922408581
157 0 0.00592753617092967
157 80 0.005159424617886543
157 160 0.007448643445968628
157 240 0.0028059890028089285
157 320 0.003967225085943937
157 400 0.004051370080560446
158 0 0.003371922532096505
158 80 0.003336619585752487
158 160 0.00809630099684
158 240 0.0020248692017048597
158 320 0.0028007030487060547
158 400 0.005970777478069067
159 0 0.010952684096992016
159 80 0.0046762581914663315
159 160 0.0025601405650377274
159 240 0.006219728849828243
159 320 0.004050574265420437
159 400 0.00391105841845274
160 0 0.0015556743601337075
160 80 0.004295017570257187
160 160 0.006816323846578598
160 240 0.00850118137896061
160 320 0.007136308588087559
160 400 0.0035230081994086504
161 0 0.003597862320020795
161 80 0.002863032277673483
161 160 0.0063379378989338875
161 240 0.005301966797560453
161 320 0.005450415890663862
161 400 0.004616788122802973
162 0 0.004670452792197466
162 80 0.002776217879727483
162 160 0.0052182432264089584
162 240 0.002486057346686721
162 320 0.0021640430204570293
162 400 0.008122939616441727
163 0 0.00403548264876008
163 80 0.008725123479962349
163 160 0.0032923079561442137
163 240 0.0043062190525233746
163 320 0.0037402333691716194
163 400 0.006402863655239344
164 0 0.0036198452580720186
164 80 0.004128407686948776
164 160 0.0024514703545719385
164 240 0.0029437451157718897
164 320 0.003904141951352358
164 400 0.006086854264140129
165 0 0.004310803022235632
165 80 0.0028613675385713577
165 160 0.007670280523598194
165 240 0.0030576393473893404
165 320 0.0035016683395951986
165 400 0.0049614617601037025
166 0 0.007325537037104368
166 80 0.005911773536354303
166 160 0.005610196851193905
166 240 0.005971862468868494
166 320 0.0032584115397185087
166 400 0.002391515066847205
167 0 0.011717726476490498
167 80 0.005506429355591536
167 160 0.004264487884938717
167 240 0.007875693961977959
167 320 0.006170832552015781
167 400 0.0026139954570680857
168 0 0.002329285489395261
168 80 0.0035738914739340544
168 160 0.004529817029833794
168 240 0.00712201651185751
168 320 0.00412977347150445
168 400 0.004807006102055311
169 0 0.0027271523140370846
169 80 0.0049618869088590145
169 160 0.0033607843797653913
169 240 0.005104641430079937
169 320 0.003744015470147133
169 400 0.008501257747411728
170 0 0.001791992224752903
170 80 0.007465669419616461
170 160 0.0044511836022138596
170 240 0.0031151913572102785
170 320 0.0030886868480592966
170 400 0.0057699293829500675
171 0 0.00384626816958189
171 80 0.0047687035985291
171 160 0.002779921982437372
171 240 0.002501503564417362
171 320 0.005268398206681013
171 400 0.0045107947662472725
172 0 0.00476608844473958
172 80 0.0062921554781496525
172 160 0.002539474982768297
172 240 0.003957358654588461
172 320 0.004318665247410536
172 400 0.003077337285503745
173 0 0.00474558025598526
173 80 0.006931416690349579
173 160 0.004025296773761511
173 240 0.002500173170119524
173 320 0.003860032418742776
173 400 0.003804630832746625
174 0 0.004055800382047892
174 80 0.0034141861833631992
174 160 0.005923063959926367
174 240 0.0032470212318003178
174 320 0.0033839428797364235
174 400 0.0047662509605288506
175 0 0.006014960817992687
175 80 0.004320803098380566
175 160 0.005445979535579681
175 240 0.0031653770711272955
175 320 0.003915382549166679
175 400 0.008478758856654167
176 0 0.0022496944293379784
176 80 0.005325318314135075
176 160 0.00563402334228158
176 240 0.00457680644467473
176 320 0.005064362194389105
176 400 0.005377957131713629
177 0 0.004016533959656954
177 80 0.010055295191705227
177 160 0.004184247925877571
177 240 0.006191899534314871
177 320 0.0073914662934839725
177 400 0.003219958394765854
178 0 0.005353144370019436
178 80 0.006414508447051048
178 160 0.0038466856349259615
178 240 0.008799147792160511
178 320 0.0022470480762422085
178 400 0.0021981915924698114
179 0 0.005144162569195032
179 80 0.001125856302678585
179 160 0.0026084159035235643
179 240 0.0034793908707797527
179 320 0.002642721403390169
179 400 0.00369820068590343
180 0 0.003421943634748459
180 80 0.0036351350136101246
180 160 0.0009650398278608918
180 240 0.005240109283477068
180 320 0.004115961492061615
180 400 0.0035370478872209787
181 0 0.004834655672311783
181 80 0.00867355614900589
181 160 0.003614085027948022
181 240 0.006487085483968258
181 320 0.001709675183519721
181 400 0.003457966260612011
182 0 0.005788708105683327
182 80 0.0059493537992239
182 160 0.005838620476424694
182 240 0.0060988422483205795
182 320 0.004818340297788382
182 400 0.003828240092843771
183 0 0.006457478739321232
183 80 0.006422445643693209
183 160 0.0036786459386348724
183 240 0.0031913137063384056
183 320 0.0017003046814352274
183 400 0.0020974851213395596
184 0 0.001117320847697556
184 80 0.0025817928835749626
184 160 0.0019512601429596543
184 240 0.005207017995417118
184 320 0.0043716467916965485
184 400 0.0024490098003298044
185 0 0.0034789720084518194
185 80 0.0025376062840223312
185 160 0.0063254497945308685
185 240 0.003771450836211443
185 320 0.004012359771877527
185 400 0.005257552023977041
186 0 0.004884663037955761
186 80 0.002326235407963395
186 160 0.0059912241995334625
186 240 0.0054654888808727264
186 320 0.0030031229835003614
186 400 0.009101467207074165
187 0 0.0032688863575458527
187 80 0.003775130957365036
187 160 0.0028333798982203007
187 240 0.0034416180569678545
187 320 0.003866840386763215
187 400 0.004324267618358135
188 0 0.00369750102981925
188 80 0.002933044685050845
188 160 0.0026833408046513796
188 240 0.002500231144949794
188 320 0.004140009172260761
188 400 0.0068261814303696156
189 0 0.0043828715570271015
189 80 0.005500770173966885
189 160 0.0038279432337731123
189 240 0.002797233173623681
189 320 0.00567607581615448
189 400 0.0029739434830844402
190 0 0.004559348803013563
190 80 0.003559894859790802
190 160 0.001510374597273767
190 240 0.0035922168754041195
190 320 0.005954133812338114
190 400 0.0028367347549647093
191 0 0.005580119322985411
191 80 0.0034157587215304375
191 160 0.0026037029456347227
191 240 0.0020946043077856302
191 320 0.0019937593024224043
191 400 0.005559991113841534
192 0 0.0027857900131493807
192 80 0.0032271414529532194
192 160 0.004498797934502363
192 240 0.004038634244352579
192 320 0.004226916003972292
192 400 0.0044901082292199135
193 0 0.004053441807627678
193 80 0.0027746763080358505
193 160 0.00209326040931046
193 240 0.002760075032711029
193 320 0.002218273701146245
193 400 0.0036065098829567432
194 0 0.0017021558014675975
194 80 0.004017917905002832
194 160 0.005188245791941881
194 240 0.00401326222345233
194 320 0.0036331848241388798
194 400 0.004805093631148338
195 0 0.006009918171912432
195 80 0.0011051043402403593
195 160 0.0051618823781609535
195 240 0.0026847696863114834
195 320 0.004025628790259361
195 400 0.004267076496034861
196 0 0.0041672647930681705
196 80 0.005925135221332312
196 160 0.0036655825097113848
196 240 0.001639058580622077
196 320 0.004392772447317839
196 400 0.0033587247598916292
197 0 0.003270971355959773
197 80 0.0043056681752204895
197 160 0.00221777381375432
197 240 0.003926944453269243
197 320 0.001761311898007989
197 400 0.0034149321727454662
198 0 0.0064829131588339806
198 80 0.006203020457178354
198 160 0.003448460716754198
198 240 0.007831327617168427
198 320 0.00390009512193501
198 400 0.0035145804286003113
199 0 0.0021028369665145874
199 80 0.004888034891337156
199 160 0.0018556767608970404
199 240 0.0033483102452009916
199 320 0.0025932970456779003
199 400 0.004845506977289915
200 0 0.0015008514747023582
200 80 0.005005350336432457
200 160 0.0023525229189544916
200 240 0.004149623680859804
200 320 0.0024700805079191923
200 400 0.0057373372837901115
201 0 0.00533469021320343
201 80 0.004944882355630398
201 160 0.002095311414450407
201 240 0.002344825305044651
201 320 0.002648363821208477
201 400 0.002978351665660739
202 0 0.0031812686938792467
202 80 0.0026935741771012545
202 160 0.0025619957596063614
202 240 0.002722421195358038
202 320 0.0027023570146411657
202 400 0.006551813334226608
203 0 0.003429606556892395
203 80 0.0023523715790361166
203 160 0.005761032458394766
203 240 0.0026448448188602924
203 320 0.0061980742029845715
203 400 0.002561098663136363
204 0 0.005708388052880764
204 80 0.0022779006976634264
204 160 0.002045275643467903
204 240 0.00609656423330307
204 320 0.0038662103470414877
204 400 0.00303876050747931
205 0 0.004890356678515673
205 80 0.00422590272501111
205 160 0.0044083138927817345
205 240 0.0027121074963361025
205 320 0.0033302861265838146
205 400 0.0017253386322408915
206 0 0.005899365060031414
206 80 0.0039423368871212006
206 160 0.0050676302053034306
206 240 0.0035427967086434364
206 320 0.0018363366834819317
206 400 0.0028432635590434074
207 0 0.004280696623027325
207 80 0.004384858068078756
207 160 0.0031449056696146727
207 240 0.0006151251145638525
207 320 0.004056849051266909
207 400 0.0015999508323147893
208 0 0.0016348912613466382
208 80 0.0012421350693330169
208 160 0.003100442932918668
208 240 0.00348657020367682
208 320 0.0029233864042907953
208 400 0.004730063956230879
209 0 0.004370329435914755
209 80 0.003495781682431698
209 160 0.0027736080810427666
209 240 0.0048561072908341885
209 320 0.0023590053897351027
209 400 0.004572253208607435
210 0 0.00513855367898941
210 80 0.003115798346698284
210 160 0.0024133336264640093
210 240 0.004238770809024572
210 320 0.0033614817075431347
210 400 0.004841519985347986
211 0 0.0018778983503580093
211 80 0.0024777695070952177
211 160 0.0009613268775865436
211 240 0.003392986487597227
211 320 0.00520843593403697
211 400 0.002437689807265997
212 0 0.003536918433383107
212 80 0.0027660371270030737
212 160 0.0026261121965944767
212 240 0.004276446532458067
212 320 0.005080833565443754
212 400 0.006294512655586004
213 0 0.0019196041394025087
213 80 0.001910283463075757
213 160 0.0045067546889185905
213 240 0.005449915304780006
213 320 0.002720428165048361
213 400 0.002383812330663204
214 0 0.0022067436948418617
214 80 0.0035146595910191536
214 160 0.004307137336581945
214 240 0.007490086834877729
214 320 0.003098436165601015
214 400 0.0023307998199015856
215 0 0.002901440719142556
215 80 0.003173092845827341
215 160 0.003212105482816696
215 240 0.0036647224333137274
215 320 0.003308972343802452
215 400 0.0031603153329342604
216 0 0.002572868252173066
216 80 0.0023002249654382467
216 160 0.005005884915590286
216 240 0.002660788130015135
216 320 0.0021723632235080004
216 400 0.0024070683866739273
217 0 0.002597165759652853
217 80 0.0030698897317051888
217 160 0.003656973596662283
217 240 0.00416515301913023
217 320 0.0017355012241750956
217 400 0.0030502101872116327
218 0 0.0031870470847934484
218 80 0.0031101773492991924
218 160 0.0034794064704328775
218 240 0.003267107531428337
218 320 0.008805436082184315
218 400 0.002910307375714183
219 0 0.001854983507655561
219 80 0.003140896325930953
219 160 0.0023759263567626476
219 240 0.00241044070571661
219 320 0.004934331402182579
219 400 0.004025459289550781
220 0 0.0020447259303182364
220 80 0.0026442448142915964
220 160 0.002005147049203515
220 240 0.0035217066761106253
220 320 0.001351290149614215
220 400 0.0031268997117877007
221 0 0.002286514500156045
221 80 0.0031458891462534666
221 160 0.0029051778838038445
221 240 0.00230414723046124
221 320 0.003301242832094431
221 400 0.0027913404628634453
222 0 0.0023909802548587322
222 80 0.0015369808534160256
222 160 0.002680230652913451
222 240 0.002516602398827672
222 320 0.0029354658909142017
222 400 0.0036389215383678675
223 0 0.0027336652856320143
223 80 0.002615277422592044
223 160 0.0020183061715215445
223 240 0.0023550153709948063
223 320 0.0013456610031425953
223 400 0.0022182848770171404
224 0 0.0011303052306175232
224 80 0.0016043833456933498
224 160 0.0033337543718516827
224 240 0.003221473889425397
224 320 0.004049250856041908
224 400 0.00304152793250978
225 0 0.0036869519390165806
225 80 0.001459658844396472
225 160 0.003895665518939495
225 240 0.0030998752918094397
225 320 0.002637310652062297
225 400 0.00164759811013937
226 0 0.0017310881521552801
226 80 0.004812056664377451
226 160 0.0021643408108502626
226 240 0.005068653263151646
226 320 0.003843866754323244
226 400 0.0011119003174826503
227 0 0.0022364507894963026
227 80 0.0027252379804849625
227 160 0.0036972430534660816
227 240 0.0027370634488761425
227 320 0.002386793727055192
227 400 0.003362496616318822
228 0 0.0016305672470480204
228 80 0.0033979667350649834
228 160 0.0011379923671483994
228 240 0.0029767886735498905
228 320 0.0020159233827143908
228 400 0.002446019323542714
229 0 0.003706888994202018
229 80 0.002209820318967104
229 160 0.0036256464663892984
229 240 0.004100306890904903
229 320 0.002930897753685713
229 400 0.004636501427739859
230 0 0.0029854977037757635
230 80 0.0025599077343940735
230 160 0.004355279728770256
230 240 0.003031090134754777
230 320 0.0028081629425287247
230 400 0.003111164318397641
231 0 0.0021029149647802114
231 80 0.003364336211234331
231 160 0.002607953269034624
231 240 0.0026317473966628313
231 320 0.002910603303462267
231 400 0.003952594939619303
232 0 0.001774532487615943
232 80 0.003200826933607459
232 160 0.0029196757823228836
232 240 0.0015038764104247093
232 320 0.001252914546057582
232 400 0.004966736771166325
233 0 0.0027531932573765516
233 80 0.0006465433980338275
233 160 0.0018682198133319616
233 240 0.004323907662183046
233 320 0.0035339249297976494
233 400 0.003260622266680002
234 0 0.002603402128443122
234 80 0.0038495685439556837
234 160 0.0026439682114869356
234 240 0.004207166377454996
234 320 0.002758279675617814
234 400 0.0019019956234842539
235 0 0.0018501529702916741
235 80 0.002023635432124138
235 160 0.002482115989550948
235 240 0.003938606008887291
235 320 0.004910316783934832
235 400 0.00298581481911242
236 0 0.004311840981245041
236 80 0.002644232241436839
236 160 0.0025140822399407625
236 240 0.002456821734085679
236 320 0.002752869389951229
236 400 0.0034212039317935705
237 0 0.0037225978448987007
237 80 0.0013563897227868438
237 160 0.004099384415894747
237 240 0.002572983969002962
237 320 0.002154724905267358
237 400 0.0010244231671094894
238 0 0.004427610896527767
238 80 0.0025674966163933277
238 160 0.0026422550436109304
238 240 0.0016347937053069472
238 320 0.0014469748130068183
238 400 0.0027705691754817963
239 0 0.0034989183768630028
239 80 0.0027348618023097515
239 160 0.0011640810407698154
239 240 0.0026612039655447006
239 320 0.002831890247762203
239 400 0.0034153200685977936
240 0 0.0037139342166483402
240 80 0.0022062661591917276
240 160 0.0014908459270372987
240 240 0.00277438061311841
240 320 0.004301667213439941
240 400 0.003927288576960564
241 0 0.005271980073302984
241 80 0.0037475426215678453
241 160 0.0011554512893781066
241 240 0.0015104648191481829
241 320 0.0010240018600597978
241 400 0.0029616225510835648
242 0 0.0025625010021030903
242 80 0.004339644685387611
242 160 0.002749600214883685
242 240 0.003906349651515484
242 320 0.002244384726509452
242 400 0.0012492474634200335
243 0 0.0024040916468948126
243 80 0.0032598311081528664
243 160 0.001510054338723421
243 240 0.002549158874899149
243 320 0.003200861159712076
243 400 0.0032035219483077526
244 0 0.0020507194567471743
244 80 0.0022248714230954647
244 160 0.002062177984043956
244 240 0.003057429101318121
244 320 0.00364838563837111
244 400 0.004504314158111811
245 0 0.002739888848736882
245 80 0.0011644636979326606
245 160 0.0032736940775066614
245 240 0.0038016142789274454
245 320 0.004645312670618296
245 400 0.0024291500449180603
246 0 0.0024597414303570986
246 80 0.003796312026679516
246 160 0.00160150823649019
246 240 0.0010840307222679257
246 320 0.0035185927990823984
246 400 0.003714111167937517
247 0 0.0019348366186022758
247 80 0.002610224997624755
247 160 0.002961639314889908
247 240 0.003335056360810995
247 320 0.0029813034925609827
247 400 0.0010134262265637517
248 0 0.002983057638630271
248 80 0.0035344220232218504
248 160 0.0027475401293486357
248 240 0.002616224577650428
248 320 0.005277783144265413
248 400 0.003861580742523074
249 0 0.0029929622542113066
249 80 0.002084877574816346
249 160 0.0021166244987398386
249 240 0.0019583578687161207
249 320 0.002327187918126583
249 400 0.0030852456111460924
250 0 0.003399238921701908
250 80 0.0018498605350032449
250 160 0.001920278649777174
250 240 0.0019044606015086174
250 320 0.0022645378485322
250 400 0.0018615118460729718
251 0 0.0033208909444510937
251 80 0.003736386075615883
251 160 0.0016732815420255065
251 240 0.0026838872581720352
251 320 0.0015817038947716355
251 400 0.0007086641271598637
252 0 0.0021802224218845367
252 80 0.0013777861604467034
252 160 0.0017883192049339414
252 240 0.00442960299551487
252 320 0.002901896135881543
252 400 0.0024719610810279846
253 0 0.003104361705482006
253 80 0.0033683155197650194
253 160 0.0022570244036614895
253 240 0.0014007295249029994
253 320 0.0017071444308385253
253 400 0.0038464805111289024
254 0 0.0011066715233027935
254 80 0.005131723824888468
254 160 0.0021546809002757072
254 240 0.0033920742571353912
254 320 0.0032961212564259768
254 400 0.00248410040512681
255 0 0.0038498747162520885
255 80 0.002676493488252163
255 160 0.004131497349590063
255 240 0.0019934121519327164
255 320 0.003521803766489029
255 400 0.002094533294439316
256 0 0.0024369547609239817
256 80 0.0010642040288075805
256 160 0.0015526448842138052
256 240 0.004140783101320267
256 320 0.002847398864105344
256 400 0.002304558642208576
257 0 0.001266578445211053
257 80 0.002073831856250763
257 160 0.0013031766284257174
257 240 0.0032396919559687376
257 320 0.0031760772690176964
257 400 0.0022194301709532738
258 0 0.0023261629976332188
258 80 0.003293545451015234
258 160 0.0030221715569496155
258 240 0.004713470581918955
258 320 0.0036875291261821985
258 400 0.0018998917657881975
259 0 0.00200819899328053
259 80 0.001522608334198594
259 160 0.002467735670506954
259 240 0.0011743410723283887
259 320 0.0039991396479308605
259 400 0.0029376738239079714
260 0 0.002427713479846716
260 80 0.003347632009536028
260 160 0.0016557681374251842
260 240 0.0012458096025511622
260 320 0.003237620461732149
260 400 0.00474521704018116
261 0 0.0015041076112538576
261 80 0.0033244765363633633
261 160 0.001430721953511238
261 240 0.001392151927575469
261 320 0.0027789005544036627
261 400 0.00218020542524755
262 0 0.002286717761307955
262 80 0.001456578029319644
262 160 0.0018635743763297796
262 240 0.0030863264109939337
262 320 0.0017307664966210723
262 400 0.0013539231149479747
263 0 0.0035645347088575363
263 80 0.0009386067977175117
263 160 0.0018732855096459389
263 240 0.003715318161994219
263 320 0.00455810409039259
263 400 0.004074404947459698
264 0 0.0016103220405057073
264 80 0.004289013333618641
264 160 0.002964417915791273
264 240 0.0032510743476450443
264 320 0.0028820964507758617
264 400 0.0026169985067099333
265 0 0.0024259306956082582
265 80 0.0024351458996534348
265 160 0.002929599490016699
265 240 0.0011737204622477293
265 320 0.0028741974383592606
265 400 0.0028724612202495337
266 0 0.001619722694158554
266 80 0.0015444145537912846
266 160 0.003153272671625018
266 240 0.00266183796338737
266 320 0.001778137288056314
266 400 0.0012398984981700778
267 0 0.0017632344970479608
267 80 0.002329861745238304
267 160 0.0010639223037287593
267 240 0.003206080524250865
267 320 0.002610804745927453
267 400 0.0017373086884617805
268 0 0.0011622393503785133
268 80 0.002062348648905754
268 160 0.0022382645402103662
268 240 0.006242070812731981
268 320 0.002278368454426527
268 400 0.0030679896008223295
269 0 0.0014463686384260654
269 80 0.0025347634218633175
269 160 0.00230953237041831
269 240 0.0030374263878911734
269 320 0.001960896886885166
269 400 0.0013439528411254287
270 0 0.0015520929591730237
270 80 0.0036010032054036856
270 160 0.002358486410230398
270 240 0.0017160362331196666
270 320 0.0018324764678254724
270 400 0.002508813515305519
271 0 0.0025940346531569958
271 80 0.0016072334256023169
271 160 0.0031719242688268423
271 240 0.0032878476195037365
271 320 0.0027080532163381577
271 400 0.0019793063402175903
272 0 0.0027137601282447577
272 80 0.0013420023024082184
272 160 0.0022858609445393085
272 240 0.002216202672570944
272 320 0.002076971111819148
272 400 0.002093949820846319
273 0 0.0030075027607381344
273 80 0.0031374271493405104
273 160 0.0018974334234371781
273 240 0.0018850240157917142
273 320 0.0018580625765025616
273 400 0.0013839404564350843
274 0 0.002289446536451578
274 80 0.0011457481887191534
274 160 0.002986006438732147
274 240 0.0026674806140363216
274 320 0.0021026835311204195
274 400 0.0023331712000072002
275 0 0.001817311393097043
275 80 0.0008204725454561412
275 160 0.005728353280574083
275 240 0.0010946159018203616
275 320 0.0036591002717614174
275 400 0.002558654872700572
276 0 0.0017822403460741043
276 80 0.0031175168696790934
276 160 0.0024298608768731356
276 240 0.0025195886846631765
276 320 0.0019507090328261256
276 400 0.003306508529931307
277 0 0.0017619113205000758
277 80 0.0016198696102946997
277 160 0.003234117291867733
277 240 0.0020109564065933228
277 320 0.000846271519549191
277 400 0.0018537170253694057
278 0 0.0017629109788686037
278 80 0.00426520174369216
278 160 0.002062493469566107
278 240 0.0016151280142366886
278 320 0.002565250964835286
278 400 0.0028613987378776073
279 0 0.0030359425581991673
279 80 0.0002983177837450057
279 160 0.0021441110875457525
279 240 0.003026443999260664
279 320 0.0020050671882927418
279 400 0.0018778488738462329
280 0 0.0023123733699321747
280 80 0.00226207310333848
280 160 0.0039625936187803745
280 240 0.0015490202931687236
280 320 0.0020165268797427416
280 400 0.0018057005945593119
281 0 0.002149625215679407
281 80 0.001714138314127922
281 160 0.002039279555901885
281 240 0.0013213675701990724
281 320 0.0012037159176543355
281 400 0.003490482922643423
282 0 0.002415821887552738
282 80 0.00331442104652524
282 160 0.0013820825843140483
282 240 0.0024996947031468153
282 320 0.003827438224107027
282 400 0.0023361947387456894
283 0 0.0032208221964538097
283 80 0.0032252564560621977
283 160 0.0028466880321502686
283 240 0.0026776152662932873
283 320 0.0016476914752274752
283 400 0.0014666500501334667
284 0 0.0017441216623410583
284 80 0.0014527513412758708
284 160 0.0019246125593781471
284 240 0.0022743369918316603
284 320 0.0014185337349772453
284 400 0.0012078573927283287
285 0 0.0022657359950244427
285 80 0.0021495004184544086
285 160 0.002524115378037095
285 240 0.001261622877791524
285 320 0.0017074482748284936
285 400 0.0026943364646285772
286 0 0.0031739373225718737
286 80 0.002131043002009392
286 160 0.0015677090268582106
286 240 0.0019632193725556135
286 320 0.0019380347803235054
286 400 0.003795629134401679
287 0 0.001992136472836137
287 80 0.001555350492708385
287 160 0.0020156074315309525
287 240 0.0008167026680894196
287 320 0.0030103777535259724
287 400 0.003916273359209299
288 0 0.0033399558160454035
288 80 0.0012027258053421974
288 160 0.001553547801449895
288 240 0.001444491557776928
288 320 0.0012566146906465292
288 400 0.0029262839816510677
