1 0.4083142999901192 0.8814333333333333
2 0.23061815636562133 0.9351833333333334
3 0.1896636231240433 0.9473333333333334
4 0.16423350512218882 0.9544833333333334
5 0.14615751794978246 0.9595
6 0.13229315034520905 0.9632666666666667
7 0.12101113328388505 0.9666666666666667
8 0.11176677374665671 0.9697333333333333
9 0.10409482646741465 0.9722
10 0.09747642481219032 0.9742333333333333
11 0.09168300228411837 0.9754166666666667
12 0.08638635966807667 0.9775166666666667
13 0.08192973621666177 0.9784666666666667
14 0.07777160427558905 0.9796
15 0.07410739432138674 0.9804666666666667
16 0.07069430985986423 0.9816666666666667
17 0.06762899745549601 0.9823333333333333
18 0.06477063963773536 0.9830166666666666
19 0.06218841172127264 0.98375
20 0.05968202552053212 0.9847833333333333
21 0.057495308559395865 0.9852833333333333
22 0.055313529700898666 0.986
23 0.05336222974762225 0.9865666666666667
24 0.05142840923173532 0.9871833333333333
25 0.049792782693450006 0.9877
26 0.04803061094889636 0.9884833333333334
27 0.04648520713294747 0.9889166666666667
28 0.04494361443393457 0.98935
29 0.043597189004598524 0.98965
30 0.042251052086684365 0.9898666666666667
31 0.04089976268520615 0.99065
32 0.039763792882611886 0.9908833333333333
33 0.03861991662198483 0.9912166666666666
34 0.03741129840225744 0.9916666666666667
35 0.03636604413461647 0.9920166666666667
36 0.035456704442450866 0.9925333333333334
37 0.034391667086210075 0.9926333333333334
38 0.03343054559478945 0.9930666666666667
39 0.03253457840603552 0.9931166666666666
40 0.03165642617206806 0.9936166666666667
41 0.03090074318828486 0.9938666666666667
42 0.03004245569448926 0.9940833333333333
43 0.02928308840555105 0.9942666666666666
44 0.028620441738110996 0.9943833333333333
45 0.027846337850096384 0.9948833333333333
46 0.027168062010180277 0.9947833333333334
47 0.02651892804296445 0.9951
48 0.02586907357561277 0.9953666666666666
49 0.025259756776037565 0.9955
50 0.024680024728790592 0.9957
51 0.024149515424797468 0.9958
52 0.02357455420552064 0.996
53 0.023013036658387703 0.9963333333333333
54 0.0224842385345224 0.9964666666666666
55 0.021958337138607495 0.9966333333333334
56 0.02154557014515659 0.9967166666666667
57 0.02106260105983408 0.9968
58 0.020634655479286144 0.9970833333333333
59 0.020179596644188804 0.9971833333333333
60 0.019751009432031022 0.9973666666666666
61 0.019308978853536756 0.9975666666666667
62 0.018943828560396045 0.9974833333333334
63 0.018560823626014026 0.99765
64 0.018174046672372296 0.99775
65 0.017840365158902333 0.9979333333333333
66 0.01747511605472008 0.99795
67 0.01711837400092499 0.998
68 0.016797017645654774 0.9980666666666667
69 0.016453451950099073 0.9983166666666666
70 0.016182636555685387 0.9983333333333333
71 0.015855641643415446 0.9984
72 0.01556579705162931 0.9983666666666666
73 0.01531588401236355 0.9985
74 0.015024909050638741 0.9984833333333333
75 0.01472197799856014 0.9985333333333334
76 0.014436281785599268 0.9985666666666667
77 0.01421358619284417 0.9985833333333334
78 0.013974260277688694 0.99875
79 0.013703309535694274 0.9987166666666667
80 0.01348032341447911 0.9987833333333334
81 0.013242234010249376 0.9987833333333334
82 0.013013665792720912 0.9988166666666667
83 0.012792385694608568 0.9989
84 0.012589641849695047 0.9989833333333333
85 0.012410668459639493 0.9989833333333333
86 0.012179856411993567 0.9990166666666667
87 0.012000999253080376 0.9990333333333333
88 0.011784716596159695 0.9990666666666667
89 0.011621534315519717 0.9991833333333333
90 0.011419403156750142 0.9990833333333333
91 0.011242153132453497 0.9992166666666666
92 0.01106954166250649 0.9992166666666666
93 0.010917694866359393 0.9991833333333333
94 0.010748640828227787 0.9992166666666666
95 0.01054599243990664 0.99935
96 0.010427817708498904 0.9994
97 0.010265257142519931 0.9994
98 0.010124325133693306 0.9994166666666666
99 0.009963692116267138 0.9994166666666666
100 0.009812880456864612 0.9995166666666667
101 0.009709440602629042 0.99945
102 0.009563532602816407 0.9995166666666667
103 0.009403070804527972 0.9995833333333334
104 0.009284755431993334 0.9996333333333334
105 0.009151261730262561 0.99965
106 0.009027759139455839 0.9996333333333334
107 0.008918640111436022 0.9996166666666667
108 0.008775056328134004 0.9996333333333334
109 0.008671661834917598 0.9997
110 0.008568969844127578 0.9997333333333334
111 0.008462911862423267 0.9997666666666667
112 0.008330373191036411 0.9997333333333334
113 0.008217933228803374 0.9997333333333334
114 0.008131584927523092 0.9997333333333334
115 0.008020660266089542 0.9997833333333334
116 0.007930571758952825 0.99975
117 0.007825168094901578 0.9997833333333334
118 0.007728575857163572 0.9997833333333334
119 0.007636522254181792 0.9998166666666667
120 0.00753534306064129 0.9997833333333334
121 0.00745421168066736 0.9998
122 0.00735127573176575 0.9998333333333334
123 0.007267324129558369 0.9998333333333334
124 0.007184269165109867 0.9998333333333334
125 0.007105214486289809 0.9998166666666667
126 0.007021033987978787 0.99985
127 0.006939906647045618 0.99985
128 0.0068551938340905855 0.9998666666666667
129 0.006779320726194965 0.99985
130 0.0067030543891855995 0.9998666666666667
131 0.006620481369276243 0.9998666666666667
132 0.006552080466185631 0.99985
133 0.006479478029381317 0.9998833333333333
134 0.006413151140708024 0.9998666666666667
135 0.006331561018587716 0.9999
136 0.006275250958199345 0.9998833333333333
137 0.006206648708231795 0.9998833333333333
138 0.006141485810440693 0.9999
139 0.006080733265912434 0.9998833333333333
140 0.0060119569693296866 0.9999
141 0.005948268706157708 0.9999166666666667
142 0.005883604517580866 0.9999333333333333
143 0.005816065954036518 0.9999166666666667
144 0.005767483696607607 0.99995
145 0.005707870487363012 0.9999333333333333
146 0.005655026476361604 0.9999333333333333
147 0.0055938703429970595 0.9999666666666667
148 0.0055404455755461955 0.99995
149 0.005493928068952917 0.9999333333333333
150 0.005421335472346051 0.99995
151 0.005375374197415801 0.9999666666666667
152 0.005329579668445215 0.9999666666666667
153 0.005270891257676918 0.9999666666666667
154 0.005226625183196083 0.99995
155 0.005180502036111806 0.9999666666666667
156 0.00512592164181006 0.9999666666666667
157 0.005082823279778412 0.9999666666666667
158 0.005032078763628915 0.9999833333333333
159 0.004991149551906327 0.9999666666666667
160 0.004938644941832656 0.9999833333333333
161 0.004902475751064686 0.9999666666666667
162 0.004858674514027976 0.9999666666666667
163 0.00481242597026667 0.9999833333333333
164 0.004768919080311159 0.9999666666666667
165 0.004729122209396443 0.9999833333333333
166 0.004686547138704372 0.9999833333333333
167 0.004645094195795832 0.9999833333333333
168 0.004602690401704493 0.9999833333333333
169 0.004565641918936486 0.9999833333333333
170 0.004523338082043935 0.9999666666666667
171 0.004492114870069322 0.9999833333333333
172 0.004449816317414678 0.9999833333333333
173 0.0044181503001540934 0.9999833333333333
174 0.004379135683359606 0.9999833333333333
175 0.00434525031472312 0.9999833333333333
176 0.004304263578193671 0.9999833333333333
177 0.004275245749866213 0.9999833333333333
178 0.004241687555073588 0.9999833333333333
179 0.004208695267074938 0.9999833333333333
180 0.0041710817029695715 0.9999833333333333
181 0.004135390446493541 0.9999833333333333
182 0.004104510247920836 0.9999833333333333
183 0.004074491463529109 0.9999833333333333
184 0.004038872057770583 0.9999833333333333
185 0.004010984382685472 0.9999833333333333
186 0.003977118693078672 0.9999833333333333
187 0.003952348988298684 1.0
188 0.00391683219519974 0.9999833333333333
189 0.0038916851789293403 0.9999833333333333
190 0.003861350769639762 0.9999833333333333
191 0.0038298632977391356 0.9999833333333333
192 0.0038055068065376597 0.9999833333333333
193 0.003768411119342414 0.9999833333333333
194 0.0037490752012308026 0.9999833333333333
195 0.0037196353869711255 1.0
196 0.0036929542902978197 1.0
197 0.0036648892367363915 0.9999833333333333
198 0.0036400827216302185 0.9999833333333333
199 0.00361673067361593 1.0
200 0.0035812676190954645 1.0
201 0.0035659701066729087 1.0
202 0.0035423492524536576 1.0
203 0.0035122140259323106 1.0
204 0.0034876022238913835 0.9999833333333333
205 0.003464384224396874 1.0
206 0.003439314776970975 1.0
207 0.0034162300443505125 1.0
208 0.003396920396138165 1.0
209 0.0033695097426389422 1.0
210 0.003348860448089315 1.0
211 0.0033279765761697663 1.0
212 0.0033054069629800853 1.0
213 0.0032856230434628007 1.0
214 0.003258297709114691 1.0
215 0.0032395791713652738 1.0
216 0.003212746033427129 1.0
217 0.0031992050092806345 1.0
218 0.003175675064381927 1.0
219 0.00315736524096982 1.0
220 0.003134945144148063 1.0
221 0.003117710805194242 1.0
222 0.0030961927377245527 1.0
223 0.0030773904971105217 1.0
224 0.003058846691064338 1.0
225 0.0030361229289712303 1.0
226 0.0030183501010174864 1.0
227 0.0030013613475075585 1.0
228 0.0029843477374647677 1.0
229 0.0029627577492794487 1.0
230 0.0029478075185310104 1.0
231 0.0029290272750760685 1.0
232 0.0029117827064671447 1.0
233 0.002894043723475744 1.0
234 0.002870154880813317 1.0
235 0.0028588742341425248 1.0
236 0.002839680131612175 1.0
237 0.0028250004767553447 1.0
238 0.0028092394440696992 1.0
239 0.0027920397006964155 1.0
240 0.002777613047919949 1.0
241 0.00275798751548159 1.0
242 0.002745618404602624 1.0
243 0.002730874716416438 1.0
244 0.0027144874984980313 1.0
245 0.002698825285789857 1.0
246 0.002683032907223873 1.0
247 0.002667100599737091 1.0
248 0.0026527230987381904 1.0
249 0.002638156921205633 1.0
250 0.0026241938939997192 1.0
251 0.0026092369918342133 1.0
252 0.00259471960342936 1.0
253 0.0025773592461307625 1.0
254 0.002566125104030066 1.0
255 0.0025511718639207362 1.0
256 0.0025377443169123494 1.0
257 0.0025242049626058847 1.0
258 0.00251280695216349 1.0
259 0.0024978045045511363 1.0
260 0.0024831076847639548 1.0
261 0.0024704783085062465 1.0
262 0.0024600329059017286 1.0
263 0.002445709076585935 1.0
264 0.002432948040308308 1.0
265 0.0024165327762261527 1.0
266 0.0024040661678254318 1.0
267 0.0023946091778445314 1.0
268 0.0023820394119406655 1.0
269 0.0023723732822064332 1.0
270 0.0023572741727680285 1.0
271 0.002344945055206241 1.0
272 0.002332008792894648 1.0
273 0.0023211753165879563 1.0
274 0.0023105100138179424 1.0
275 0.0022989475010171422 1.0
276 0.002285035273213106 1.0
277 0.0022760700735537562 1.0
278 0.002264649615866809 1.0
279 0.002253309739425953 1.0
280 0.0022427535480333133 1.0
281 0.0022315772214675073 1.0
282 0.0022203214840143363 1.0
283 0.002210446730142396 1.0
284 0.0021992743721848396 1.0
285 0.00218985472638994 1.0
286 0.002175942895800443 1.0
287 0.0021680350993017257 1.0
