1 0 3.0107085704803467
1 80 0.46530312299728394
1 160 0.3678615093231201
1 240 0.2791244387626648
1 320 0.1794462651014328
1 400 0.2653237283229828
2 0 0.30701717734336853
2 80 0.2265087366104126
2 160 0.220460444688797
2 240 0.24047216773033142
2 320 0.2281590700149536
2 400 0.10785950720310211
3 0 0.20242050290107727
3 80 0.203692227602005
3 160 0.16858680546283722
3 240 0.1948043704032898
3 320 0.13986580073833466
3 400 0.13468071818351746
4 0 0.2129564732313156
4 80 0.13179953396320343
4 160 0.17519086599349976
4 240 0.17896327376365662
4 320 0.11603133380413055
4 400 0.17786140739917755
5 0 0.1722067892551422
5 80 0.2495517134666443
5 160 0.13738422095775604
5 240 0.18527604639530182
5 320 0.18278300762176514
5 400 0.07646990567445755
6 0 0.1392059028148651
6 80 0.2374345064163208
6 160 0.10360071808099747
6 240 0.1399083435535431
6 320 0.1538582295179367
6 400 0.12281118333339691
7 0 0.15199895203113556
7 80 0.05999268963932991
7 160 0.12762422859668732
7 240 0.09667286276817322
7 320 0.1012469083070755
7 400 0.07678201794624329
8 0 0.0957162007689476
8 80 0.09866548329591751
8 160 0.07303814589977264
8 240 0.12019532918930054
8 320 0.11101949959993362
8 400 0.11558632552623749
9 0 0.19076721370220184
9 80 0.11177938431501389
9 160 0.09041909873485565
9 240 0.10265039652585983
9 320 0.13426843285560608
9 400 0.15675829350948334
10 0 0.14683295786380768
10 80 0.08035984635353088
10 160 0.08260621130466461
10 240 0.14780773222446442
10 320 0.039714694023132324
10 400 0.05977112054824829
11 0 0.08786918967962265
11 80 0.12647053599357605
11 160 0.11307033151388168
11 240 0.10146549344062805
11 320 0.08668301999568939
11 400 0.03916258364915848
12 0 0.15523867309093475
12 80 0.07866161316633224
12 160 0.13006465137004852
12 240 0.06651376187801361
12 320 0.22440485656261444
12 400 0.06483539193868637
13 0 0.11567534506320953
13 80 0.06127728149294853
13 160 0.09684408456087112
13 240 0.08250750601291656
13 320 0.06912072747945786
13 400 0.1302109956741333
14 0 0.0975111573934555
14 80 0.03775198012590408
14 160 0.05902509018778801
14 240 0.05179557949304581
14 320 0.0403604656457901
14 400 0.16008496284484863
15 0 0.08416324108839035
15 80 0.06213052198290825
15 160 0.08551105111837387
15 240 0.07929696142673492
15 320 0.04517064616084099
15 400 0.03849923238158226
16 0 0.06175335496664047
16 80 0.08180201053619385
16 160 0.09936145693063736
16 240 0.029372356832027435
16 320 0.07924440503120422
16 400 0.08105579018592834
17 0 0.1882748007774353
17 80 0.12587282061576843
17 160 0.06485547870397568
17 240 0.05377518758177757
17 320 0.04243822395801544
17 400 0.06605403870344162
18 0 0.10874567925930023
18 80 0.09418315440416336
18 160 0.03997363522648811
18 240 0.10878348350524902
18 320 0.0636909082531929
18 400 0.0683671310544014
19 0 0.04303878918290138
19 80 0.06097021698951721
19 160 0.048572223633527756
19 240 0.04922713711857796
19 320 0.05507966876029968
19 400 0.03555363044142723
20 0 0.05929705500602722
20 80 0.0801040381193161
20 160 0.06470020115375519
20 240 0.04718804359436035
20 320 0.029087189584970474
20 400 0.07029753178358078
21 0 0.023151179775595665
21 80 0.0910658985376358
21 160 0.05463176593184471
21 240 0.01680295541882515
21 320 0.04723246768116951
21 400 0.03401380404829979
22 0 0.05454929172992706
22 80 0.0838959664106369
22 160 0.027571270242333412
22 240 0.08140400797128677
22 320 0.033022135496139526
22 400 0.08612088859081268
23 0 0.050045669078826904
23 80 0.024233181029558182
23 160 0.08667102456092834
23 240 0.04760398715734482
23 320 0.08268941938877106
23 400 0.04782764986157417
24 0 0.031217703595757484
24 80 0.03412973880767822
24 160 0.048750292509794235
24 240 0.039705321192741394
24 320 0.03896640986204147
24 400 0.08157993853092194
25 0 0.02148119919002056
25 80 0.03133874014019966
25 160 0.03854651749134064
25 240 0.10671986639499664
25 320 0.09996519237756729
25 400 0.07006686180830002
26 0 0.04516482353210449
26 80 0.04143237695097923
26 160 0.10101285576820374
26 240 0.034120041877031326
26 320 0.025740250945091248
26 400 0.06244102492928505
27 0 0.029184086248278618
27 80 0.05078577995300293
27 160 0.04013438522815704
27 240 0.036913853138685226
27 320 0.058057308197021484
27 400 0.043378908187150955
28 0 0.09066345542669296
28 80 0.038628432899713516
28 160 0.060481127351522446
28 240 0.030736412853002548
28 320 0.053499434143304825
28 400 0.026990508660674095
29 0 0.05152968317270279
29 80 0.029329026117920876
29 160 0.06489719450473785
29 240 0.07044827193021774
29 320 0.03338855132460594
29 400 0.016215132549405098
30 0 0.04374502971768379
30 80 0.06720861792564392
30 160 0.04229237139225006
30 240 0.03183092549443245
30 320 0.04398658499121666
30 400 0.020940957590937614
31 0 0.02709878236055374
31 80 0.03254789486527443
31 160 0.08958230167627335
31 240 0.02396509051322937
31 320 0.03375698998570442
31 400 0.06419290602207184
32 0 0.025941133499145508
32 80 0.02544865943491459
32 160 0.02128368802368641
32 240 0.08523840457201004
32 320 0.0678800716996193
32 400 0.028592288494110107
33 0 0.015417885966598988
33 80 0.04059267416596413
33 160 0.032626695930957794
33 240 0.038744594901800156
33 320 0.01745334081351757
33 400 0.046887632459402084
34 0 0.06504523754119873
34 80 0.05454939231276512
34 160 0.05100523307919502
34 240 0.040788307785987854
34 320 0.049294907599687576
34 400 0.05018860474228859
35 0 0.009836611337959766
35 80 0.046821191906929016
35 160 0.07366859167814255
35 240 0.04499121755361557
35 320 0.06546597927808762
35 400 0.025817949324846268
36 0 0.04034595936536789
36 80 0.026416415348649025
36 160 0.025280602276325226
36 240 0.033316720277071
36 320 0.013511708937585354
36 400 0.022435717284679413
37 0 0.0421149767935276
37 80 0.048614684492349625
37 160 0.0371222198009491
37 240 0.02316240780055523
37 320 0.03788911923766136
37 400 0.015175827778875828
38 0 0.018014347180724144
38 80 0.01837996393442154
38 160 0.01563660241663456
38 240 0.06859523057937622
38 320 0.03522230312228203
38 400 0.024197647348046303
39 0 0.039886169135570526
39 80 0.021830426529049873
39 160 0.019075307995080948
39 240 0.04118866100907326
39 320 0.050042424350976944
39 400 0.02910006418824196
40 0 0.06591296195983887
40 80 0.02443878911435604
40 160 0.021996868774294853
40 240 0.023359911516308784
40 320 0.03766665607690811
40 400 0.025374270975589752
41 0 0.01977946236729622
41 80 0.018309419974684715
41 160 0.06560652703046799
41 240 0.04170398786664009
41 320 0.08333171904087067
41 400 0.02408190444111824
42 0 0.0626717358827591
42 80 0.01717788353562355
42 160 0.03603960946202278
42 240 0.021838994696736336
42 320 0.026870528236031532
42 400 0.03989149630069733
43 0 0.02390950545668602
43 80 0.030424118041992188
43 160 0.04395327717065811
43 240 0.01770724728703499
43 320 0.019749125465750694
43 400 0.01570826582610607
44 0 0.017097672447562218
44 80 0.057825878262519836
44 160 0.03147313371300697
44 240 0.01848052628338337
44 320 0.03811107575893402
44 400 0.0886099711060524
45 0 0.029040275141596794
45 80 0.025256188586354256
45 160 0.032800160348415375
45 240 0.009183857589960098
45 320 0.023803673684597015
45 400 0.07068637758493423
46 0 0.0257643423974514
46 80 0.01897353120148182
46 160 0.018974483013153076
46 240 0.0256245955824852
46 320 0.033788204193115234
46 400 0.022377559915184975
47 0 0.025492385029792786
47 80 0.04281901940703392
47 160 0.024080926552414894
47 240 0.021225865930318832
47 320 0.022095875814557076
47 400 0.02259986288845539
48 0 0.018763069063425064
48 80 0.029597770422697067
48 160 0.02556540071964264
48 240 0.017131980508565903
48 320 0.02858537621796131
48 400 0.02928193286061287
49 0 0.020613647997379303
49 80 0.026623448356986046
49 160 0.027498945593833923
49 240 0.025489311665296555
49 320 0.017384884878993034
49 400 0.03581249341368675
50 0 0.018900349736213684
50 80 0.01626736856997013
50 160 0.04676511511206627
50 240 0.05304676666855812
50 320 0.007363501470535994
50 400 0.04240201786160469
51 0 0.01867499016225338
51 80 0.019629647955298424
51 160 0.023449381813406944
51 240 0.026346422731876373
51 320 0.06389506161212921
51 400 0.01736760325729847
52 0 0.022953130304813385
52 80 0.010890902020037174
52 160 0.012737510725855827
52 240 0.013550873845815659
52 320 0.0183787290006876
52 400 0.04412026330828667
53 0 0.031057972460985184
53 80 0.033712420612573624
53 160 0.012989840470254421
53 240 0.024241864681243896
53 320 0.01583048328757286
53 400 0.013082502409815788
54 0 0.019356878474354744
54 80 0.02357848733663559
54 160 0.032209478318691254
54 240 0.016055522486567497
54 320 0.013481277972459793
54 400 0.019403746351599693
55 0 0.030079621821641922
55 80 0.0095664719119668
55 160 0.010087301954627037
55 240 0.02780970185995102
55 320 0.021611258387565613
55 400 0.010242519900202751
56 0 0.025119202211499214
56 80 0.01848488301038742
56 160 0.016756249591708183
56 240 0.012269580736756325
56 320 0.011205221526324749
56 400 0.017513813450932503
57 0 0.011289381422102451
57 80 0.04221748560667038
57 160 0.029847806319594383
57 240 0.022317850962281227
57 320 0.021204957738518715
57 400 0.039398983120918274
58 0 0.007827523164451122
58 80 0.027982117608189583
58 160 0.034025102853775024
58 240 0.01499237585812807
58 320 0.019080961123108864
58 400 0.015155387111008167
59 0 0.019534125924110413
59 80 0.022756554186344147
59 160 0.01046590507030487
59 240 0.018304798752069473
59 320 0.010908777825534344
59 400 0.021619003266096115
60 0 0.022282063961029053
60 80 0.013142638839781284
60 160 0.014349715784192085
60 240 0.014392995275557041
60 320 0.016588229686021805
60 400 0.008326155133545399
61 0 0.023962805047631264
61 80 0.024784915149211884
61 160 0.012747750617563725
61 240 0.017409466207027435
61 320 0.02123921550810337
61 400 0.008376319892704487
62 0 0.008937264792621136
62 80 0.01649453118443489
62 160 0.012700020335614681
62 240 0.008291537873446941
62 320 0.008702151477336884
62 400 0.03596128523349762
63 0 0.013804537244141102
63 80 0.03837570548057556
63 160 0.015139490365982056
63 240 0.023717626929283142
63 320 0.012044043280184269
63 400 0.01622466929256916
64 0 0.007260187063366175
64 80 0.012999298982322216
64 160 0.00888590607792139
64 240 0.028198355808854103
64 320 0.01452724076807499
64 400 0.008206693455576897
65 0 0.011141813360154629
65 80 0.018854772672057152
65 160 0.016379287466406822
65 240 0.036532264202833176
65 320 0.014577995054423809
65 400 0.006803012918680906
66 0 0.005874257534742355
66 80 0.020262815058231354
66 160 0.024940865114331245
66 240 0.010179433040320873
66 320 0.018132271245121956
66 400 0.01103831548243761
67 0 0.00986926443874836
67 80 0.011921604163944721
67 160 0.022972935810685158
67 240 0.021482668817043304
67 320 0.03205636143684387
67 400 0.00872652418911457
68 0 0.02528051659464836
68 80 0.010941687040030956
68 160 0.01467535924166441
68 240 0.008525221608579159
68 320 0.023345651105046272
68 400 0.016286980360746384
69 0 0.01461491733789444
69 80 0.008943180553615093
69 160 0.01119975745677948
69 240 0.010436094366014004
69 320 0.01416744850575924
69 400 0.01245945692062378
70 0 0.00929013267159462
70 80 0.026536187157034874
70 160 0.010983274318277836
70 240 0.01594245247542858
70 320 0.016421275213360786
70 400 0.027999019250273705
71 0 0.012726029381155968
71 80 0.01958884671330452
71 160 0.015916943550109863
71 240 0.011503225192427635
71 320 0.01493702083826065
71 400 0.01695752888917923
72 0 0.02141307108104229
72 80 0.005821974016726017
72 160 0.021825779229402542
72 240 0.02994946762919426
72 320 0.026053866371512413
72 400 0.006399264093488455
73 0 0.007193672936409712
73 80 0.019310809671878815
73 160 0.013754919171333313
73 240 0.017330337315797806
73 320 0.017423398792743683
73 400 0.02782202698290348
74 0 0.009306292980909348
74 80 0.008964099921286106
74 160 0.005815573502331972
74 240 0.013932468369603157
74 320 0.013422202318906784
74 400 0.03978618606925011
75 0 0.01727820560336113
75 80 0.01087571494281292
75 160 0.012633289210498333
75 240 0.006902601569890976
75 320 0.011897074058651924
75 400 0.01358362939208746
76 0 0.007415598724037409
76 80 0.011402460746467113
76 160 0.00781533494591713
76 240 0.0061104558408260345
76 320 0.022106759250164032
76 400 0.010994156822562218
77 0 0.012450144626200199
77 80 0.012096012011170387
77 160 0.019832221791148186
77 240 0.014564133249223232
77 320 0.013110886327922344
77 400 0.010909649543464184
78 0 0.011888032779097557
78 80 0.009038089774549007
78 160 0.012011667713522911
78 240 0.011475570499897003
78 320 0.015650341287255287
78 400 0.024340402334928513
79 0 0.012893684208393097
79 80 0.008260339498519897
79 160 0.012360083870589733
79 240 0.010182234458625317
79 320 0.022742806002497673
79 400 0.006827268283814192
80 0 0.023594262078404427
80 80 0.0157399233430624
80 160 0.014860344119369984
80 240 0.01942041516304016
80 320 0.01377706415951252
80 400 0.011338342912495136
81 0 0.011444921605288982
81 80 0.010250153951346874
81 160 0.013887005858123302
81 240 0.006566531490534544
81 320 0.009346211329102516
81 400 0.0037961644120514393
82 0 0.0047913421876728535
82 80 0.009083736687898636
82 160 0.019142357632517815
82 240 0.008830081671476364
82 320 0.01368170790374279
82 400 0.010527735576033592
83 0 0.013753177598118782
83 80 0.010243240743875504
83 160 0.011992832645773888
83 240 0.004228970967233181
83 320 0.009917018003761768
83 400 0.021756617352366447
84 0 0.005496426485478878
84 80 0.014091833494603634
84 160 0.00863618403673172
84 240 0.03928287327289581
84 320 0.007880029268562794
84 400 0.014002633281052113
85 0 0.009931475855410099
85 80 0.028820514678955078
85 160 0.0067944093607366085
85 240 0.017819836735725403
85 320 0.013513926416635513
85 400 0.008182807825505733
86 0 0.01955319754779339
86 80 0.020414825528860092
86 160 0.006600311491638422
86 240 0.006252796854823828
86 320 0.0074612475000321865
86 400 0.020713089033961296
87 0 0.008156121708452702
87 80 0.02065720595419407
87 160 0.005031060427427292
87 240 0.01128966361284256
87 320 0.006249873898923397
87 400 0.015025478787720203
88 0 0.006518253590911627
88 80 0.00904647633433342
88 160 0.008934219367802143
88 240 0.007441951893270016
88 320 0.008780277334153652
88 400 0.00526541518047452
89 0 0.007813808508217335
89 80 0.015494320541620255
89 160 0.01479396317154169
89 240 0.011528837494552135
89 320 0.017913244664669037
89 400 0.015701448544859886
90 0 0.01053831446915865
90 80 0.0152718685567379
90 160 0.010526870377361774
90 240 0.003221323015168309
90 320 0.013283348642289639
90 400 0.011434395797550678
91 0 0.009237696416676044
91 80 0.030983297154307365
91 160 0.01610630378127098
91 240 0.0068549164570868015
91 320 0.012156608514487743
91 400 0.013356203213334084
92 0 0.008511152118444443
92 80 0.012386918067932129
92 160 0.010281095281243324
92 240 0.013608315959572792
92 320 0.011512262746691704
92 400 0.008856942877173424
93 0 0.018200384452939034
93 80 0.006790501065552235
93 160 0.009169838391244411
93 240 0.00904221460223198
93 320 0.005526883061975241
93 400 0.005065994802862406
94 0 0.009349264204502106
94 80 0.007367492187768221
94 160 0.007030002307146788
94 240 0.008979910984635353
94 320 0.005422000773251057
94 400 0.01754298061132431
95 0 0.006318871397525072
95 80 0.00991715770214796
95 160 0.010979685932397842
95 240 0.010051020421087742
95 320 0.013356265611946583
95 400 0.005724371410906315
96 0 0.017506761476397514
96 80 0.007535398006439209
96 160 0.011375697329640388
96 240 0.015256206505000591
96 320 0.011502677574753761
96 400 0.010223349556326866
97 0 0.014877201989293098
97 80 0.009443462826311588
97 160 0.008955673314630985
97 240 0.014601257629692554
97 320 0.011142522096633911
97 400 0.003834103001281619
98 0 0.00635034404695034
98 80 0.004822244867682457
98 160 0.011047366075217724
98 240 0.006360872648656368
98 320 0.012523671612143517
98 400 0.008815811946988106
99 0 0.004020631778985262
99 80 0.011504090391099453
99 160 0.01165907271206379
99 240 0.0050346399657428265
99 320 0.0031083400826901197
99 400 0.008257593028247356
100 0 0.003446314251050353
100 80 0.014513281174004078
100 160 0.011719444766640663
100 240 0.006570397410541773
100 320 0.007805277593433857
100 400 0.004170835018157959
101 0 0.014115992933511734
101 80 0.010298573412001133
101 160 0.010206392034888268
101 240 0.00856785848736763
101 320 0.005863788537681103
101 400 0.015562674030661583
102 0 0.008315930142998695
102 80 0.007554075680673122
102 160 0.005136955063790083
102 240 0.015288621187210083
102 320 0.004814185667783022
102 400 0.013872652314603329
103 0 0.010265158489346504
103 80 0.010875224135816097
103 160 0.0035291891545057297
103 240 0.007401640526950359
103 320 0.00729756522923708
103 400 0.020419856533408165
104 0 0.009289413690567017
104 80 0.011545376852154732
104 160 0.005599072203040123
104 240 0.006358319893479347
104 320 0.006925262976437807
104 400 0.010022545233368874
105 0 0.013824962079524994
105 80 0.008545581251382828
105 160 0.00847617257386446
105 240 0.01904771849513054
105 320 0.016430914402008057
105 400 0.01097256038337946
106 0 0.008219914510846138
106 80 0.008931240066885948
106 160 0.004114190582185984
106 240 0.008007530122995377
106 320 0.006415503565222025
106 400 0.013264807872474194
107 0 0.003370643360540271
107 80 0.01201001275330782
107 160 0.0053793080151081085
107 240 0.008675573393702507
107 320 0.00608877744525671
107 400 0.020555248484015465
108 0 0.007844843901693821
108 80 0.006109995301812887
108 160 0.008026461116969585
108 240 0.01471940241754055
108 320 0.005782470107078552
108 400 0.007587306201457977
109 0 0.008554579690098763
109 80 0.006240198854357004
109 160 0.004674544092267752
109 240 0.011765257455408573
109 320 0.0026586998719722033
109 400 0.008661474101245403
110 0 0.007395746186375618
110 80 0.009940232150256634
110 160 0.011981522664427757
110 240 0.006924199406057596
110 320 0.006046215537935495
110 400 0.005662534851580858
111 0 0.007241665851324797
111 80 0.006461599841713905
111 160 0.007313007488846779
111 240 0.008487577550113201
111 320 0.013126044534146786
111 400 0.006627162918448448
112 0 0.006562370806932449
112 80 0.005437623709440231
112 160 0.008733168244361877
112 240 0.007239532191306353
112 320 0.009917962364852428
112 400 0.012474519200623035
113 0 0.011619491502642632
113 80 0.008246316574513912
113 160 0.00702096801251173
113 240 0.008840768598020077
113 320 0.00536319799721241
113 400 0.007711205631494522
114 0 0.01513487845659256
114 80 0.00600942550227046
114 160 0.01009689923375845
114 240 0.012281394563615322
114 320 0.007330672815442085
114 400 0.005951375234872103
115 0 0.010191163048148155
115 80 0.007330368272960186
115 160 0.011098415590822697
115 240 0.00452771969139576
115 320 0.009363542310893536
115 400 0.006418263539671898
116 0 0.006958323530852795
116 80 0.004960297606885433
116 160 0.006702036131173372
116 240 0.005483803804963827
116 320 0.006684936583042145
116 400 0.006833962630480528
117 0 0.006921673193573952
117 80 0.006293343845754862
117 160 0.004506614524871111
117 240 0.006374146789312363
117 320 0.005748579744249582
117 400 0.005403535906225443
118 0 0.006169418804347515
118 80 0.011291395872831345
118 160 0.008674855343997478
118 240 0.013027035631239414
118 320 0.009814432822167873
118 400 0.010982168838381767
119 0 0.008801925927400589
119 80 0.007386478595435619
119 160 0.007384655997157097
119 240 0.01066555269062519
119 320 0.004318336956202984
119 400 0.008436313830316067
120 0 0.006177190225571394
120 80 0.003605364356189966
120 160 0.015883589163422585
120 240 0.014623303897678852
120 320 0.012728945352137089
120 400 0.009509820491075516
121 0 0.003724602982401848
121 80 0.006937145721167326
121 160 0.0076692732982337475
121 240 0.008989033289253712
121 320 0.015020747669041157
121 400 0.0075138104148209095
122 0 0.012935064733028412
122 80 0.009684965014457703
122 160 0.008207287639379501
122 240 0.005071626976132393
122 320 0.006241877097636461
122 400 0.004112326540052891
123 0 0.012554444372653961
123 80 0.0060668690130114555
123 160 0.007357078604400158
123 240 0.005387463141232729
123 320 0.0048236907459795475
123 400 0.005411629099398851
124 0 0.004452262539416552
124 80 0.012030700221657753
124 160 0.008150862529873848
124 240 0.003402553265914321
124 320 0.009557923302054405
124 400 0.011061545461416245
125 0 0.007246099412441254
125 80 0.006763095036149025
125 160 0.004815079737454653
125 240 0.004165662452578545
125 320 0.008143068291246891
125 400 0.0048740035854279995
126 0 0.00668769795447588
126 80 0.01138010062277317
126 160 0.007708304561674595
126 240 0.00900703202933073
126 320 0.004647424444556236
126 400 0.009351308457553387
127 0 0.008993871510028839
127 80 0.007094925735145807
127 160 0.012745366431772709
127 240 0.0061933184042572975
127 320 0.006943712010979652
127 400 0.005284453742206097
128 0 0.005778501275926828
128 80 0.006347104907035828
128 160 0.007998931221663952
128 240 0.004250030964612961
128 320 0.006850821897387505
128 400 0.007171976380050182
129 0 0.006123675033450127
129 80 0.006114773917943239
129 160 0.010096915066242218
129 240 0.006215043365955353
129 320 0.00886395014822483
129 400 0.008077512495219707
130 0 0.007152232341468334
130 80 0.005684068892151117
130 160 0.00603862851858139
130 240 0.004575295373797417
130 320 0.004188851453363895
130 400 0.009241455234587193
131 0 0.005938167683780193
131 80 0.00966553296893835
131 160 0.008232664316892624
131 240 0.0068159084767103195
131 320 0.0042897905223071575
131 400 0.004918400198221207
132 0 0.021712252870202065
132 80 0.012340005487203598
132 160 0.006553675048053265
132 240 0.0065119001083076
132 320 0.006432969123125076
132 400 0.006497188005596399
133 0 0.01186737883836031
133 80 0.008169825188815594
133 160 0.0049881660379469395
133 240 0.008527630940079689
133 320 0.0033602071925997734
133 400 0.007014149334281683
134 0 0.012263620272278786
134 80 0.006357681006193161
134 160 0.005330170504748821
134 240 0.0064983065240085125
134 320 0.009873216971755028
134 400 0.006635999772697687
135 0 0.004860774148255587
135 80 0.006497983355075121
135 160 0.009514807723462582
135 240 0.01041004154831171
135 320 0.01216596458107233
135 400 0.003285413607954979
136 0 0.008329066447913647
136 80 0.004296259023249149
136 160 0.005006968043744564
136 240 0.005745358765125275
136 320 0.003545889165252447
136 400 0.008424662984907627
137 0 0.006704842671751976
137 80 0.007052671629935503
137 160 0.004024435766041279
137 240 0.006332527380436659
137 320 0.00657689431682229
137 400 0.008099924772977829
138 0 0.005107064265757799
138 80 0.004559963475912809
138 160 0.008558197878301144
138 240 0.005938392132520676
138 320 0.004504765383899212
138 400 0.008613361977040768
139 0 0.0018439870327711105
139 80 0.005733001511543989
139 160 0.009311589412391186
139 240 0.004612954333424568
139 320 0.00517892325296998
139 400 0.007630420383065939
140 0 0.0067479414865374565
140 80 0.003926671575754881
140 160 0.011638746596872807
140 240 0.004356878809630871
140 320 0.010073297657072544
140 400 0.008668160066008568
141 0 0.002475193701684475
141 80 0.0034083006903529167
141 160 0.006656121462583542
141 240 0.006079597398638725
141 320 0.005324170924723148
141 400 0.007757561281323433
142 0 0.004399203695356846
142 80 0.004938072990626097
142 160 0.005977974273264408
142 240 0.005841419566422701
142 320 0.006227094680070877
142 400 0.006774705834686756
143 0 0.004265930969268084
143 80 0.0056821731850504875
143 160 0.0031855031847953796
143 240 0.006790092680603266
143 320 0.008969413116574287
143 400 0.005915599875152111
144 0 0.004660030826926231
144 80 0.0032298495061695576
144 160 0.0034460946917533875
144 240 0.005641377996653318
144 320 0.005855231545865536
144 400 0.011559455655515194
145 0 0.00563926063477993
145 80 0.005937657319009304
145 160 0.004917304031550884
145 240 0.004596765618771315
145 320 0.004631774500012398
145 400 0.0053102136589586735
146 0 0.0035982592962682247
146 80 0.002736328635364771
146 160 0.009174635633826256
146 240 0.007254249416291714
146 320 0.005653953179717064
146 400 0.0019633311312645674
147 0 0.010379409417510033
147 80 0.004344434477388859
147 160 0.009082702919840813
147 240 0.0020377272740006447
147 320 0.004440286196768284
147 400 0.0026840134523808956
148 0 0.006207630969583988
148 80 0.0034451112151145935
148 160 0.005567776504904032
148 240 0.003003518097102642
148 320 0.0023347078822553158
148 400 0.004196276888251305
149 0 0.002423972822725773
149 80 0.0023898305371403694
149 160 0.007100589107722044
149 240 0.0028603861574083567
149 320 0.007612312212586403
149 400 0.006482190452516079
150 0 0.009319301694631577
150 80 0.00392311392351985
150 160 0.004494888242334127
150 240 0.007509761489927769
150 320 0.004754034802317619
150 400 0.003123128553852439
151 0 0.008640983141958714
151 80 0.009735189378261566
151 160 0.0033300588838756084
151 240 0.004464937373995781
151 320 0.00361247337423265
151 400 0.010681581683456898
152 0 0.0038871136493980885
152 80 0.0030347881838679314
152 160 0.002536439336836338
152 240 0.010340617969632149
152 320 0.006075469311326742
152 400 0.001947519602254033
153 0 0.00959252193570137
153 80 0.003690150799229741
153 160 0.0026428145356476307
153 240 0.0032530701719224453
153 320 0.007660289295017719
153 400 0.0024973663967102766
154 0 0.001961860805749893
154 80 0.004031934775412083
154 160 0.007282058708369732
154 240 0.0074803028255701065
154 320 0.00873966608196497
154 400 0.005151665769517422
155 0 0.005777053069323301
155 80 0.005820292979478836
155 160 0.004633316304534674
155 240 0.0065878015011549
155 320 0.004590880125761032
155 400 0.004385766573250294
156 0 0.004720131866633892
156 80 0.0037911729887127876
156 160 0.0038427107501775026
156 240 0.004055812954902649
156 320 0.0058758798986673355
156 400 0.005075368564575911
157 0 0.00951645988970995
157 80 0.004902977962046862
157 160 0.0031074995640665293
157 240 0.004734949674457312
157 320 0.0017845442052930593
157 400 0.005452140234410763
158 0 0.002799533074721694
158 80 0.003073649015277624
158 160 0.002790735801681876
158 240 0.0040260860696434975
158 320 0.0037395881954580545
158 400 0.004380054771900177
159 0 0.0030611115507781506
159 80 0.008528775535523891
159 160 0.005334665533155203
159 240 0.008141370490193367
159 320 0.004880237393081188
159 400 0.008549566380679607
160 0 0.003289498621597886
160 80 0.006441254634410143
160 160 0.005137033294886351
160 240 0.0025363422464579344
160 320 0.006209216546267271
160 400 0.0027269870042800903
161 0 0.0024726877454668283
161 80 0.006176008377224207
161 160 0.0015062595484778285
161 240 0.002445947378873825
161 320 0.0071201627142727375
161 400 0.004131226800382137
162 0 0.0057020531967282295
162 80 0.0057326508685946465
162 160 0.004891823977231979
162 240 0.005902635864913464
162 320 0.0035283593460917473
162 400 0.002116335555911064
163 0 0.0024856890086084604
163 80 0.003629329614341259
163 160 0.0033236125018447638
163 240 0.005525301676243544
163 320 0.006971011869609356
163 400 0.006891136057674885
164 0 0.004785765893757343
164 80 0.005919536575675011
164 160 0.005358868278563023
164 240 0.005840316414833069
164 320 0.004675839561969042
164 400 0.002559608779847622
165 0 0.004720340948551893
165 80 0.0039014804642647505
165 160 0.0030599988531321287
165 240 0.005403748247772455
165 320 0.004558680113404989
165 400 0.003919721115380526
166 0 0.004961839411407709
166 80 0.006266573444008827
166 160 0.0042958189733326435
166 240 0.005875135771930218
166 320 0.00498936278745532
166 400 0.0061279782094061375
167 0 0.009168965741991997
167 80 0.0030448934994637966
167 160 0.0036590248346328735
167 240 0.00729507626965642
167 320 0.008049968630075455
167 400 0.002898933831602335
168 0 0.0018461948493495584
168 80 0.005215595010668039
168 160 0.0029017312917858362
168 240 0.005470816511660814
168 320 0.0034316640812903643
168 400 0.0026421716902405024
169 0 0.00406285235658288
169 80 0.0025371562223881483
169 160 0.0031681833788752556
169 240 0.004099983721971512
169 320 0.004300917033106089
169 400 0.0040430729277431965
170 0 0.0037603070959448814
170 80 0.002272645477205515
170 160 0.006430847104638815
170 240 0.0015722844982519746
170 320 0.005151141434907913
170 400 0.0035845849197357893
171 0 0.0024424497969448566
171 80 0.004919231869280338
171 160 0.003873811336234212
171 240 0.002972779795527458
171 320 0.003103873925283551
171 400 0.004665667191147804
172 0 0.0030626843217760324
172 80 0.0031876100692898035
172 160 0.0045415968634188175
172 240 0.0060297586023807526
172 320 0.004380248952656984
172 400 0.008362635970115662
173 0 0.005363971460610628
173 80 0.005176246631890535
173 160 0.002698610769584775
173 240 0.005391672719269991
173 320 0.005204491317272186
173 400 0.00247616576962173
174 0 0.00492551876232028
174 80 0.0045328265987336636
174 160 0.003788792062550783
174 240 0.006268135271966457
174 320 0.007568479515612125
174 400 0.004969870671629906
175 0 0.0025954353623092175
175 80 0.004007749725133181
175 160 0.002352506387978792
175 240 0.0030751191079616547
175 320 0.0031753217335790396
175 400 0.004517083987593651
176 0 0.0029528606683015823
176 80 0.001749889343045652
176 160 0.0011542655993252993
176 240 0.0017269494710490108
176 320 0.004444329533725977
176 400 0.005581080913543701
177 0 0.0037018649745732546
177 80 0.0028217125218361616
177 160 0.0033405167050659657
177 240 0.00448207650333643
177 320 0.0033559282310307026
177 400 0.004384253174066544
178 0 0.0027774330228567123
178 80 0.0037407022900879383
178 160 0.0018928907811641693
178 240 0.0012351860059425235
178 320 0.0039163390174508095
178 400 0.0026918041985481977
179 0 0.00619226461276412
179 80 0.00413863267749548
179 160 0.002005399437621236
179 240 0.004871197510510683
179 320 0.003883911995217204
179 400 0.0042546456679701805
180 0 0.00414999108761549
180 80 0.004344200249761343
180 160 0.002927270717918873
180 240 0.004566528368741274
180 320 0.0033536218106746674
180 400 0.0032624464947730303
181 0 0.0023609919007867575
181 80 0.004485958255827427
181 160 0.003158021252602339
181 240 0.004174383357167244
181 320 0.004341897554695606
181 400 0.00382783985696733
182 0 0.00344393914565444
182 80 0.003911658190190792
182 160 0.003050145460292697
182 240 0.004242288414388895
182 320 0.006947595626115799
182 400 0.008320678025484085
183 0 0.002218109555542469
183 80 0.0053151436150074005
183 160 0.004169877618551254
183 240 0.004808500409126282
183 320 0.004053227137774229
183 400 0.0015459635760635138
184 0 0.004006979055702686
184 80 0.004156817216426134
184 160 0.0037231389433145523
184 240 0.0032067636493593454
184 320 0.004490579944103956
184 400 0.004530929960310459
185 0 0.0019858169835060835
185 80 0.001722504384815693
185 160 0.0015216153115034103
185 240 0.0024313891772180796
185 320 0.0045984722673892975
185 400 0.004312416072934866
186 0 0.0030643532518297434
186 80 0.0038613108918070793
186 160 0.00502008106559515
186 240 0.003539702855050564
186 320 0.003063680836930871
186 400 0.004703118931502104
187 0 0.002911796560510993
187 80 0.006356661673635244
187 160 0.006278384942561388
187 240 0.003580530174076557
187 320 0.002923902589827776
187 400 0.0034487920347601175
188 0 0.0017831132281571627
188 80 0.0028583998791873455
188 160 0.004209267906844616
188 240 0.004733466077595949
188 320 0.003012200118973851
188 400 0.002022617030888796
189 0 0.005340456496924162
189 80 0.00612617889419198
189 160 0.003801112063229084
189 240 0.0032604180742055178
189 320 0.0037912277039140463
189 400 0.004700180143117905
190 0 0.003775189397856593
190 80 0.003003679681569338
190 160 0.0037449311930686235
190 240 0.002653225092217326
190 320 0.0037710759788751602
190 400 0.004147080238908529
191 0 0.004282751586288214
191 80 0.005261160898953676
191 160 0.004010836128145456
191 240 0.006122935563325882
191 320 0.0015989248640835285
191 400 0.00358368968591094
192 0 0.004556930158287287
192 80 0.002057232428342104
192 160 0.002085466170683503
192 240 0.0035151969641447067
192 320 0.0015476788394153118
192 400 0.003016804112121463
193 0 0.0045819273218512535
193 80 0.005094968248158693
193 160 0.001808320521377027
193 240 0.004393313080072403
193 320 0.0025913522113114595
193 400 0.002801227383315563
194 0 0.0073479111306369305
194 80 0.003380224108695984
194 160 0.0034250030294060707
194 240 0.0029747039079666138
194 320 0.002544125309213996
194 400 0.007596577052026987
195 0 0.0030932952649891376
195 80 0.0029373071156442165
195 160 0.003881231416016817
195 240 0.0038664068561047316
195 320 0.004178366623818874
195 400 0.0031461231410503387
196 0 0.004115545190870762
196 80 0.002344867680221796
196 160 0.0013698195107281208
196 240 0.004943478386849165
196 320 0.00288435653783381
196 400 0.004775014240294695
197 0 0.0041974615305662155
197 80 0.002225104719400406
197 160 0.0035185415763407946
197 240 0.002393032656982541
197 320 0.004778199829161167
197 400 0.003781151957809925
198 0 0.003860821947455406
198 80 0.002287019742652774
198 160 0.0017550332704558969
198 240 0.0047243922017514706
198 320 0.0024258713237941265
198 400 0.0033438396640121937
199 0 0.0013536153128370643
199 80 0.00458938954398036
199 160 0.00290660816244781
199 240 0.0038282573223114014
199 320 0.0022163898684084415
199 400 0.004164187237620354
200 0 0.005191045347601175
200 80 0.004766388796269894
200 160 0.0017591676441952586
200 240 0.002436358015984297
200 320 0.0026957811787724495
200 400 0.002401364268735051
201 0 0.004230208694934845
201 80 0.004864797927439213
201 160 0.004107737448066473
201 240 0.004740677308291197
201 320 0.0023980496916919947
201 400 0.0019518472254276276
202 0 0.0024455024395138025
202 80 0.003951797727495432
202 160 0.003256217110902071
202 240 0.003230906091630459
202 320 0.0035240324214100838
202 400 0.00339450198225677
203 0 0.002375476062297821
203 80 0.0024065207690000534
203 160 0.002930824412032962
203 240 0.005268768407404423
203 320 0.004523908719420433
203 400 0.003231994342058897
204 0 0.003239129902794957
204 80 0.004427102394402027
204 160 0.0023441181983798742
204 240 0.0043915691785514355
204 320 0.002228772733360529
204 400 0.0041158911772072315
205 0 0.0021260802168399096
205 80 0.004578917752951384
205 160 0.0033454711083322763
205 240 0.004309217445552349
205 320 0.004290711600333452
205 400 0.002912617288529873
206 0 0.004384487401694059
206 80 0.0015386410523205996
206 160 0.002271272474899888
206 240 0.003305432852357626
206 320 0.0035227127373218536
206 400 0.0035888184793293476
207 0 0.003647569566965103
207 80 0.004007159266620874
207 160 0.003258385695517063
207 240 0.0019082616781815886
207 320 0.001371645019389689
207 400 0.0020338017493486404
208 0 0.001736045815050602
208 80 0.0030411162879318
208 160 0.002836147788912058
208 240 0.0031235571950674057
208 320 0.004457741044461727
208 400 0.0024642106145620346
209 0 0.004864989314228296
209 80 0.004215095657855272
209 160 0.0017478580120950937
209 240 0.0030311981681734324
209 320 0.003329954110085964
209 400 0.005077173002064228
210 0 0.007013354450464249
210 80 0.0017794616287574172
210 160 0.00438318494707346
210 240 0.0034058713354170322
210 320 0.0016926703974604607
210 400 0.0022945310920476913
211 0 0.0030819533858448267
211 80 0.0033677276223897934
211 160 0.005630923435091972
211 240 0.0017005030531436205
211 320 0.0033734263852238655
211 400 0.005260470788925886
212 0 0.004637449514120817
212 80 0.0036622826009988785
212 160 0.0020215162076056004
212 240 0.002848233561962843
212 320 0.0025051420088857412
212 400 0.004060443956404924
213 0 0.0033452094066888094
213 80 0.002906263805925846
213 160 0.0030075961258262396
213 240 0.004059301223605871
213 320 0.00366230052895844
213 400 0.0024089966900646687
214 0 0.002523906296119094
214 80 0.00503026507794857
214 160 0.004603029228746891
214 240 0.003035845933482051
214 320 0.0035335414577275515
214 400 0.002596657257527113
215 0 0.005211693700402975
215 80 0.001836293493397534
215 160 0.0034878640435636044
215 240 0.006034427788108587
215 320 0.0021616406738758087
215 400 0.0036689129192382097
216 0 0.003147608134895563
216 80 0.0028200482483953238
216 160 0.0029788841493427753
216 240 0.002218811074271798
216 320 0.004579645115882158
216 400 0.0006785370642319322
217 0 0.0018493912648409605
217 80 0.0016221744008362293
217 160 0.009141365997493267
217 240 0.0025192052125930786
217 320 0.0036795632913708687
217 400 0.0026108277961611748
218 0 0.0022765451576560736
218 80 0.0021981005556881428
218 160 0.0009963951306417584
218 240 0.0016867537051439285
218 320 0.0029988079331815243
218 400 0.004075057804584503
219 0 0.0019104500534012914
219 80 0.004740432370454073
219 160 0.002113582333549857
219 240 0.004558171145617962
219 320 0.001451028510928154
219 400 0.003016324946656823
220 0 0.0041191065683960915
220 80 0.0017577310791239142
220 160 0.002227822318673134
220 240 0.0032047233544290066
220 320 0.001990131800994277
220 400 0.0026663257740437984
221 0 0.0029319741297513247
221 80 0.0045931111089885235
221 160 0.002971048466861248
221 240 0.004168125335127115
221 320 0.003947959281504154
221 400 0.003971336409449577
222 0 0.0027005933225154877
222 80 0.0024086495395749807
222 160 0.0024321437813341618
222 240 0.0024260301142930984
222 320 0.0013015487929806113
222 400 0.0033352444879710674
223 0 0.003040371695533395
223 80 0.003096354426816106
223 160 0.004352935589849949
223 240 0.004276994615793228
223 320 0.0010968140559270978
223 400 0.0035994634963572025
224 0 0.003134417114779353
224 80 0.0031130583956837654
224 160 0.0030459584668278694
224 240 0.0033196345902979374
224 320 0.003992834128439426
224 400 0.002792213810607791
225 0 0.002680109115317464
225 80 0.0064653996378183365
225 160 0.0015994790010154247
225 240 0.004423186648637056
225 320 0.005488917231559753
225 400 0.002370184287428856
226 0 0.0026252262759953737
226 80 0.0020812475122511387
226 160 0.0023660417646169662
226 240 0.0014126081950962543
226 320 0.0017415402689948678
226 400 0.0019520792411640286
227 0 0.0015258112689480186
227 80 0.0031756642274558544
227 160 0.0031736462842673063
227 240 0.0033087616320699453
227 320 0.0037346750032156706
227 400 0.003184123197570443
228 0 0.0011725523509085178
228 80 0.0040266490541398525
228 160 0.0026192190125584602
228 240 0.002025570720434189
228 320 0.004560766741633415
228 400 0.0035321328323334455
229 0 0.00336086330935359
229 80 0.0021474079694598913
229 160 0.0021974241826683283
229 240 0.004734747111797333
229 320 0.0022430478129535913
229 400 0.00416189432144165
230 0 0.0035811036359518766
230 80 0.0012401411077007651
230 160 0.0014959818217903376
230 240 0.0022288342006504536
230 320 0.0013578047510236502
230 400 0.004862831439822912
231 0 0.0013487706892192364
231 80 0.0031410532537847757
231 160 0.0045295036397874355
231 240 0.003937460947781801
231 320 0.003310681786388159
231 400 0.0027289679273962975
232 0 0.0026640899013727903
232 80 0.0036249584518373013
232 160 0.0035332529805600643
232 240 0.0014716838486492634
232 320 0.0024410593323409557
232 400 0.0026484907139092684
233 0 0.003097426611930132
233 80 0.003176365979015827
233 160 0.0025047017261385918
233 240 0.0025658151134848595
233 320 0.0024418195243924856
233 400 0.0030497913248836994
234 0 0.002163867698982358
234 80 0.002420576987788081
234 160 0.0028809113427996635
234 240 0.0016542925732210279
234 320 0.003089462872594595
234 400 0.0035600399132817984
235 0 0.0023239159490913153
235 80 0.002382756909355521
235 160 0.0018910466460511088
235 240 0.0025817514397203922
235 320 0.0021024488378316164
235 400 0.0014989669434726238
236 0 0.001283845747821033
236 80 0.0013073486043140292
236 160 0.0016138399951159954
236 240 0.003277349518612027
236 320 0.0019732476212084293
236 400 0.0015830394113436341
237 0 0.004361494444310665
237 80 0.003429256845265627
237 160 0.003925866913050413
237 240 0.005579753778874874
237 320 0.002986147068440914
237 400 0.00341682112775743
238 0 0.002538706874474883
238 80 0.0038179948460310698
238 160 0.0008348416886292398
238 240 0.0015901244478300214
238 320 0.002267878968268633
238 400 0.0034837524872273207
239 0 0.0010412413394078612
239 80 0.00310686556622386
239 160 0.0031334750819951296
239 240 0.003018826013430953
239 320 0.0024658311158418655
239 400 0.003367464058101177
240 0 0.004410030785948038
240 80 0.0015348121523857117
240 160 0.0016752115916460752
240 240 0.0019403871847316623
240 320 0.002754897577688098
240 400 0.0014991548378020525
241 0 0.002037367783486843
241 80 0.0030203349888324738
241 160 0.0022113886661827564
241 240 0.0013863753993064165
241 320 0.003662278177216649
241 400 0.003269218374043703
242 0 0.002341362414881587
242 80 0.0025313745718449354
242 160 0.00474959472194314
242 240 0.0031152518931776285
242 320 0.001960108522325754
242 400 0.0021611994598060846
243 0 0.0009075571433641016
243 80 0.0031936028972268105
243 160 0.00527680478990078
243 240 0.007737983949482441
243 320 0.0014780585188418627
243 400 0.000897158810403198
244 0 0.00484478659927845
244 80 0.0036144014447927475
244 160 0.002152852714061737
244 240 0.004096357151865959
244 320 0.0027482861187309027
244 400 0.004699649754911661
245 0 0.0022996619809418917
245 80 0.0015439309645444155
245 160 0.002130242995917797
245 240 0.0021183243952691555
245 320 0.0025787039194256067
245 400 0.001779873506166041
246 0 0.0011657857103273273
246 80 0.0032696679700165987
246 160 0.0016387853538617492
246 240 0.0029418417252600193
246 320 0.002772669540718198
246 400 0.0015106400242075324
247 0 0.0018863771110773087
247 80 0.0033688293769955635
247 160 0.0021341263782233
247 240 0.0030093758832663298
247 320 0.0027985640335828066
247 400 0.002771609928458929
248 0 0.0017355317249894142
248 80 0.0032443904783576727
248 160 0.0028563770465552807
248 240 0.0027828337624669075
248 320 0.001027528429403901
248 400 0.0008654267294332385
249 0 0.0018896071705967188
249 80 0.0018582786433398724
249 160 0.0029983664862811565
249 240 0.0015044249594211578
249 320 0.0015176718588918447
249 400 0.0025851090904325247
250 0 0.002186164725571871
250 80 0.004929511342197657
250 160 0.00154237006790936
250 240 0.003249961882829666
250 320 0.0026634004898369312
250 400 0.005241082981228828
251 0 0.0028782703448086977
251 80 0.0031629567965865135
251 160 0.0017964552389457822
251 240 0.002233264734968543
251 320 0.0023759014438837767
251 400 0.001656373031437397
252 0 0.0022182671818882227
252 80 0.0035953018814325333
252 160 0.003734376048669219
252 240 0.0015598454046994448
252 320 0.0011098869144916534
252 400 0.002244500210508704
253 0 0.0020364539232105017
253 80 0.0020135825034230947
253 160 0.003406812436878681
253 240 0.0004974595503881574
253 320 0.002774694701656699
253 400 0.0016195742646232247
254 0 0.0017593156080693007
254 80 0.0039931396022439
254 160 0.0029468112625181675
254 240 0.004711594432592392
254 320 0.003505505621433258
254 400 0.0020969959441572428
255 0 0.004180946387350559
255 80 0.0047871628776192665
255 160 0.0028941226191818714
255 240 0.0022454592399299145
255 320 0.0020061295945197344
255 400 0.004214238375425339
256 0 0.0011785520473495126
256 80 0.0017113506328314543
256 160 0.001549664419144392
256 240 0.0031498169992119074
256 320 0.0026945362333208323
256 400 0.00411834754049778
257 0 0.002031745621934533
257 80 0.0011910895118489861
257 160 0.0027172353584319353
257 240 0.004255831241607666
257 320 0.0006371504277922213
257 400 0.001317172427661717
258 0 0.0019369559595361352
258 80 0.0028893842827528715
258 160 0.0044828057289123535
258 240 0.0010468920227140188
258 320 0.0021442899014800787
258 400 0.0031396611593663692
259 0 0.003706821007654071
259 80 0.002831270918250084
259 160 0.003208475885912776
259 240 0.0015194052830338478
259 320 0.002020764397457242
259 400 0.003694433020427823
260 0 0.003439240390434861
260 80 0.003205154789611697
260 160 0.0020304182544350624
260 240 0.002095067873597145
260 320 0.002287802752107382
260 400 0.0021412651985883713
261 0 0.0027894179802387953
261 80 0.0011945039732381701
261 160 0.0018488101195544004
261 240 0.003809042042121291
261 320 0.0016969251446425915
261 400 0.0018299256917089224
262 0 0.0016176175558939576
262 80 0.0024117515422403812
262 160 0.001501534366980195
262 240 0.0020144481677562
262 320 0.0035721221938729286
262 400 0.00178160157520324
263 0 0.0026259960141032934
263 80 0.003111722646281123
263 160 0.005044456571340561
263 240 0.0017313571879640222
263 320 0.0027356359641999006
263 400 0.001901254872791469
264 0 0.0027553068939596415
264 80 0.0013482972281053662
264 160 0.0027679153718054295
264 240 0.0021971857640892267
264 320 0.001239114091731608
264 400 0.0021368449088186026
265 0 0.002689852612093091
265 80 0.0032436868641525507
265 160 0.0013972681481391191
265 240 0.002960163401439786
265 320 0.0009739244705997407
265 400 0.0016527881380170584
266 0 0.00180481665302068
266 80 0.00256704306229949
266 160 0.0007019569166004658
266 240 0.0020849767606705427
266 320 0.0034395449329167604
266 400 0.00290952087379992
267 0 0.0017314618453383446
267 80 0.004144718870520592
267 160 0.0030706897377967834
267 240 0.0028876655269414186
267 320 0.002009756164625287
267 400 0.0012472100788727403
268 0 0.002555401995778084
268 80 0.0015803277492523193
268 160 0.002128747059032321
268 240 0.0024213027209043503
268 320 0.0019545103423297405
268 400 0.002531373407691717
269 0 0.0019671469926834106
269 80 0.002217803616076708
269 160 0.0016965719405561686
269 240 0.0025729446206241846
269 320 0.00268918601796031
269 400 0.001946440665051341
270 0 0.004604259971529245
270 80 0.002273187041282654
270 160 0.0013839765451848507
270 240 0.003714286722242832
270 320 0.002352112205699086
270 400 0.002283286303281784
271 0 0.0011607736814767122
271 80 0.00316928094252944
271 160 0.0011483829002827406
271 240 0.001850494765676558
271 320 0.003302572760730982
271 400 0.0014145623426884413
272 0 0.0012339127715677023
272 80 0.0022992242593318224
272 160 0.0034643802791833878
272 240 0.0025924774818122387
272 320 0.003795639146119356
272 400 0.0020746097434312105
273 0 0.0030143132898956537
273 80 0.0022589429281651974
273 160 0.001265024533495307
273 240 0.002411560621112585
273 320 0.002367829205468297
273 400 0.003602696815505624
274 0 0.0013467431999742985
274 80 0.0011458280496299267
274 160 0.001715137274004519
274 240 0.0010039395419880748
274 320 0.006196571048349142
274 400 0.0034486076328903437
275 0 0.002543703420087695
275 80 0.0017034680349752307
275 160 0.00366234895773232
275 240 0.0036137367133051157
275 320 0.0009125082870014012
275 400 0.002103333128616214
276 0 0.0025457972660660744
276 80 0.001935823354870081
276 160 0.0023574060760438442
276 240 0.002254093298688531
276 320 0.0010978226782754064
276 400 0.0027643581852316856
277 0 0.002265922026708722
277 80 0.0008024323615245521
277 160 0.001951043726876378
277 240 0.001219003344886005
277 320 0.0014224870828911662
277 400 0.0012548313243314624
278 0 0.0016823887126520276
278 80 0.0012449026107788086
278 160 0.00264119659550488
278 240 0.0008597432752139866
278 320 0.0010975687764585018
278 400 0.0022053993307054043
279 0 0.0019463051576167345
279 80 0.0029218688141554594
279 160 0.0021256885956972837
279 240 0.0014985143207013607
279 320 0.0015212366124615073
279 400 0.0020550405606627464
280 0 0.004201002884656191
280 80 0.0016967225819826126
280 160 0.0024214796721935272
280 240 0.0020998925901949406
280 320 0.0024869374465197325
280 400 0.002863518660888076
281 0 0.0024413021747022867
281 80 0.0021125152707099915
281 160 0.0034573120065033436
281 240 0.0010939686326310039
281 320 0.0010784019250422716
281 400 0.0015558862360194325
282 0 0.004619506187736988
282 80 0.0033895245287567377
282 160 0.003434007288888097
282 240 0.003714153543114662
282 320 0.0023003958631306887
282 400 0.002303598215803504
283 0 0.002541194437071681
283 80 0.0035029312130063772
283 160 0.0016228617168962955
283 240 0.001334686647169292
283 320 0.002607418457046151
283 400 0.001813482609577477
284 0 0.0030452790670096874
284 80 0.0018163546919822693
284 160 0.001577027142047882
284 240 0.0016850711544975638
284 320 0.002537183463573456
284 400 0.0018031483050435781
285 0 0.001768107758834958
285 80 0.0019545871764421463
285 160 0.002165132202208042
285 240 0.0027005819138139486
285 320 0.002693366724997759
285 400 0.0024768200237303972
286 0 0.002065678359940648
286 80 0.002331601455807686
286 160 0.002003092085942626
286 240 0.0011217847932130098
286 320 0.0027864922303706408
286 400 0.002599416533485055
287 0 0.002111788373440504
287 80 0.002823149785399437
287 160 0.002859811531379819
287 240 0.0016166080022230744
287 320 0.002855302533134818
287 400 0.0017032376490533352
288 0 0.0020449107978492975
288 80 0.001667564152739942
288 160 0.0029171763453632593
288 240 0.0011938584502786398
288 320 0.0018313281470909715
