1 0.4600962412509837 0.8672333333333333
2 0.259457671375417 0.9266666666666666
3 0.21520768342686614 0.9394833333333333
4 0.18782331370341498 0.9483
5 0.16797226059760875 0.95355
6 0.15262459848385884 0.9586333333333333
7 0.14013243665986225 0.9616333333333333
8 0.13003388431661927 0.9646666666666667
9 0.1212154006851571 0.96745
10 0.11364985947638179 0.9697
11 0.10694674800422146 0.9714
12 0.10110928852563855 0.97335
13 0.0960696100759735 0.9742666666666666
14 0.0912880545644872 0.97605
15 0.08689825377786464 0.9773833333333334
16 0.08305383863241307 0.9783166666666666
17 0.07952132235680308 0.97915
18 0.07608747128834094 0.9803666666666667
19 0.07312914659616662 0.9808666666666667
20 0.07017943900086478 0.9817666666666667
21 0.06749215028655808 0.98285
22 0.06509907616933844 0.9834666666666667
23 0.0626242938084103 0.9841833333333333
24 0.06057135031612189 0.9846166666666667
25 0.058506928694082985 0.98495
26 0.05650350208014949 0.9859
27 0.054638510633474476 0.9861166666666666
28 0.05290889325760194 0.98665
29 0.05120868674679987 0.9871666666666666
30 0.049723649034097886 0.9880333333333333
31 0.048138061395363765 0.9882666666666666
32 0.04670936982832484 0.9887166666666667
33 0.045353495589356176 0.9892666666666666
34 0.04403018539171737 0.9896333333333334
35 0.04276538310822711 0.99
36 0.0415327696185281 0.9903166666666666
37 0.04040683796212299 0.99095
38 0.039329958438221964 0.99105
39 0.03828946377899347 0.99155
40 0.03727751106583774 0.9915666666666667
41 0.03624337621287369 0.9921666666666666
42 0.03534582895892007 0.9922833333333333
43 0.034471668706122616 0.9925833333333334
44 0.033620545184855334 0.9930166666666667
45 0.03269129657327557 0.9929166666666667
46 0.03186734350147977 0.9934
47 0.031139568515074278 0.99355
48 0.030375533471150056 0.9936666666666667
49 0.029676512496343364 0.9941166666666666
50 0.028914416681474715 0.9944333333333333
51 0.02825788678978679 0.99475
52 0.027642650777962543 0.99475
53 0.026992137665981488 0.9950333333333333
54 0.02643708898814947 0.9951333333333333
55 0.02576742345776989 0.9955666666666667
56 0.025224146429203086 0.9956166666666667
57 0.02466054631373299 0.9958166666666667
58 0.024151033757607947 0.9960833333333333
59 0.023590407894253096 0.9962833333333333
60 0.023121368078423587 0.9964
61 0.02260638083388874 0.9964833333333334
62 0.022168772810422725 0.9965166666666667
63 0.02163518337941945 0.9968
64 0.021210890047863792 0.99685
65 0.02080818048781598 0.9969333333333333
66 0.020395478886017986 0.9971
67 0.019971540019011448 0.9973166666666666
68 0.019546943937124472 0.9973333333333333
69 0.01916370074699587 0.9974666666666666
70 0.018815400204988623 0.9973666666666666
71 0.01845267315162842 0.9975666666666667
72 0.01809810824207723 0.9976833333333334
73 0.01773157376579559 0.9978833333333333
74 0.01742164293494719 0.9979666666666667
75 0.017088945471504923 0.9979833333333333
76 0.01674115516122248 0.9980666666666667
77 0.016478113941788705 0.9981666666666666
78 0.01616709940492916 0.99825
79 0.01587812621434376 0.99835
80 0.015621868854781775 0.9984
81 0.015338101041024682 0.99855
82 0.015050375122211572 0.9984833333333333
83 0.014794512038260127 0.9984333333333333
84 0.014558563745622314 0.9985666666666667
85 0.01428577100693274 0.9986666666666667
86 0.014040562311318446 0.9987
87 0.013807001140917829 0.9988
88 0.013559569930856321 0.9988
89 0.013360284438142295 0.99885
90 0.01311856700476807 0.9989333333333333
91 0.012936471472941101 0.9990166666666667
92 0.012719877932502675 0.999
93 0.0125059226670785 0.9990833333333333
94 0.012312111027264741 0.9991
95 0.012076964763713989 0.9991666666666666
96 0.011927584053150244 0.99925
97 0.011732144566225027 0.9992
98 0.011556137548282996 0.9992166666666666
99 0.011398434023887141 0.99925
100 0.011215933785736085 0.99925
101 0.0110472394193191 0.9992666666666666
102 0.010867676066943626 0.9993166666666666
103 0.010720666991159526 0.99935
104 0.010548597468293584 0.9994
105 0.010426986254136097 0.9994166666666666
106 0.010248932170310318 0.99945
107 0.010118285657218428 0.9994166666666666
108 0.009972610572940792 0.9994833333333333
109 0.009833925829600614 0.9994833333333333
110 0.00969571917891693 0.9995166666666667
111 0.009543473290692547 0.9995
112 0.009425884925388992 0.9995666666666667
113 0.009290275016009236 0.9995666666666667
114 0.009171151011975716 0.99955
115 0.009054219406813002 0.9996
116 0.00893062641913655 0.9996333333333334
117 0.00880451175445782 0.9996333333333334
118 0.00869329209510944 0.9996666666666667
119 0.008589554197047707 0.99965
120 0.008469867245750879 0.9996333333333334
121 0.008367132919250743 0.9997
122 0.008253783939767684 0.9997166666666667
123 0.008149213170253439 0.9997166666666667
124 0.008045938338583974 0.9997
125 0.007948779515665905 0.9997333333333334
126 0.007849514316112152 0.9997333333333334
127 0.0077526791747024 0.99975
128 0.007662001749012134 0.9997333333333334
129 0.007574675071027392 0.9997666666666667
130 0.007480453173848374 0.99975
131 0.007395755598393045 0.99975
132 0.007314020773517027 0.99975
133 0.007222184025720239 0.9997666666666667
134 0.007132393403300471 0.9998
135 0.007067890814207653 0.9998
136 0.006967798573399848 0.9998166666666667
137 0.006892980300763777 0.99985
138 0.00680830388832321 0.9998333333333334
139 0.006739293798746696 0.9998166666666667
140 0.006654791038747488 0.9998333333333334
141 0.006592653111057249 0.9998166666666667
142 0.006530004465875071 0.9998333333333334
143 0.0064569865308725825 0.9998166666666667
144 0.006378364403481915 0.99985
145 0.006316515436616423 0.9998666666666667
146 0.006248574032744111 0.99985
147 0.006184366200047769 0.9998666666666667
148 0.006121136831181215 0.9998666666666667
149 0.0060507598236751265 0.9999
150 0.005975819947416468 0.9998833333333333
151 0.005926875736631913 0.9998666666666667
152 0.00587267478007569 0.9999
153 0.005808362835841472 0.9999166666666667
154 0.005747504529358545 0.9999
155 0.00569732787895765 0.9999333333333333
156 0.005640404438897809 0.99995
157 0.005579057068172803 0.99995
158 0.005531630865774795 0.9999166666666667
159 0.005480412415527641 0.9999333333333333
160 0.00542316598835578 0.99995
161 0.00537836555960471 0.9999333333333333
162 0.005322519681110645 0.9999333333333333
163 0.005270250568311336 0.9999333333333333
164 0.00521152287394976 0.9999333333333333
165 0.005176631117692348 0.99995
166 0.005122640615960619 0.99995
167 0.00508617142985847 0.9999666666666667
168 0.005039210950058184 0.9999666666666667
169 0.004988854632465674 0.9999833333333333
170 0.004948048069745477 0.9999833333333333
171 0.00490408624112328 0.9999666666666667
172 0.00486214457006295 0.9999666666666667
173 0.004821779679254825 0.9999833333333333
174 0.004771337542347293 0.9999833333333333
175 0.004731242003828796 0.9999833333333333
176 0.004690870119910091 0.9999666666666667
177 0.004651344127591644 0.9999833333333333
178 0.004616835692982827 0.9999833333333333
179 0.004575688212212405 0.9999833333333333
180 0.004535264097281229 0.9999833333333333
181 0.004501435550988149 0.9999833333333333
182 0.004453334510316456 0.9999833333333333
183 0.004423013685751698 0.9999833333333333
184 0.004385177937667888 0.9999833333333333
185 0.004351731039770344 0.9999833333333333
186 0.004315542667282066 0.9999833333333333
187 0.004279260530815656 0.9999833333333333
188 0.004248366188774231 0.9999833333333333
189 0.004213756704176746 0.9999833333333333
190 0.004180433407206453 0.9999833333333333
191 0.0041436722029500935 0.9999833333333333
192 0.004114822697029439 1.0
193 0.004080422024038046 0.9999833333333333
194 0.0040497886011255846 0.9999833333333333
195 0.004023078073219243 0.9999833333333333
196 0.003987624198630222 0.9999833333333333
197 0.003963693558647514 0.9999833333333333
198 0.003930614414517639 1.0
199 0.0039028054441331323 1.0
200 0.003874417774300816 1.0
201 0.003845534600026564 0.9999833333333333
202 0.003812966030661954 0.9999833333333333
203 0.003786011655846718 0.9999833333333333
204 0.0037592963401430735 0.9999833333333333
205 0.0037324549110262775 1.0
206 0.003706018386933921 1.0
207 0.0036755858485880834 1.0
208 0.0036571427128776145 1.0
209 0.003630615318311192 1.0
210 0.0036001774076092393 1.0
211 0.0035766713648363313 1.0
212 0.003554338375841186 1.0
213 0.0035277335350510915 1.0
214 0.0035030906274070794 1.0
215 0.0034809276523159894 1.0
216 0.0034506245619748462 1.0
217 0.003430582180585482 1.0
218 0.003408907870722335 1.0
219 0.003387885250603911 1.0
220 0.0033681553762171792 1.0
221 0.003335154173510479 1.0
222 0.0033190045215344345 1.0
223 0.003299474915135096 1.0
224 0.0032786031239735547 1.0
225 0.003254097244237611 1.0
226 0.0032349941787371502 1.0
227 0.0032085776599600655 1.0
228 0.00318663797801984 1.0
229 0.0031698788903447104 1.0
230 0.003146679385993153 1.0
231 0.0031358502752610296 1.0
232 0.003110386358240425 1.0
233 0.0030924033497456214 1.0
234 0.003071698956122038 1.0
235 0.0030544647422712495 1.0
236 0.003035741511917016 1.0
237 0.003016340281086555 1.0
238 0.0029966602562867136 1.0
239 0.002980997820862873 1.0
240 0.0029608770104836046 1.0
241 0.002941833310095327 1.0
242 0.002928803757906381 1.0
243 0.002907199493454479 1.0
244 0.002888116377667943 1.0
245 0.0028764209271952717 1.0
246 0.002854676833172748 1.0
247 0.002840400106762089 1.0
248 0.002823581734646374 1.0
249 0.0028063681407043263 1.0
250 0.0027898348185783827 1.0
251 0.002774997405198488 1.0
252 0.0027581806998200485 1.0
253 0.0027471412619107217 1.0
254 0.0027278562726478764 1.0
255 0.002710807405889773 1.0
256 0.0026950978348577724 1.0
257 0.002681685648218139 1.0
258 0.0026644762186060493 1.0
259 0.002655166529130433 1.0
260 0.0026361995536996834 1.0
261 0.0026243612696942903 1.0
262 0.0026069482033109184 1.0
263 0.0025937964648642797 1.0
264 0.0025789057114856567 1.0
265 0.00256204446638698 1.0
266 0.0025532670788961384 1.0
267 0.00254051899841514 1.0
268 0.0025225531951244325 1.0
269 0.0025137397414718723 1.0
270 0.0024963155159724755 1.0
271 0.002484968450885496 1.0
272 0.0024709619372821987 1.0
273 0.002458448627969123 1.0
274 0.002445600071974319 1.0
275 0.002431838870989774 1.0
276 0.0024207254057811664 1.0
277 0.002410118724020925 1.0
278 0.0023949696931358515 1.0
279 0.002383978252345299 1.0
280 0.002371757057123581 1.0
281 0.0023595280312339283 1.0
282 0.0023478169998487654 1.0
283 0.0023362446261861766 1.0
284 0.0023236100962544396 1.0
285 0.002312548386219984 1.0
286 0.0023004015819402908 1.0
287 0.0022905146577028132 1.0
288 0.0022783794908596677 1.0
289 0.002267709959222417 1.0
290 0.0022572405641399095 1.0
291 0.002245756143307897 1.0
292 0.0022347979673888406 1.0
293 0.0022236403208280575 1.0
294 0.002212511504372792 1.0
295 0.0021996409030331336 1.0
296 0.0021905311573071403 1.0
297 0.0021814872646755946 1.0
298 0.0021696812005962797 1.0
