1 0 3.1288669109344482
1 80 0.5551199913024902
1 160 0.3238251507282257
1 240 0.37256571650505066
1 320 0.2631377875804901
1 400 0.27642732858657837
2 0 0.25728848576545715
2 80 0.2867884933948517
2 160 0.3108629286289215
2 240 0.2196338176727295
2 320 0.13883347809314728
2 400 0.2147977501153946
3 0 0.31114351749420166
3 80 0.16181102395057678
3 160 0.15784430503845215
3 240 0.19075137376785278
3 320 0.17008987069129944
3 400 0.2997150421142578
4 0 0.36290839314460754
4 80 0.21031518280506134
4 160 0.13518235087394714
4 240 0.20983394980430603
4 320 0.16601411998271942
4 400 0.19531328976154327
5 0 0.10367967188358307
5 80 0.21516118943691254
5 160 0.16603343188762665
5 240 0.1662156879901886
5 320 0.11749345809221268
5 400 0.14866286516189575
6 0 0.18608206510543823
6 80 0.10600732266902924
6 160 0.11812548339366913
6 240 0.13894103467464447
6 320 0.12281114608049393
6 400 0.1431695520877838
7 0 0.09523338079452515
7 80 0.17016391456127167
7 160 0.1749815046787262
7 240 0.21235224604606628
7 320 0.18111294507980347
7 400 0.10860433429479599
8 0 0.11950743198394775
8 80 0.17334215342998505
8 160 0.23062126338481903
8 240 0.23695968091487885
8 320 0.1419169157743454
8 400 0.15835705399513245
9 0 0.15121673047542572
9 80 0.1905585378408432
9 160 0.18424664437770844
9 240 0.15939341485500336
9 320 0.09709828346967697
9 400 0.07453335076570511
10 0 0.07938799262046814
10 80 0.20143663883209229
10 160 0.10898204892873764
10 240 0.07301834970712662
10 320 0.16258923709392548
10 400 0.09462755173444748
11 0 0.10739710927009583
11 80 0.0987696722149849
11 160 0.14716842770576477
11 240 0.21014375984668732
11 320 0.08164606988430023
11 400 0.12470754981040955
12 0 0.0847301259636879
12 80 0.10264750570058823
12 160 0.09171286970376968
12 240 0.09461529552936554
12 320 0.1586911529302597
12 400 0.10481204837560654
13 0 0.09116421639919281
13 80 0.08187680691480637
13 160 0.11866644769906998
13 240 0.1346716433763504
13 320 0.08593983203172684
13 400 0.13604241609573364
14 0 0.1202617958188057
14 80 0.09375777840614319
14 160 0.05420351400971413
14 240 0.0913931280374527
14 320 0.11304696649312973
14 400 0.09062465280294418
15 0 0.07573298364877701
15 80 0.08217519521713257
15 160 0.08923262357711792
15 240 0.019377080723643303
15 320 0.06731539964675903
15 400 0.04652231186628342
16 0 0.0769597738981247
16 80 0.07121715694665909
16 160 0.038873571902513504
16 240 0.04212383180856705
16 320 0.05823184549808502
16 400 0.09210514277219772
17 0 0.11355219036340714
17 80 0.06471280008554459
17 160 0.1195894405245781
17 240 0.06397532671689987
17 320 0.10599639266729355
17 400 0.10399215668439865
18 0 0.05176156014204025
18 80 0.044151026755571365
18 160 0.07255678623914719
18 240 0.08285186439752579
18 320 0.05020040273666382
18 400 0.05816521868109703
19 0 0.06168065965175629
19 80 0.09979739785194397
19 160 0.04049886763095856
19 240 0.09182879328727722
19 320 0.026726054027676582
19 400 0.1240304633975029
20 0 0.040158845484256744
20 80 0.050904784351587296
20 160 0.0344122089445591
20 240 0.07554935663938522
20 320 0.09213481843471527
20 400 0.0707482248544693
21 0 0.03664979711174965
21 80 0.12888865172863007
21 160 0.06823432445526123
21 240 0.12107148766517639
21 320 0.10281707346439362
21 400 0.0721181184053421
22 0 0.07279827445745468
22 80 0.11428684741258621
22 160 0.06385838240385056
22 240 0.06215791404247284
22 320 0.032099153846502304
22 400 0.04827923700213432
23 0 0.053119730204343796
23 80 0.10321468114852905
23 160 0.05934380367398262
23 240 0.08808136731386185
23 320 0.04321988299489021
23 400 0.0810914859175682
24 0 0.05888272076845169
24 80 0.06034231558442116
24 160 0.07070533186197281
24 240 0.06450764834880829
24 320 0.12070519477128983
24 400 0.03959133103489876
25 0 0.035552095621824265
25 80 0.07532136142253876
25 160 0.03840726613998413
25 240 0.06852912157773972
25 320 0.042694929987192154
25 400 0.033025145530700684
26 0 0.1345139443874359
26 80 0.03998910263180733
26 160 0.03537474200129509
26 240 0.05426614359021187
26 320 0.03223097324371338
26 400 0.07050066441297531
27 0 0.033481575548648834
27 80 0.10279224067926407
27 160 0.08743508905172348
27 240 0.05641908571124077
27 320 0.0385194756090641
27 400 0.038372017443180084
28 0 0.03382125496864319
28 80 0.027527552098035812
28 160 0.042327798902988434
28 240 0.060466691851615906
28 320 0.04692631587386131
28 400 0.0374697744846344
29 0 0.04384947940707207
29 80 0.0667240247130394
29 160 0.04040912911295891
29 240 0.030754486098885536
29 320 0.05441156029701233
29 400 0.027518879622220993
30 0 0.023924121633172035
30 80 0.13564109802246094
30 160 0.03910430520772934
30 240 0.11425677686929703
30 320 0.026982881128787994
30 400 0.04923748970031738
31 0 0.04646683856844902
31 80 0.03836500644683838
31 160 0.04151873290538788
31 240 0.06092648580670357
31 320 0.028477346524596214
31 400 0.05827881023287773
32 0 0.04847384989261627
32 80 0.06286501884460449
32 160 0.05023945868015289
32 240 0.035271357744932175
32 320 0.02613840252161026
32 400 0.06737056374549866
33 0 0.04822424799203873
33 80 0.057228900492191315
33 160 0.022833801805973053
33 240 0.037189703434705734
33 320 0.06486983597278595
33 400 0.02414778620004654
34 0 0.032882142812013626
34 80 0.01777142658829689
34 160 0.029027573764324188
34 240 0.09461215138435364
34 320 0.04450162500143051
34 400 0.07173971831798553
35 0 0.01858871430158615
35 80 0.060381390154361725
35 160 0.03798599913716316
35 240 0.04783835634589195
35 320 0.03731710463762283
35 400 0.02047763206064701
36 0 0.02005147747695446
36 80 0.03228262811899185
36 160 0.056712888181209564
36 240 0.03879791125655174
36 320 0.06824930757284164
36 400 0.021464109420776367
37 0 0.013329068198800087
37 80 0.05348487198352814
37 160 0.028971102088689804
37 240 0.02392345294356346
37 320 0.016586925834417343
37 400 0.02454836294054985
38 0 0.03794104605913162
38 80 0.019774053245782852
38 160 0.014895720407366753
38 240 0.05060433968901634
38 320 0.05803797021508217
38 400 0.022989388555288315
39 0 0.037739358842372894
39 80 0.03761298954486847
39 160 0.026390431448817253
39 240 0.020071273669600487
39 320 0.02497998997569084
39 400 0.060865338891744614
40 0 0.023077379912137985
40 80 0.02989020384848118
40 160 0.03993268683552742
40 240 0.02787189558148384
40 320 0.030637774616479874
40 400 0.041545040905475616
41 0 0.034757163375616074
41 80 0.04572832211852074
41 160 0.03171064704656601
41 240 0.01766202598810196
41 320 0.019094644114375114
41 400 0.02065485157072544
42 0 0.02433408610522747
42 80 0.022846054285764694
42 160 0.024372771382331848
42 240 0.02482214756309986
42 320 0.021734075620770454
42 400 0.03581719100475311
43 0 0.025344235822558403
43 80 0.032754961401224136
43 160 0.017844216898083687
43 240 0.021806076169013977
43 320 0.028605062514543533
43 400 0.05295153334736824
44 0 0.030482690781354904
44 80 0.022922169417142868
44 160 0.03495233505964279
44 240 0.019900724291801453
44 320 0.01828097552061081
44 400 0.05231007933616638
45 0 0.03901711478829384
45 80 0.04697321727871895
45 160 0.030238943174481392
45 240 0.029840627685189247
45 320 0.029532454907894135
45 400 0.1269947737455368
46 0 0.030536482110619545
46 80 0.029447441920638084
46 160 0.021001536399126053
46 240 0.015907106921076775
46 320 0.026486452668905258
46 400 0.024164197966456413
47 0 0.04037272557616234
47 80 0.029572488740086555
47 160 0.03869062289595604
47 240 0.022142745554447174
47 320 0.01864614710211754
47 400 0.02890709415078163
48 0 0.02782379649579525
48 80 0.0344344824552536
48 160 0.03245693817734718
48 240 0.04949556291103363
48 320 0.015954697504639626
48 400 0.023831894621253014
49 0 0.018165839836001396
49 80 0.026429392397403717
49 160 0.02801491506397724
49 240 0.03617122396826744
49 320 0.027006426826119423
49 400 0.03092137537896633
50 0 0.0353277362883091
50 80 0.017811087891459465
50 160 0.029702067375183105
50 240 0.035301573574543
50 320 0.0338725745677948
50 400 0.018500592559576035
51 0 0.038468386977910995
51 80 0.022916734218597412
51 160 0.012202340178191662
51 240 0.027158204466104507
51 320 0.019231470301747322
51 400 0.018067125231027603
52 0 0.020273061469197273
52 80 0.016034483909606934
52 160 0.03634999319911003
52 240 0.037011995911598206
52 320 0.010749033652245998
52 400 0.028084425255656242
53 0 0.02385442890226841
53 80 0.02326509729027748
53 160 0.03237361088395119
53 240 0.01813073270022869
53 320 0.04376000910997391
53 400 0.029513657093048096
54 0 0.02550170011818409
54 80 0.025965096428990364
54 160 0.0107734939083457
54 240 0.01652923785150051
54 320 0.03296321630477905
54 400 0.017823485657572746
55 0 0.017322560772299767
55 80 0.034190863370895386
55 160 0.021672749891877174
55 240 0.017493540421128273
55 320 0.008546118624508381
55 400 0.009856143034994602
56 0 0.08130452781915665
56 80 0.020951123908162117
56 160 0.025851285085082054
56 240 0.0206835325807333
56 320 0.01666802354156971
56 400 0.0315968319773674
57 0 0.016777129843831062
57 80 0.01196580845862627
57 160 0.010945483110845089
57 240 0.012514473870396614
57 320 0.0339013896882534
57 400 0.023150380700826645
58 0 0.021055113524198532
58 80 0.040046658366918564
58 160 0.03646069020032883
58 240 0.005178768187761307
58 320 0.010226918384432793
58 400 0.014016534201800823
59 0 0.020716721192002296
59 80 0.054049402475357056
59 160 0.04190168157219887
59 240 0.03960489481687546
59 320 0.031175926327705383
59 400 0.014606316573917866
60 0 0.010415356606245041
60 80 0.049174658954143524
60 160 0.04035177826881409
60 240 0.015255605801939964
60 320 0.03263772651553154
60 400 0.027202248573303223
61 0 0.015072885900735855
61 80 0.027898894622921944
61 160 0.02144065871834755
61 240 0.052947428077459335
61 320 0.016122618690133095
61 400 0.020144512876868248
62 0 0.01890837959945202
62 80 0.014363661408424377
62 160 0.029102787375450134
62 240 0.018593745306134224
62 320 0.026147466152906418
62 400 0.009813436307013035
63 0 0.01448877714574337
63 80 0.019033988937735558
63 160 0.018187670037150383
63 240 0.020409978926181793
63 320 0.007968454621732235
63 400 0.013026561588048935
64 0 0.017527949064970016
64 80 0.04234722629189491
64 160 0.019260168075561523
64 240 0.018190059810876846
64 320 0.01262019295245409
64 400 0.020669719204306602
65 0 0.019109463319182396
65 80 0.013807087205350399
65 160 0.01719672419130802
65 240 0.015033750794827938
65 320 0.027839381247758865
65 400 0.019832812249660492
66 0 0.051725488156080246
66 80 0.015432516112923622
66 160 0.015702567994594574
66 240 0.014000725001096725
66 320 0.026355404406785965
66 400 0.008004865609109402
67 0 0.014862115494906902
67 80 0.014248918741941452
67 160 0.038277458399534225
67 240 0.01493954285979271
67 320 0.024545814841985703
67 400 0.021240105852484703
68 0 0.009295318275690079
68 80 0.01976313255727291
68 160 0.009435458108782768
68 240 0.010208554565906525
68 320 0.014936666935682297
68 400 0.009849708527326584
69 0 0.01802659034729004
69 80 0.03451309725642204
69 160 0.012364202179014683
69 240 0.02014867030084133
69 320 0.016221504658460617
69 400 0.028590744361281395
70 0 0.009601610712707043
70 80 0.01776260882616043
70 160 0.004449271131306887
70 240 0.014158218167722225
70 320 0.02735246531665325
70 400 0.025086604058742523
71 0 0.010829677805304527
71 80 0.02078516036272049
71 160 0.037832364439964294
71 240 0.023488102480769157
71 320 0.013681996613740921
71 400 0.023119542747735977
72 0 0.0063294353894889355
72 80 0.01605171523988247
72 160 0.02669318951666355
72 240 0.01803017593920231
72 320 0.01564081385731697
72 400 0.00623411126434803
73 0 0.03250589966773987
73 80 0.026034409180283546
73 160 0.026492420583963394
73 240 0.02619219571352005
73 320 0.02035760134458542
73 400 0.01972193270921707
74 0 0.030674513429403305
74 80 0.01792226731777191
74 160 0.012309720739722252
74 240 0.009244685992598534
74 320 0.08549409359693527
74 400 0.010213945992290974
75 0 0.03790587931871414
75 80 0.014822635799646378
75 160 0.008730911649763584
75 240 0.02205178700387478
75 320 0.009544591419398785
75 400 0.011016471311450005
76 0 0.04213135689496994
76 80 0.01777668483555317
76 160 0.00955791026353836
76 240 0.016163315623998642
76 320 0.009738854132592678
76 400 0.011400189250707626
77 0 0.013453618623316288
77 80 0.010577653534710407
77 160 0.033559650182724
77 240 0.007569539826363325
77 320 0.00812140665948391
77 400 0.013685938902199268
78 0 0.012847241014242172
78 80 0.023096773773431778
78 160 0.006386099383234978
78 240 0.023145949468016624
78 320 0.027114829048514366
78 400 0.01134946383535862
79 0 0.006340307183563709
79 80 0.008216360583901405
79 160 0.021093720570206642
79 240 0.016499482095241547
79 320 0.018093956634402275
79 400 0.00975026749074459
80 0 0.008278450928628445
80 80 0.01307775266468525
80 160 0.013242880813777447
80 240 0.022319385781884193
80 320 0.01037585362792015
80 400 0.012454488314688206
81 0 0.009414464235305786
81 80 0.012430837377905846
81 160 0.00696609215810895
81 240 0.011034220457077026
81 320 0.012246999889612198
81 400 0.006181791890412569
82 0 0.01670384220778942
82 80 0.01775127276778221
82 160 0.02551507018506527
82 240 0.009653227403759956
82 320 0.022658688947558403
82 400 0.016579661518335342
83 0 0.012424641288816929
83 80 0.011391563341021538
83 160 0.01376168243587017
83 240 0.01616024039685726
83 320 0.0035939705558121204
83 400 0.01193974632769823
84 0 0.01459494885057211
84 80 0.012571034021675587
84 160 0.0074796187691390514
84 240 0.017719993367791176
84 320 0.017226262018084526
84 400 0.028919683769345284
85 0 0.008121793158352375
85 80 0.02136368490755558
85 160 0.00799728836864233
85 240 0.012343124486505985
85 320 0.008329061791300774
85 400 0.015396942384541035
86 0 0.0145602747797966
86 80 0.010206136852502823
86 160 0.01164594478905201
86 240 0.008196012116968632
86 320 0.01161344163119793
86 400 0.01204425748437643
87 0 0.014549057930707932
87 80 0.015700964257121086
87 160 0.01186787523329258
87 240 0.013367931358516216
87 320 0.012279427610337734
87 400 0.007504448760300875
88 0 0.017576592043042183
88 80 0.013644963502883911
88 160 0.007998599670827389
88 240 0.010523015633225441
88 320 0.01229103747755289
88 400 0.02769586443901062
89 0 0.015052253380417824
89 80 0.006801677402108908
89 160 0.008107184432446957
89 240 0.029073543846607208
89 320 0.016938207671046257
89 400 0.008995778858661652
90 0 0.06233082339167595
90 80 0.01222315989434719
90 160 0.010460838675498962
90 240 0.015553529374301434
90 320 0.020590441301465034
90 400 0.006068622227758169
91 0 0.0067511508241295815
91 80 0.013433057814836502
91 160 0.011189245618879795
91 240 0.038130562752485275
91 320 0.012742151506245136
91 400 0.008792093023657799
92 0 0.015112237073481083
92 80 0.01430358923971653
92 160 0.01603354513645172
92 240 0.008689114823937416
92 320 0.008979185484349728
92 400 0.010411662049591541
93 0 0.012186634354293346
93 80 0.011904077604413033
93 160 0.016807906329631805
93 240 0.009313740767538548
93 320 0.01026878785341978
93 400 0.021699555218219757
94 0 0.008714522235095501
94 80 0.012591262347996235
94 160 0.01905103214085102
94 240 0.017293885350227356
94 320 0.008752638474106789
94 400 0.012017299421131611
95 0 0.009594302624464035
95 80 0.01806533709168434
95 160 0.013192142359912395
95 240 0.007630697451531887
95 320 0.012042420916259289
95 400 0.017992563545703888
96 0 0.005699500907212496
96 80 0.0066254232078790665
96 160 0.009346134029328823
96 240 0.020724954083561897
96 320 0.0088310856372118
96 400 0.006628348026424646
97 0 0.008783121593296528
97 80 0.008722367696464062
97 160 0.008726281113922596
97 240 0.011754939332604408
97 320 0.009053030051290989
97 400 0.007575428579002619
98 0 0.006919108796864748
98 80 0.011102085933089256
98 160 0.0057940115220844746
98 240 0.011596168391406536
98 320 0.01370004191994667
98 400 0.007233856711536646
99 0 0.012539529241621494
99 80 0.028624750673770905
99 160 0.010626783594489098
99 240 0.01604537107050419
99 320 0.00933347549289465
99 400 0.005687581840902567
100 0 0.005798425525426865
100 80 0.00957466196268797
100 160 0.008118418976664543
100 240 0.004435569979250431
100 320 0.016077913343906403
100 400 0.008661258965730667
101 0 0.00907918345183134
101 80 0.0055082873441278934
101 160 0.012696627527475357
101 240 0.003929371014237404
101 320 0.014469560235738754
101 400 0.020852472633123398
102 0 0.012995434924960136
102 80 0.013688022270798683
102 160 0.0054916259832680225
102 240 0.006249380297958851
102 320 0.012899174354970455
102 400 0.015845488756895065
103 0 0.009305733256042004
103 80 0.010757665149867535
103 160 0.007391600403934717
103 240 0.015976348891854286
103 320 0.012219352647662163
103 400 0.016931472346186638
104 0 0.00768953375518322
104 80 0.006796454545110464
104 160 0.011021195910871029
104 240 0.014072781428694725
104 320 0.017509467899799347
104 400 0.014415604062378407
105 0 0.009863627143204212
105 80 0.0055906460620462894
105 160 0.011982234194874763
105 240 0.010844162665307522
105 320 0.006804217118769884
105 400 0.011022008955478668
106 0 0.009979035705327988
106 80 0.005926912184804678
106 160 0.052393682301044464
106 240 0.017055289819836617
106 320 0.00590328685939312
106 400 0.00874035619199276
107 0 0.007640897762030363
107 80 0.013061385601758957
107 160 0.0074433437548577785
107 240 0.009753327816724777
107 320 0.011483914218842983
107 400 0.007734337821602821
108 0 0.006498516071587801
108 80 0.00701358774676919
108 160 0.007946799509227276
108 240 0.010043997317552567
108 320 0.006174376700073481
108 400 0.005064007826149464
109 0 0.01240167673677206
109 80 0.017726024612784386
109 160 0.011361873708665371
109 240 0.011037986725568771
109 320 0.014483991079032421
109 400 0.005796840414404869
110 0 0.007926438935101032
110 80 0.016922563314437866
110 160 0.01267978735268116
110 240 0.004585633520036936
110 320 0.0027392208576202393
110 400 0.0068433089181780815
111 0 0.004902619868516922
111 80 0.007014074828475714
111 160 0.007982621900737286
111 240 0.00484699010848999
111 320 0.012185894884169102
111 400 0.010582409799098969
112 0 0.011693766340613365
112 80 0.010377339087426662
112 160 0.004099868703633547
112 240 0.004187706392258406
112 320 0.020253116264939308
112 400 0.006479906849563122
113 0 0.007495114579796791
113 80 0.0070615289732813835
113 160 0.006602193228900433
113 240 0.007669440004974604
113 320 0.008264844305813313
113 400 0.0056362459436059
114 0 0.011725171469151974
114 80 0.01160675659775734
114 160 0.009105543605983257
114 240 0.006800025701522827
114 320 0.006716344505548477
114 400 0.009488464333117008
115 0 0.010316568426787853
115 80 0.009022632613778114
115 160 0.008478754200041294
115 240 0.0043482049368321896
115 320 0.017218273133039474
115 400 0.010695243254303932
116 0 0.00990760512650013
116 80 0.006777559872716665
116 160 0.009756960906088352
116 240 0.01337029691785574
116 320 0.008839650079607964
116 400 0.011761966161429882
117 0 0.006268323864787817
117 80 0.007383069023489952
117 160 0.011188632808625698
117 240 0.00844900868833065
117 320 0.012765503488481045
117 400 0.0065583279356360435
118 0 0.008473489433526993
118 80 0.006735197734087706
118 160 0.008822709321975708
118 240 0.006924720015376806
118 320 0.005178825929760933
118 400 0.005291205830872059
119 0 0.0018335392232984304
119 80 0.00821753777563572
119 160 0.008140219375491142
119 240 0.004981527104973793
119 320 0.002157576149329543
119 400 0.01217733696103096
120 0 0.004852449055761099
120 80 0.00966316182166338
120 160 0.009729897603392601
120 240 0.0022473232820630074
120 320 0.007727253716439009
120 400 0.01449635624885559
121 0 0.00642438093200326
121 80 0.005861947312951088
121 160 0.006666800007224083
121 240 0.005127465818077326
121 320 0.012055587954819202
121 400 0.007189101539552212
122 0 0.0056909495033323765
122 80 0.009597479365766048
122 160 0.006872653961181641
122 240 0.007968789897859097
122 320 0.009292008355259895
122 400 0.005717036779969931
123 0 0.003037499962374568
123 80 0.00939351599663496
123 160 0.0041235703974962234
123 240 0.006191119085997343
123 320 0.006946473382413387
123 400 0.008708163164556026
124 0 0.010537732392549515
124 80 0.01338606420904398
124 160 0.012049295008182526
124 240 0.017165085300803185
124 320 0.006907954812049866
124 400 0.008758430369198322
125 0 0.014765563420951366
125 80 0.013398482464253902
125 160 0.004904602654278278
125 240 0.005635149776935577
125 320 0.010244857519865036
125 400 0.00568372942507267
126 0 0.007899872027337551
126 80 0.005760621279478073
126 160 0.007660726550966501
126 240 0.0061745899729430676
126 320 0.006333138793706894
126 400 0.008913758210837841
127 0 0.008270245045423508
127 80 0.007482950109988451
127 160 0.013876385055482388
127 240 0.00773936090990901
127 320 0.004704917315393686
127 400 0.008825795724987984
128 0 0.011196333914995193
128 80 0.0057229031808674335
128 160 0.008443193510174751
128 240 0.007798508740961552
128 320 0.005360797978937626
128 400 0.009561622515320778
129 0 0.006269185338169336
129 80 0.003187858033925295
129 160 0.007655082270503044
129 240 0.010100563988089561
129 320 0.005602463148534298
129 400 0.006491095758974552
130 0 0.005007002968341112
130 80 0.002522251568734646
130 160 0.0113839628174901
130 240 0.007840893231332302
130 320 0.011283431202173233
130 400 0.007725288160145283
131 0 0.008187869563698769
131 80 0.005821974016726017
131 160 0.005853745620697737
131 240 0.008843926712870598
131 320 0.006810922175645828
131 400 0.012950588017702103
132 0 0.00594843877479434
132 80 0.016250059008598328
132 160 0.0072568925097584724
132 240 0.007852571085095406
132 320 0.006386772729456425
132 400 0.002801269991323352
133 0 0.008220568299293518
133 80 0.003830648260191083
133 160 0.0062122284434735775
133 240 0.011623884551227093
133 320 0.008418379351496696
133 400 0.0047908565029501915
134 0 0.0073912739753723145
134 80 0.005025035236030817
134 160 0.008666232228279114
134 240 0.0030737491324543953
134 320 0.007002889644354582
134 400 0.01195694413036108
135 0 0.0042235939763486385
135 80 0.007764476351439953
135 160 0.007094335742294788
135 240 0.009931085631251335
135 320 0.0048847440630197525
135 400 0.013533745892345905
136 0 0.005784273147583008
136 80 0.004225216805934906
136 160 0.004989972338080406
136 240 0.00936915259808302
136 320 0.0077619245275855064
136 400 0.0075184558518230915
137 0 0.006216998212039471
137 80 0.012825838290154934
137 160 0.005057975649833679
137 240 0.0072405654937028885
137 320 0.006203752011060715
137 400 0.005929767154157162
138 0 0.007633124478161335
138 80 0.00737144285812974
138 160 0.007353051565587521
138 240 0.010091418400406837
138 320 0.008073553442955017
138 400 0.008067773655056953
139 0 0.00395075511187315
139 80 0.004768595099449158
139 160 0.007824720814824104
139 240 0.005541099701076746
139 320 0.00725070433691144
139 400 0.008698500692844391
140 0 0.004221542272716761
140 80 0.007830972783267498
140 160 0.00951752346009016
140 240 0.005848870612680912
140 320 0.004067644011229277
140 400 0.005391219165176153
141 0 0.004674332216382027
141 80 0.01203612145036459
141 160 0.004846867639571428
141 240 0.0069650886580348015
141 320 0.004546504933387041
141 400 0.010511834174394608
142 0 0.008736450225114822
142 80 0.007730398792773485
142 160 0.005543526727706194
142 240 0.004356749355792999
142 320 0.013908942230045795
142 400 0.00667573232203722
143 0 0.007854505442082882
143 80 0.00559060275554657
143 160 0.00921984575688839
143 240 0.005893846973776817
143 320 0.004325444810092449
143 400 0.0030483712907880545
144 0 0.0026718382723629475
144 80 0.004554643761366606
144 160 0.009278262965381145
144 240 0.003794830059632659
144 320 0.0034670985769480467
144 400 0.009317543357610703
145 0 0.007271587383002043
145 80 0.007945292629301548
145 160 0.007239396683871746
145 240 0.013666396960616112
145 320 0.009467972442507744
145 400 0.005609381478279829
146 0 0.005135367624461651
146 80 0.004668481182307005
146 160 0.006736518815159798
146 240 0.004246326629072428
146 320 0.006890683434903622
146 400 0.0031256419606506824
147 0 0.006262804847210646
147 80 0.011608017608523369
147 160 0.0078080142848193645
147 240 0.0062619601376354694
147 320 0.004656610544770956
147 400 0.005400566384196281
148 0 0.006004107650369406
148 80 0.003513145027682185
148 160 0.008237342350184917
148 240 0.004583949688822031
148 320 0.005878082476556301
148 400 0.005782012362033129
149 0 0.004069145768880844
149 80 0.0033879370894283056
149 160 0.005591838154941797
149 240 0.003628847189247608
149 320 0.003812170820310712
149 400 0.004990465007722378
150 0 0.004731715656816959
150 80 0.01074332743883133
150 160 0.005355495493859053
150 240 0.007916918024420738
150 320 0.006615947932004929
150 400 0.005988003220409155
151 0 0.009861971251666546
151 80 0.00888657197356224
151 160 0.007507262751460075
151 240 0.0032269381918013096
151 320 0.003513623494654894
151 400 0.006194387562572956
152 0 0.007770637050271034
152 80 0.003110976656898856
152 160 0.009046762250363827
152 240 0.005843902938067913
152 320 0.008878273889422417
152 400 0.004611460492014885
153 0 0.004004161339253187
153 80 0.005367441102862358
153 160 0.00604596734046936
153 240 0.007152522448450327
153 320 0.004021873697638512
153 400 0.0036247943062335253
154 0 0.007786611560732126
154 80 0.00553742004558444
154 160 0.003778791055083275
154 240 0.0031763568986207247
154 320 0.008380940183997154
154 400 0.003948742989450693
155 0 0.007664076052606106
155 80 0.0054869879968464375
155 160 0.012926977127790451
155 240 0.0043296124786138535
155 320 0.0062025608494877815
155 400 0.012051032856106758
156 0 0.0027321698144078255
156 80 0.003982183989137411
156 160 0.006568561773747206
156 240 0.004291377495974302
156 320 0.004727660678327084
156 400 0.0076497336849570274
157 0 0.0030398485250771046
157 80 0.003907746635377407
157 160 0.00491130817681551
157 240 0.002169969491660595
157 320 0.003291364526376128
157 400 0.005497631151229143
158 0 0.007926169782876968
158 80 0.005993587896227837
158 160 0.003933907952159643
158 240 0.0019368581706658006
158 320 0.0028494803700596094
158 400 0.00702329259365797
159 0 0.007819835096597672
159 80 0.0074878572486341
159 160 0.004674460273236036
159 240 0.004597162827849388
159 320 0.005589050706475973
159 400 0.0058952453546226025
160 0 0.0074881394393742085
160 80 0.0020579076372087
160 160 0.003105906769633293
160 240 0.005090674851089716
160 320 0.006512307096272707
160 400 0.007543435785919428
161 0 0.005862005520612001
161 80 0.00916736014187336
161 160 0.003600550815463066
161 240 0.005037063267081976
161 320 0.00609139958396554
161 400 0.0038141305558383465
162 0 0.004114214330911636
162 80 0.004782844800502062
162 160 0.0063717118464410305
162 240 0.002707510953769088
162 320 0.0027485424652695656
162 400 0.004720249678939581
163 0 0.0034256833605468273
163 80 0.00470373872667551
163 160 0.004635810852050781
163 240 0.00967743806540966
163 320 0.005682999733835459
163 400 0.0033980957232415676
164 0 0.006070035044103861
164 80 0.0038069472648203373
164 160 0.005951475352048874
164 240 0.006931031588464975
164 320 0.008328967727720737
164 400 0.005957288667559624
165 0 0.007781401742249727
165 80 0.009375064633786678
165 160 0.006077405530959368
165 240 0.004233540501445532
165 320 0.006381068378686905
165 400 0.005144634749740362
166 0 0.007185906171798706
166 80 0.003775880439206958
166 160 0.005311526823788881
166 240 0.008574242703616619
166 320 0.004085360560566187
166 400 0.0033342987298965454
167 0 0.007549638859927654
167 80 0.00490999361500144
167 160 0.0075150905176997185
167 240 0.005350437480956316
167 320 0.0022854777052998543
167 400 0.006309010088443756
168 0 0.0059882947243750095
168 80 0.0038043258246034384
168 160 0.0033603161573410034
168 240 0.003438509302213788
168 320 0.005072045139968395
168 400 0.0046667782589793205
169 0 0.006978722754865885
169 80 0.0038801352493464947
169 160 0.00509521784260869
169 240 0.0063439104706048965
169 320 0.010464714840054512
169 400 0.004260694608092308
170 0 0.004588266368955374
170 80 0.00198160158470273
170 160 0.005228269845247269
170 240 0.002890852279961109
170 320 0.004117954988032579
170 400 0.008969069458544254
171 0 0.0061277966015040874
171 80 0.0063940975815057755
171 160 0.005644872784614563
171 240 0.004244088660925627
171 320 0.0026382028590887785
171 400 0.00445270910859108
172 0 0.003118885913863778
172 80 0.005207561422139406
172 160 0.004433973226696253
172 240 0.005458594299852848
172 320 0.008343495428562164
172 400 0.0038831555284559727
173 0 0.0038881616201251745
173 80 0.002931853523477912
173 160 0.003687251592054963
173 240 0.0023877345956861973
173 320 0.005041180178523064
173 400 0.002428369363769889
174 0 0.00756761385127902
174 80 0.004414018709212542
174 160 0.006221620365977287
174 240 0.003589044325053692
174 320 0.008791920728981495
174 400 0.0019500850467011333
175 0 0.007016850169748068
175 80 0.011005469597876072
175 160 0.0034332890063524246
175 240 0.0042734150774776936
175 320 0.006663145497441292
175 400 0.005025452934205532
176 0 0.004791338462382555
176 80 0.005196433048695326
176 160 0.0020204931497573853
176 240 0.0027433333452790976
176 320 0.002993261441588402
176 400 0.00732877803966403
177 0 0.007081692572683096
177 80 0.006537241395562887
177 160 0.005272701382637024
177 240 0.006746391300112009
177 320 0.005641740746796131
177 400 0.00408053258433938
178 0 0.004123614635318518
178 80 0.0017179944552481174
178 160 0.002988288877531886
178 240 0.00364698632620275
178 320 0.004468551836907864
178 400 0.004211738705635071
179 0 0.0034719761461019516
179 80 0.0077536883763968945
179 160 0.005862703081220388
179 240 0.005338278133422136
179 320 0.007519183214753866
179 400 0.004417721647769213
180 0 0.007905203849077225
180 80 0.003623751923441887
180 160 0.004476520698517561
180 240 0.005813950207084417
180 320 0.005797016434371471
180 400 0.005201558582484722
181 0 0.004580321256071329
181 80 0.007108028046786785
181 160 0.004891946446150541
181 240 0.00450479332357645
181 320 0.0026242989115417004
181 400 0.005669118836522102
182 0 0.0025508319959044456
182 80 0.0016612327890470624
182 160 0.004550652578473091
182 240 0.006081553176045418
182 320 0.005735007114708424
182 400 0.003700552973896265
183 0 0.0023556663654744625
183 80 0.004135447554290295
183 160 0.004486520774662495
183 240 0.001705633127130568
183 320 0.003907539416104555
183 400 0.0038945565465837717
184 0 0.0024745946284383535
184 80 0.0015683640958741307
184 160 0.004231043625622988
184 240 0.0056487019173800945
184 320 0.006235744804143906
184 400 0.004285321570932865
185 0 0.003602328011766076
185 80 0.009230419062077999
185 160 0.004383226856589317
185 240 0.002720892895013094
185 320 0.008651623502373695
185 400 0.005598771385848522
186 0 0.0036106642801314592
186 80 0.003604208119213581
186 160 0.002585574984550476
186 240 0.01042051799595356
186 320 0.0076365480199456215
186 400 0.004429645836353302
187 0 0.0013544000685214996
187 80 0.004854764323681593
187 160 0.0030864467844367027
187 240 0.0069709173403680325
187 320 0.00233042286708951
187 400 0.0036049261689186096
188 0 0.0033603894989937544
188 80 0.005427653901278973
188 160 0.005070868413895369
188 240 0.0028991326689720154
188 320 0.005728365387767553
188 400 0.0025735998060554266
189 0 0.0067210569977760315
189 80 0.0058839893899858
189 160 0.00440939562395215
189 240 0.0027369149029254913
189 320 0.004286868963390589
189 400 0.007088796701282263
190 0 0.004326839465647936
190 80 0.005159896798431873
190 160 0.003659979673102498
190 240 0.004668245557695627
190 320 0.004488901235163212
190 400 0.0048406291753053665
191 0 0.002842486137524247
191 80 0.006513490807265043
191 160 0.009472852572798729
191 240 0.003143956419080496
191 320 0.0025875712744891644
191 400 0.00589355593547225
192 0 0.0016309043858200312
192 80 0.004561547189950943
192 160 0.00827103853225708
192 240 0.0035949854645878077
192 320 0.0029145674780011177
192 400 0.0020199092105031013
193 0 0.0036677562166005373
193 80 0.003880899865180254
193 160 0.004618834238499403
193 240 0.005027104169130325
193 320 0.003228778950870037
193 400 0.00290636601857841
194 0 0.0035954262129962444
194 80 0.006540592759847641
194 160 0.003716912353411317
194 240 0.004548164550215006
194 320 0.0020483413245528936
194 400 0.00853707641363144
195 0 0.006657171528786421
195 80 0.0038811916019767523
195 160 0.004563186317682266
195 240 0.0016820987220853567
195 320 0.0037264872808009386
195 400 0.0030017949175089598
196 0 0.006361563224345446
196 80 0.001737087732180953
196 160 0.00500217592343688
196 240 0.003675621235743165
196 320 0.005373101681470871
196 400 0.00678089028224349
197 0 0.0035305118653923273
197 80 0.0016497988253831863
197 160 0.002477451926097274
197 240 0.0053796907886862755
197 320 0.0044588628225028515
197 400 0.0030342775862663984
198 0 0.0028733701910823584
198 80 0.0026060508098453283
198 160 0.0022655560169368982
198 240 0.004427206236869097
198 320 0.0040983823128044605
198 400 0.007704857736825943
199 0 0.004863506183028221
199 80 0.002131714951246977
199 160 0.0032448628917336464
199 240 0.0023587874602526426
199 320 0.006071349605917931
199 400 0.0030441726557910442
200 0 0.006506176665425301
200 80 0.0033095437102019787
200 160 0.00502795772626996
200 240 0.0035717759747058153
200 320 0.0042222957126796246
200 400 0.004646605812013149
201 0 0.002465729368850589
201 80 0.004257876425981522
201 160 0.003906544763594866
201 240 0.005237492732703686
201 320 0.0017436111811548471
201 400 0.004376240540295839
202 0 0.001757185091264546
202 80 0.006795199122279882
202 160 0.0033270837739109993
202 240 0.003840585006400943
202 320 0.001951702288351953
202 400 0.003484004642814398
203 0 0.0054413750767707825
203 80 0.002860484179109335
203 160 0.003893015207722783
203 240 0.003301649121567607
203 320 0.0035317104775458574
203 400 0.004750956315547228
204 0 0.0024300450459122658
204 80 0.004401063080877066
204 160 0.007703255396336317
204 240 0.005303015001118183
204 320 0.005681516602635384
204 400 0.0024537895806133747
205 0 0.004626575391739607
205 80 0.002294139238074422
205 160 0.002326627727597952
205 240 0.0027447333559393883
205 320 0.005149106495082378
205 400 0.004583985544741154
206 0 0.00450799148529768
206 80 0.004223366733640432
206 160 0.00592899089679122
206 240 0.005514359567314386
206 320 0.0027952122036367655
206 400 0.0019855510909110308
207 0 0.006158572155982256
207 80 0.004861253779381514
207 160 0.005165187641978264
207 240 0.0031183892861008644
207 320 0.0014442121610045433
207 400 0.0043280962854623795
208 0 0.005233808886259794
208 80 0.005564419087022543
208 160 0.004034816287457943
208 240 0.0031940520275384188
208 320 0.004260149784386158
208 400 0.0036509735509753227
209 0 0.0034592917654663324
209 80 0.0025401865132153034
209 160 0.003963243216276169
209 240 0.004595899488776922
209 320 0.0043020909652113914
209 400 0.00215139496140182
210 0 0.004519036505371332
210 80 0.0018139752792194486
210 160 0.004011479206383228
210 240 0.0039002306293696165
210 320 0.00352290365844965
210 400 0.006321401800960302
211 0 0.002167114056646824
211 80 0.00431022047996521
211 160 0.0016444659559056163
211 240 0.0027281162329018116
211 320 0.003922663163393736
211 400 0.004400863777846098
212 0 0.002285064896568656
212 80 0.006842759437859058
212 160 0.005167728755623102
212 240 0.0029658800922334194
212 320 0.0011991290375590324
212 400 0.0027344468981027603
213 0 0.00416768342256546
213 80 0.0023418094497174025
213 160 0.003098452929407358
213 240 0.004086101893335581
213 320 0.003443096298724413
213 400 0.005228794179856777
214 0 0.0036280315835028887
214 80 0.0030914959497749805
214 160 0.005105677992105484
214 240 0.0018951684469357133
214 320 0.0013850287068635225
214 400 0.006117979530245066
215 0 0.003577634459361434
215 80 0.0011557912221178412
215 160 0.0026298619341105223
215 240 0.004248622339218855
215 320 0.003228407120332122
215 400 0.003628375241532922
216 0 0.0008654133998788893
216 80 0.0023608363699167967
216 160 0.002652547089383006
216 240 0.0012608807301148772
216 320 0.003195537254214287
216 400 0.005480001214891672
217 0 0.0034246633294969797
217 80 0.0056359777227044106
217 160 0.0027983728796243668
217 240 0.0014994379598647356
217 320 0.0037854535039514303
217 400 0.002936734352260828
218 0 0.0031449091620743275
218 80 0.003553789108991623
218 160 0.0017966573359444737
218 240 0.004052410367876291
218 320 0.001784496707841754
218 400 0.0021026625763624907
219 0 0.002447274513542652
219 80 0.0029835146851837635
219 160 0.0034253811463713646
219 240 0.0036000742111355066
219 320 0.0029613771475851536
219 400 0.0034049437381327152
220 0 0.0035628429614007473
220 80 0.003939580172300339
220 160 0.0046147615648806095
220 240 0.002838401822373271
220 320 0.0036840024404227734
220 400 0.003891955828294158
221 0 0.003435741877183318
221 80 0.0034515410661697388
221 160 0.0022687178570777178
221 240 0.002573898062109947
221 320 0.004673078190535307
221 400 0.0050698546692729
222 0 0.0031118495389819145
222 80 0.0020595653913915157
222 160 0.0025486391969025135
222 240 0.001449457835406065
222 320 0.003994626924395561
222 400 0.0020067626610398293
223 0 0.0021434943191707134
223 80 0.0018608208047226071
223 160 0.0047822920605540276
223 240 0.004822129383683205
223 320 0.003608775557950139
223 400 0.003031363943591714
224 0 0.004549660719931126
224 80 0.0016248519532382488
224 160 0.002484333934262395
224 240 0.00218199728988111
224 320 0.0049221268855035305
224 400 0.003721444634720683
225 0 0.002864027163013816
225 80 0.004501717630773783
225 160 0.0009795700898393989
225 240 0.005028343293815851
225 320 0.004633979871869087
225 400 0.0029156787786632776
226 0 0.003381771966814995
226 80 0.0012084742775186896
226 160 0.0036287640687078238
226 240 0.002991214394569397
226 320 0.006838750559836626
226 400 0.0014205280458554626
227 0 0.002720393007621169
227 80 0.004796274472028017
227 160 0.005556150805205107
227 240 0.0025597931817173958
227 320 0.0020226656924933195
227 400 0.0034267911687493324
228 0 0.0028777483385056257
228 80 0.004022873938083649
228 160 0.0018211002461612225
228 240 0.0034277199301868677
228 320 0.0031730136834084988
228 400 0.002226437209174037
229 0 0.0031008326914161444
229 80 0.00237668608315289
229 160 0.0023996178060770035
229 240 0.0016339553985744715
229 320 0.0031690967734903097
229 400 0.0028293703217059374
230 0 0.001862237462773919
230 80 0.0035507723223417997
230 160 0.003332169260829687
230 240 0.0021769346203655005
230 320 0.0011693271808326244
230 400 0.0032458119094371796
231 0 0.004156843293458223
231 80 0.0038517441134899855
231 160 0.0017992001958191395
231 240 0.0028543618973344564
231 320 0.002296991180628538
231 400 0.0014981171116232872
232 0 0.003670625388622284
232 80 0.0016379341250285506
232 160 0.003557720221579075
232 240 0.0045301602222025394
232 320 0.00348307890817523
232 400 0.0034110513515770435
233 0 0.0024229716509580612
233 80 0.0026549031026661396
233 160 0.0033725020475685596
233 240 0.0025345920585095882
233 320 0.0025001298636198044
233 400 0.002853002166375518
234 0 0.004269646015018225
234 80 0.0017108580796048045
234 160 0.0034889625385403633
234 240 0.0036286169197410345
234 320 0.003740517422556877
234 400 0.004963994491845369
235 0 0.0029025741387158632
235 80 0.007032970432192087
235 160 0.0010460774647071958
235 240 0.0028384916950017214
235 320 0.0027734998147934675
235 400 0.003783619264140725
236 0 0.0032318972516804934
236 80 0.0019306896720081568
236 160 0.002398623386397958
236 240 0.0015759037341922522
236 320 0.0012783054262399673
236 400 0.005602437071502209
237 0 0.003013113746419549
237 80 0.002959541277959943
237 160 0.006117003038525581
237 240 0.002117524156346917
237 320 0.002182199852541089
237 400 0.0026886924169957638
238 0 0.001439907937310636
238 80 0.0021490813232958317
238 160 0.005966097116470337
238 240 0.003049287712201476
238 320 0.003344879252836108
238 400 0.004036225378513336
239 0 0.0019894749857485294
239 80 0.001572925946675241
239 160 0.0018734782934188843
239 240 0.0030978452414274216
239 320 0.0014089351752772927
239 400 0.005996041465550661
240 0 0.002525080693885684
240 80 0.0028598234057426453
240 160 0.0013079596683382988
240 240 0.0026982275303453207
240 320 0.0018799536628648639
240 400 0.001434219186194241
241 0 0.0023432804737240076
241 80 0.002860955661162734
241 160 0.0031449683010578156
241 240 0.0032028406858444214
241 320 0.005946096032857895
241 400 0.0025375569239258766
242 0 0.0018235682509839535
242 80 0.005689601413905621
242 160 0.005003007594496012
242 240 0.003206075867637992
242 320 0.002048320369794965
242 400 0.001853719586506486
243 0 0.001739130006171763
243 80 0.0029486219864338636
243 160 0.001570177380926907
243 240 0.006312861107289791
243 320 0.0025471339467912912
243 400 0.002906421199440956
244 0 0.006349895615130663
244 80 0.002772421110421419
244 160 0.0029408682603389025
244 240 0.0031203997787088156
244 320 0.003361638868227601
244 400 0.0016429692041128874
245 0 0.003451088909059763
245 80 0.002048525493592024
245 160 0.0023129412438720465
245 240 0.00495309941470623
245 320 0.0024612329434603453
245 400 0.0025597894564270973
246 0 0.0017233582912012935
246 80 0.0027903399895876646
246 160 0.0019159014336764812
246 240 0.004881845787167549
246 320 0.003072368446737528
246 400 0.00461671082302928
247 0 0.0029515884816646576
247 80 0.004995050374418497
247 160 0.003645059885457158
247 240 0.0026163277216255665
247 320 0.0036381829995661974
247 400 0.003083690768107772
248 0 0.00353094469755888
248 80 0.0024725361727178097
248 160 0.0028656998183578253
248 240 0.0025690775364637375
248 320 0.0033724913373589516
248 400 0.0033018775284290314
249 0 0.0009822831489145756
249 80 0.003081608796492219
249 160 0.00176249782089144
249 240 0.004171385895460844
249 320 0.001964232651516795
249 400 0.0024975519627332687
250 0 0.001521243597380817
250 80 0.004154610447585583
250 160 0.0019457321614027023
250 240 0.0030864051077514887
250 320 0.002234275918453932
250 400 0.005177037324756384
251 0 0.0039953854866325855
251 80 0.00394053477793932
251 160 0.0038932280149310827
251 240 0.0014569330960512161
251 320 0.002320251427590847
251 400 0.0010028411634266376
252 0 0.003086559008806944
252 80 0.0031849155202507973
252 160 0.0014549634652212262
252 240 0.0047802492044866085
252 320 0.0017155951354652643
252 400 0.0028557400219142437
253 0 0.004449856001883745
253 80 0.003187883412465453
253 160 0.0026676971465349197
253 240 0.0022438897285610437
253 320 0.003830901812762022
253 400 0.005148237571120262
254 0 0.0034745626617223024
254 80 0.004244779236614704
254 160 0.0015735338674858212
254 240 0.001912796637043357
254 320 0.000906800152733922
254 400 0.0026057043578475714
255 0 0.002984052523970604
255 80 0.0012263996759429574
255 160 0.0014268424129113555
255 240 0.0009395965025760233
255 320 0.003671757411211729
255 400 0.0015111920656636357
256 0 0.004482901189476252
256 80 0.003163255052641034
256 160 0.004405961371958256
256 240 0.0013032989809289575
256 320 0.003678266890347004
256 400 0.002891174051910639
257 0 0.0029851344879716635
257 80 0.002399964490905404
257 160 0.002959464443847537
257 240 0.0007725031464360654
257 320 0.004970337729901075
257 400 0.001408066600561142
258 0 0.0013658510288223624
258 80 0.0031178509816527367
258 160 0.002087797736749053
258 240 0.0018488827627152205
258 320 0.002896682359278202
258 400 0.002515660598874092
259 0 0.002544884104281664
259 80 0.003810161491855979
259 160 0.0018905701581388712
259 240 0.005084267817437649
259 320 0.0013902692589908838
259 400 0.0024743082467466593
260 0 0.0033638791646808386
260 80 0.0013734441017732024
260 160 0.003080240450799465
260 240 0.0036652095150202513
260 320 0.005658586509525776
260 400 0.0017884549451991916
261 0 0.0045285336673259735
261 80 0.0035180808044970036
261 160 0.0016106909606605768
261 240 0.003667097771540284
261 320 0.0033404985442757607
261 400 0.002853637794032693
262 0 0.0029266737401485443
262 80 0.0023836849723011255
262 160 0.0038938296493142843
262 240 0.0019476879388093948
262 320 0.0019706259481608868
262 400 0.003141505643725395
263 0 0.0013270662166178226
263 80 0.0016709204064682126
263 160 0.005033592227846384
263 240 0.0014025692362338305
263 320 0.0025299706030637026
263 400 0.0030304985120892525
264 0 0.0015505002811551094
264 80 0.0009644849924370646
264 160 0.001733042998239398
264 240 0.002069697715342045
264 320 0.0008322277572005987
264 400 0.0020692255347967148
265 0 0.0030954419635236263
265 80 0.0030912263318896294
265 160 0.0025566285476088524
265 240 0.002039581537246704
265 320 0.002666251501068473
265 400 0.007030295208096504
266 0 0.0017289681127294898
266 80 0.004395555704832077
266 160 0.005030754953622818
266 240 0.00457554217427969
266 320 0.0023841029033064842
266 400 0.002484149532392621
267 0 0.0019834188278764486
267 80 0.0031490870751440525
267 160 0.004505616147071123
267 240 0.0011998408008366823
267 320 0.0016526835970580578
267 400 0.0014429225120693445
268 0 0.0030188136734068394
268 80 0.0029123215936124325
268 160 0.001995483646169305
268 240 0.0020277933217585087
268 320 0.0020617914851754904
268 400 0.0030238840263336897
269 0 0.0018266162369400263
269 80 0.0020061854738742113
269 160 0.0013805279741063714
269 240 0.00278848921880126
269 320 0.0020507466979324818
269 400 0.0034342738799750805
270 0 0.002034040866419673
270 80 0.0021824324503540993
270 160 0.002614587778225541
270 240 0.002371238311752677
270 320 0.002227705903351307
270 400 0.0018543119076639414
271 0 0.003454784629866481
271 80 0.003218619618564844
271 160 0.0033081471920013428
271 240 0.0030590242240577936
271 320 0.0019442911725491285
271 400 0.004949168302118778
272 0 0.0019597329664975405
272 80 0.002018881728872657
272 160 0.0030299483332782984
272 240 0.0025511945132166147
272 320 0.0021608704701066017
272 400 0.002030536299571395
273 0 0.0011437187204137444
273 80 0.0015611506532877684
273 160 0.001959278481081128
273 240 0.0032388148829340935
273 320 0.0029272257816046476
273 400 0.0016736362595111132
274 0 0.0022931338753551245
274 80 0.0030958333518356085
274 160 0.0015629571862518787
274 240 0.003227656939998269
274 320 0.002152111614122987
274 400 0.0019935015588998795
275 0 0.003478595055639744
275 80 0.003768903436139226
275 160 0.0018932487582787871
275 240 0.0018730905139818788
275 320 0.001837792107835412
275 400 0.002288001822307706
276 0 0.0016218075761571527
276 80 0.0026054831687361
276 160 0.0029295426793396473
276 240 0.001671456964686513
276 320 0.0019801072776317596
276 400 0.0025272062048316
277 0 0.0019205153221264482
277 80 0.0016896800370886922
277 160 0.003660628106445074
277 240 0.0027026436291635036
277 320 0.001396717270836234
277 400 0.001813064911402762
278 0 0.002580053638666868
278 80 0.002284986898303032
278 160 0.0023832586593925953
278 240 0.0015621064230799675
278 320 0.0023816421162337065
278 400 0.0033122857566922903
279 0 0.002544875955209136
279 80 0.0023703330662101507
279 160 0.002124631544575095
279 240 0.00143424270208925
279 320 0.0020990832708775997
279 400 0.0020680043380707502
280 0 0.000790489255450666
280 80 0.002094933530315757
280 160 0.0017513694474473596
280 240 0.0038704578764736652
280 320 0.0027689754497259855
280 400 0.00217878888361156
281 0 0.002928233938291669
281 80 0.0013680204283446074
281 160 0.0031146451365202665
281 240 0.0023907022550702095
281 320 0.0019762301817536354
281 400 0.0024332557804882526
282 0 0.0020500593818724155
282 80 0.0026416375767439604
282 160 0.0021144687198102474
282 240 0.0017567240865901113
282 320 0.001680529909208417
282 400 0.004373327828943729
283 0 0.0007473683217540383
283 80 0.00249591120518744
283 160 0.0032535127829760313
283 240 0.0017636053962633014
283 320 0.0016593452310189605
283 400 0.0009014602983370423
284 0 0.002030844334512949
284 80 0.0028747129254043102
284 160 0.002102418802678585
284 240 0.0024205672089010477
284 320 0.002244394039735198
284 400 0.002202614676207304
285 0 0.002205883152782917
285 80 0.0013743789168074727
285 160 0.00120918033644557
285 240 0.005319496616721153
285 320 0.0011535456869751215
285 400 0.0025548760313540697
286 0 0.002030143514275551
286 80 0.0016144404653459787
286 160 0.0028591970913112164
286 240 0.001895484165288508
286 320 0.003990504425019026
286 400 0.0032850666902959347
287 0 0.0026914298068732023
287 80 0.0012652877485379577
287 160 0.0015740697272121906
287 240 0.003968011122196913
287 320 0.002902467269450426
287 400 0.0008236640715040267
288 0 0.002519572153687477
288 80 0.0036017464008182287
288 160 0.0023401672951877117
288 240 0.0012270939769223332
288 320 0.0012512508546933532
288 400 0.0015964197227731347
289 0 0.002819392131641507
289 80 0.00380294700153172
289 160 0.00316869025118649
289 240 0.0038183312863111496
289 320 0.0018934598192572594
289 400 0.0018700825748965144
290 0 0.0010661762207746506
290 80 0.0015905278269201517
290 160 0.0017383656231686473
290 240 0.002210210310295224
290 320 0.002304008463397622
290 400 0.002268709009513259
291 0 0.0017931705806404352
291 80 0.0012315905187278986
291 160 0.0021020593121647835
291 240 0.00180255516897887
291 320 0.0023518626112490892
291 400 0.002683243015781045
292 0 0.0021190799307078123
292 80 0.002905351808294654
292 160 0.0021955117117613554
292 240 0.002534781116992235
292 320 0.00048651956603862345
292 400 0.002292824909090996
293 0 0.0026190918870270252
293 80 0.00200852588750422
293 160 0.0007195376674644649
293 240 0.0018893745727837086
293 320 0.0019786369521170855
293 400 0.001920316251926124
294 0 0.0013340120203793049
294 80 0.00166059541516006
294 160 0.0018484694883227348
294 240 0.0019431840628385544
294 320 0.0028342921286821365
294 400 0.002436064649373293
295 0 0.004239524248987436
295 80 0.0030413337517529726
295 160 0.0024487329646945
295 240 0.0028078474570065737
295 320 0.002953542163595557
295 400 0.0022456892766058445
296 0 0.0018914059037342668
296 80 0.001967583317309618
296 160 0.0018629489932209253
296 240 0.0015084068290889263
296 320 0.0009903297759592533
296 400 0.0012666188413277268
297 0 0.0017824798123911023
297 80 0.001827616011723876
297 160 0.0018299147486686707
297 240 0.002818967215716839
297 320 0.0015282351523637772
297 400 0.0016565885161980987
298 0 0.001333070918917656
298 80 0.0016574939945712686
298 160 0.0017973154317587614
298 240 0.002900574589148164
298 320 0.0015108424704521894
298 400 0.004714696668088436
299 0 0.0022550334688276052
299 80 0.0028583721723407507
299 160 0.0018658223561942577
