1 0.4197673467811999 0.8789833333333333
2 0.2390085759797076 0.9325166666666667
3 0.19802838870520784 0.9451333333333334
4 0.17230121236937895 0.9527166666666667
5 0.15387682986856777 0.9580833333333333
6 0.13972368162037976 0.96215
7 0.12801981649037872 0.9657166666666667
8 0.11859729264908508 0.9683666666666667
9 0.11071209916904537 0.9704666666666667
10 0.10357394727514878 0.9723166666666667
11 0.09748635269892114 0.9742333333333333
12 0.09210047306917878 0.9756666666666667
13 0.08720439832919696 0.9767666666666667
14 0.08302388453820367 0.97805
15 0.07903857309140884 0.9795
16 0.07531971984834814 0.98045
17 0.07207841830038185 0.98105
18 0.06899791152905553 0.9823833333333334
19 0.06633662080157922 0.9830166666666666
20 0.06372425261177997 0.984
21 0.061259810008537544 0.9841
22 0.059092439141180085 0.98525
23 0.056849767952394895 0.9859333333333333
24 0.054969953343288094 0.9864166666666667
25 0.05308618482106975 0.9872
26 0.05125759316802914 0.9877833333333333
27 0.04957056342006556 0.9879166666666667
28 0.0480496267805984 0.9886166666666667
29 0.0465567855061149 0.9891333333333333
30 0.04517954019611197 0.9895
31 0.04374293818065066 0.9898666666666667
32 0.04241603627395846 0.9905666666666667
33 0.041258904213177114 0.9907333333333334
34 0.040118878258507386 0.9914166666666666
35 0.03889193121137332 0.9914833333333334
36 0.03787198493968068 0.99195
37 0.036836561657536 0.99225
38 0.03579416656211368 0.9926833333333334
39 0.034967580391193374 0.99265
40 0.03398459182400852 0.9930166666666667
41 0.0331164542128886 0.9932333333333333
42 0.03227737082788018 0.9934166666666666
43 0.031504778993695276 0.9938166666666667
44 0.030688518557006488 0.994
45 0.029905414238556235 0.9939333333333333
46 0.029156970698187856 0.99455
47 0.02848379972921029 0.99455
48 0.02780149847682097 0.9949166666666667
49 0.027159225851940767 0.99505
50 0.026502330783508353 0.9951166666666666
51 0.02593802960156632 0.99545
52 0.025312005134144507 0.9955833333333334
53 0.024797932975597854 0.996
54 0.024235124222195543 0.9959333333333333
55 0.023636900472329622 0.9961
56 0.02314540272010669 0.9962666666666666
57 0.022636580019831848 0.99645
58 0.022175282077081422 0.9966666666666667
59 0.021724828067166146 0.9966333333333334
60 0.02121635881075854 0.99695
61 0.0207695841167702 0.99705
62 0.020375443524174662 0.9971666666666666
63 0.01998035015085581 0.9971666666666666
64 0.019529456101945723 0.9972166666666666
65 0.019156956691731775 0.9973666666666666
66 0.018773759794193132 0.9975666666666667
67 0.01840414033223714 0.9975833333333334
68 0.01803539194234176 0.9977666666666667
69 0.017685647091782615 0.99785
70 0.01737848762224224 0.9978833333333333
71 0.017025887211566285 0.9979666666666667
72 0.01672554785695507 0.9980833333333333
73 0.01642071662087446 0.9981
74 0.01609709179862889 0.9983166666666666
75 0.015800638920637464 0.9983
76 0.015515892786770139 0.9984166666666666
77 0.015214698443781021 0.9984
78 0.014997294062434802 0.9984666666666666
79 0.014698720918392449 0.9985166666666667
80 0.01446156715378483 0.9986333333333334
81 0.014211629826162479 0.99865
82 0.013986763216729866 0.9986833333333334
83 0.01370742923613868 0.99875
84 0.013514462579438872 0.9987333333333334
85 0.013275738171577803 0.9987666666666667
86 0.013057355775432324 0.9989
87 0.012857931481896718 0.99885
88 0.012621112121666259 0.9989166666666667
89 0.0124130892137419 0.9991
90 0.012226015926082568 0.99915
91 0.012043157862479498 0.9990666666666667
92 0.011872867923547656 0.9991833333333333
93 0.011673155071924745 0.99925
94 0.011491686684081454 0.9992166666666666
95 0.011299835642609102 0.99935
96 0.011132058101211753 0.9993
97 0.01095618943282679 0.9993833333333333
98 0.010789618184015567 0.9993166666666666
99 0.010650317585254624 0.9994
100 0.010486200439439876 0.9994166666666666
101 0.010340379363398499 0.9994
102 0.01017121195908326 0.9995166666666667
103 0.010063213115033788 0.9994833333333333
104 0.009880528190056049 0.9995
105 0.009771726925227878 0.9994833333333333
106 0.00964534926964943 0.9995666666666667
107 0.009488931972720126 0.9995333333333334
108 0.009366103184860208 0.9995666666666667
109 0.009247313636833671 0.9995333333333334
110 0.009119316134284109 0.9995833333333334
111 0.00897648316924212 0.9996333333333334
112 0.008880746064346228 0.9996833333333334
113 0.008772027832187855 0.9996666666666667
114 0.008650576988203344 0.9996833333333334
115 0.008539554800268318 0.9997
116 0.008438798324909926 0.99965
117 0.008315115524674338 0.9996833333333334
118 0.008224573333128126 0.9997166666666667
119 0.00811413641019202 0.9997666666666667
120 0.00801774799681779 0.9997333333333334
121 0.007914659231087006 0.9997333333333334
122 0.007821021268942527 0.9997166666666667
123 0.007727059189166659 0.9998
124 0.007631335032682842 0.9997833333333334
125 0.0075469526079004765 0.9997666666666667
126 0.0074504179550386445 0.9997833333333334
127 0.007375512244815289 0.9997833333333334
128 0.007277988025477764 0.9997833333333334
129 0.007201776273850439 0.9998166666666667
130 0.007112497772856641 0.9998166666666667
131 0.007037948506491096 0.9998166666666667
132 0.0069549131229011485 0.9998333333333334
133 0.006878820747863858 0.9998333333333334
134 0.006803310514221202 0.9998666666666667
135 0.0067282193869070365 0.99985
136 0.00663948347787065 0.9998666666666667
137 0.006579461397909954 0.9998666666666667
138 0.006502836373007135 0.9998666666666667
139 0.006436208194034345 0.9998666666666667
140 0.006363036856154548 0.9998833333333333
141 0.006297574190399063 0.9999166666666667
142 0.0062397125825933274 0.9998666666666667
143 0.006170572052999679 0.9999
144 0.006102520937491248 0.9999166666666667
145 0.0060487488907243585 0.9999166666666667
146 0.005987655183524767 0.9999
147 0.005921810562449343 0.9999333333333333
148 0.005857041653450221 0.9999166666666667
149 0.0058029398440258275 0.9999166666666667
150 0.0057478470217460385 0.9999333333333333
151 0.005681011497156262 0.9999333333333333
152 0.0056312865580616794 0.9999333333333333
153 0.005572299095568682 0.9999166666666667
154 0.005523905798947728 0.99995
155 0.00546612025490269 0.99995
156 0.005413445393874574 0.9999333333333333
157 0.005363316050291792 0.9999666666666667
158 0.0053095691626383135 0.99995
159 0.005267125985293246 0.99995
160 0.0052155939770787 0.9999666666666667
161 0.005171757755872569 0.99995
162 0.005112375658221924 0.9999666666666667
163 0.005075002947736825 0.9999666666666667
164 0.0050275367044253965 0.9999666666666667
165 0.0049773492897028674 0.9999666666666667
166 0.004931045655182985 0.9999666666666667
167 0.004890815731185649 0.9999666666666667
168 0.0048472241433744415 0.9999666666666667
169 0.004807662640038981 0.9999666666666667
170 0.004766123435114508 0.9999666666666667
171 0.004718501519819876 0.9999666666666667
172 0.004680283653583608 0.9999666666666667
173 0.004637585457430275 0.9999666666666667
174 0.004597099130796487 0.9999666666666667
175 0.004559381260300305 0.9999666666666667
176 0.004523157648968576 0.9999666666666667
177 0.004489040055470085 0.9999666666666667
178 0.004446376397930729 0.9999666666666667
179 0.004411053700076698 0.9999666666666667
180 0.004374345383996061 0.9999666666666667
181 0.00433537799458919 0.9999666666666667
182 0.004309868998775906 0.9999666666666667
183 0.004272088999482694 0.9999666666666667
184 0.00423569258387838 0.9999666666666667
185 0.004204773444628744 0.9999833333333333
186 0.004166961038561621 0.9999833333333333
187 0.00413340299443872 0.9999833333333333
188 0.004100941653762545 0.9999833333333333
189 0.00407005587296346 0.9999833333333333
190 0.004041615318182284 0.9999833333333333
191 0.004008068116446301 0.9999833333333333
192 0.003976873062458684 0.9999833333333333
193 0.003952052414184933 0.9999833333333333
194 0.003920392707801426 0.9999833333333333
195 0.003894399911754016 0.9999833333333333
196 0.003860879216347136 0.9999833333333333
197 0.003834590438439616 0.9999833333333333
198 0.003804028201386579 0.9999833333333333
199 0.0037737345100312967 0.9999833333333333
200 0.00374830899864876 0.9999833333333333
201 0.0037179168546820547 0.9999833333333333
202 0.0036963963654509852 0.9999833333333333
203 0.0036716622919507466 0.9999833333333333
204 0.0036362433747233534 0.9999833333333333
205 0.0036187860039946463 0.9999833333333333
206 0.0035936726908286864 0.9999833333333333
207 0.0035691228372527403 0.9999833333333333
208 0.003541527316346566 0.9999833333333333
209 0.0035205144979514437 0.9999833333333333
210 0.0034922290117299156 0.9999833333333333
211 0.003471461823830671 0.9999833333333333
212 0.0034476011057696077 0.9999833333333333
213 0.0034223223218757875 0.9999833333333333
214 0.0034035968138520587 0.9999833333333333
215 0.003374759389185853 0.9999833333333333
216 0.0033557101791756336 0.9999833333333333
217 0.0033312481862784768 0.9999833333333333
218 0.00330555494534654 1.0
219 0.003289057995313838 0.9999833333333333
220 0.003265271288976232 0.9999833333333333
221 0.0032452982916151172 0.9999833333333333
222 0.003225528418388305 0.9999833333333333
223 0.0032037073730933926 1.0
224 0.00318114263408168 1.0
225 0.003159745239656665 0.9999833333333333
226 0.00313994937677131 1.0
227 0.003121632475977831 0.9999833333333333
228 0.0031033702747477318 0.9999833333333333
229 0.0030841697876188737 0.9999833333333333
230 0.0030657311818048138 0.9999833333333333
231 0.003047757196118003 1.0
232 0.0030271488599040346 0.9999833333333333
233 0.0030083300392907946 1.0
234 0.002992631569911819 1.0
235 0.00297036519176565 1.0
236 0.0029497764576951278 1.0
237 0.0029372711470330767 0.9999833333333333
238 0.0029178341666458926 1.0
239 0.002902541226441307 1.0
240 0.002882678894254603 1.0
241 0.0028702563698416446 1.0
242 0.002850472737577305 1.0
243 0.0028307794533453503 1.0
244 0.00281762483684636 1.0
245 0.002803295241807327 1.0
246 0.00278454570525161 1.0
247 0.0027684862271193534 1.0
248 0.002753877458520043 1.0
249 0.0027381515220752848 1.0
250 0.002722183755015148 1.0
251 0.0027062324741269463 1.0
252 0.002690768397069657 1.0
253 0.002678214405628064 1.0
254 0.002658093082177431 1.0
255 0.002646191866258219 1.0
256 0.002630751323960682 1.0
257 0.0026154151823776744 1.0
258 0.0026056105980891853 1.0
259 0.0025878950799835213 1.0
260 0.00257516969707725 1.0
261 0.0025596018659813737 1.0
262 0.002548107917957715 1.0
263 0.002532115524340826 1.0
264 0.0025221067115859088 1.0
265 0.002506245764271259 1.0
266 0.002492720722161265 1.0
267 0.0024805604601834913 1.0
268 0.0024656709237669563 1.0
269 0.002453348794475452 1.0
270 0.0024423909303831503 1.0
271 0.0024296551186249837 1.0
272 0.0024169564278407104 1.0
273 0.0024053703691722995 1.0
274 0.002392608678585955 1.0
275 0.0023790830473871287 1.0
276 0.002364049997376298 1.0
277 0.00235505862363072 1.0
278 0.0023422263295097803 1.0
279 0.002331093716214715 1.0
280 0.00232077331983669 1.0
281 0.002310278535416441 1.0
282 0.002294945079887381 1.0
283 0.002284476352207212 1.0
284 0.002273331996726631 1.0
285 0.0022628661930195687 1.0
286 0.002252580358526175 1.0
287 0.0022425799621770513 1.0
288 0.0022311337956307784 1.0
289 0.0022230056955465185 1.0
290 0.002209418807734749 1.0
291 0.002198887947161914 1.0
292 0.0021880583698997325 1.0
293 0.0021777591447277402 1.0
294 0.002167489937829799 1.0
295 0.002158317962219057 1.0
296 0.0021457037423550686 1.0
297 0.0021362711591938976 1.0
298 0.002124329574865603 1.0
299 0.0021177444062548192 1.0
300 0.002109028174847698 1.0
9999 0.0020769680850207806 1.0
