1 0 2.584713935852051
1 80 0.5337477922439575
1 160 0.3577694892883301
1 240 0.39337024092674255
1 320 0.35298123955726624
1 400 0.318245530128479
2 0 0.26489555835723877
2 80 0.23897281289100647
2 160 0.231378436088562
2 240 0.2819995582103729
2 320 0.2370339334011078
2 400 0.1306924819946289
3 0 0.13834147155284882
3 80 0.14880827069282532
3 160 0.27134716510772705
3 240 0.16364982724189758
3 320 0.2192639410495758
3 400 0.19486644864082336
4 0 0.1226809173822403
4 80 0.15299943089485168
4 160 0.2635349631309509
4 240 0.20489779114723206
4 320 0.1306217461824417
4 400 0.08284586668014526
5 0 0.14516308903694153
5 80 0.26824644207954407
5 160 0.24189762771129608
5 240 0.1637161374092102
5 320 0.2239779233932495
5 400 0.15629631280899048
6 0 0.07650060206651688
6 80 0.17440524697303772
6 160 0.10474660992622375
6 240 0.08543934673070908
6 320 0.17348212003707886
6 400 0.07949874550104141
7 0 0.17604461312294006
7 80 0.10738872736692429
7 160 0.0532863475382328
7 240 0.06100919842720032
7 320 0.16026587784290314
7 400 0.16368024051189423
8 0 0.08241306245326996
8 80 0.13463564217090607
8 160 0.1220722645521164
8 240 0.10692484676837921
8 320 0.10484504699707031
8 400 0.10363860428333282
9 0 0.10788451880216599
9 80 0.0835561752319336
9 160 0.14428289234638214
9 240 0.1801184117794037
9 320 0.08748054504394531
9 400 0.07454995065927505
10 0 0.0782485380768776
10 80 0.1171145811676979
10 160 0.14264331758022308
10 240 0.10806545615196228
10 320 0.1581301987171173
10 400 0.0711049810051918
11 0 0.08122260123491287
11 80 0.1074722409248352
11 160 0.07392016798257828
11 240 0.0667857825756073
11 320 0.12616278231143951
11 400 0.08229630440473557
12 0 0.1252792328596115
12 80 0.05743628367781639
12 160 0.06800060719251633
12 240 0.06512235105037689
12 320 0.04756544157862663
12 400 0.05801757797598839
13 0 0.08619533479213715
13 80 0.14927196502685547
13 160 0.07594387978315353
13 240 0.06513423472642899
13 320 0.05566156655550003
13 400 0.10113883018493652
14 0 0.13479657471179962
14 80 0.08088507503271103
14 160 0.08860796689987183
14 240 0.044182900339365005
14 320 0.13090382516384125
14 400 0.09665892273187637
15 0 0.04764422029256821
15 80 0.04047582298517227
15 160 0.19542814791202545
15 240 0.03695210814476013
15 320 0.040309514850378036
15 400 0.04050515219569206
16 0 0.05846552550792694
16 80 0.04832280054688454
16 160 0.03665684908628464
16 240 0.05255304276943207
16 320 0.039189621806144714
16 400 0.03922868147492409
17 0 0.06057718023657799
17 80 0.08035402745008469
17 160 0.07435471564531326
17 240 0.10833785682916641
17 320 0.05936504527926445
17 400 0.06564106792211533
18 0 0.04957152158021927
18 80 0.05324175953865051
18 160 0.07927049696445465
18 240 0.05908404290676117
18 320 0.11010541021823883
18 400 0.07260242104530334
19 0 0.04602473974227905
19 80 0.08504177629947662
19 160 0.10210981965065002
19 240 0.037309836596250534
19 320 0.06363145262002945
19 400 0.03895276412367821
20 0 0.07172571122646332
20 80 0.061489544808864594
20 160 0.05374319478869438
20 240 0.04965434595942497
20 320 0.03266110643744469
20 400 0.06839259713888168
21 0 0.07309844344854355
21 80 0.06287959963083267
21 160 0.059010330587625504
21 240 0.06865851581096649
21 320 0.04647429659962654
21 400 0.0675199031829834
22 0 0.08973462879657745
22 80 0.0688040480017662
22 160 0.04160911217331886
22 240 0.046026866883039474
22 320 0.06452015042304993
22 400 0.06497985869646072
23 0 0.07961181551218033
23 80 0.07698322087526321
23 160 0.034898336976766586
23 240 0.07832048088312149
23 320 0.08347664773464203
23 400 0.10117965191602707
24 0 0.03044026717543602
24 80 0.03143206983804703
24 160 0.04789236560463905
24 240 0.05826478451490402
24 320 0.06138480827212334
24 400 0.06069314852356911
25 0 0.03023311123251915
25 80 0.0665317177772522
25 160 0.05022522434592247
25 240 0.07108345627784729
25 320 0.04747328162193298
25 400 0.024723578244447708
26 0 0.03905371204018593
26 80 0.03590695187449455
26 160 0.07483134418725967
26 240 0.032602373510599136
26 320 0.05897590145468712
26 400 0.03923416510224342
27 0 0.09919141978025436
27 80 0.05384920537471771
27 160 0.028557658195495605
27 240 0.058058734983205795
27 320 0.0394015870988369
27 400 0.06822046637535095
28 0 0.023788684979081154
28 80 0.054500192403793335
28 160 0.02234531193971634
28 240 0.041826557368040085
28 320 0.05306316539645195
28 400 0.09568626433610916
29 0 0.04859054833650589
29 80 0.038367148488759995
29 160 0.04858888313174248
29 240 0.05031252279877663
29 320 0.030766313895583153
29 400 0.07116135954856873
30 0 0.05983532965183258
30 80 0.0316368006169796
30 160 0.012091618962585926
30 240 0.0922519639134407
30 320 0.04059413820505142
30 400 0.014239238575100899
31 0 0.060709740966558456
31 80 0.06443868577480316
31 160 0.08422991633415222
31 240 0.030005482956767082
31 320 0.034097470343112946
31 400 0.03773282468318939
32 0 0.046851057559251785
32 80 0.022787928581237793
32 160 0.021235018968582153
32 240 0.036917585879564285
32 320 0.039433229714632034
32 400 0.035944584757089615
33 0 0.0252730343490839
33 80 0.045669522136449814
33 160 0.06034848839044571
33 240 0.0415368378162384
33 320 0.0675334632396698
33 400 0.07607995718717575
34 0 0.039321403950452805
34 80 0.07030273228883743
34 160 0.08113673329353333
34 240 0.027424534782767296
34 320 0.09187085926532745
34 400 0.028028229251503944
35 0 0.017528142780065536
35 80 0.057455629110336304
35 160 0.047910917550325394
35 240 0.0695166066288948
35 320 0.030031371861696243
35 400 0.02044772170484066
36 0 0.037079233676195145
36 80 0.043704207986593246
36 160 0.043084271252155304
36 240 0.06315270066261292
36 320 0.056614167988300323
36 400 0.015281613916158676
37 0 0.03376365825533867
37 80 0.030973725020885468
37 160 0.026012977585196495
37 240 0.04156326875090599
37 320 0.0381547249853611
37 400 0.027097249403595924
38 0 0.03469463810324669
38 80 0.03489847108721733
38 160 0.028992988169193268
38 240 0.025230618193745613
38 320 0.025212353095412254
38 400 0.023597216233611107
39 0 0.0223983246833086
39 80 0.061362236738204956
39 160 0.04324842244386673
39 240 0.026016581803560257
39 320 0.022854628041386604
39 400 0.02301311306655407
40 0 0.034105975180864334
40 80 0.03207209333777428
40 160 0.022007545456290245
40 240 0.061106327921152115
40 320 0.020029090344905853
40 400 0.03666668012738228
41 0 0.019165722653269768
41 80 0.023100925609469414
41 160 0.022019101306796074
41 240 0.026283010840415955
41 320 0.026513012126088142
41 400 0.04201791435480118
42 0 0.033205676823854446
42 80 0.015725942328572273
42 160 0.025402337312698364
42 240 0.03711629658937454
42 320 0.05316734313964844
42 400 0.023404791951179504
43 0 0.02033855952322483
43 80 0.020233742892742157
43 160 0.014394005760550499
43 240 0.02449082024395466
43 320 0.04220717400312424
43 400 0.027978600934147835
44 0 0.0348689928650856
44 80 0.05342484638094902
44 160 0.04144616425037384
44 240 0.02767089754343033
44 320 0.060724206268787384
44 400 0.03333114832639694
45 0 0.03759022057056427
45 80 0.020792821422219276
45 160 0.020689193159341812
45 240 0.034573033452034
45 320 0.03815373033285141
45 400 0.030261749401688576
46 0 0.010413986630737782
46 80 0.02337196096777916
46 160 0.018424876034259796
46 240 0.025047654286026955
46 320 0.043342120945453644
46 400 0.0226371381431818
47 0 0.03965925797820091
47 80 0.02233491837978363
47 160 0.03505963087081909
47 240 0.03691854700446129
47 320 0.05646173655986786
47 400 0.023915421217679977
48 0 0.01483785081654787
48 80 0.05613899603486061
48 160 0.058099765330553055
48 240 0.012294507585465908
48 320 0.03890524059534073
48 400 0.024384837597608566
49 0 0.02172202616930008
49 80 0.033277370035648346
49 160 0.06163477897644043
49 240 0.025833796709775925
49 320 0.010895905084908009
49 400 0.011898648925125599
50 0 0.07898728549480438
50 80 0.031121881678700447
50 160 0.023246999830007553
50 240 0.02140701562166214
50 320 0.023318814113736153
50 400 0.03856726363301277
51 0 0.011331268586218357
51 80 0.017558954656124115
51 160 0.0374518558382988
51 240 0.02051497809588909
51 320 0.02519015222787857
51 400 0.05693928152322769
52 0 0.03516627103090286
52 80 0.019816000014543533
52 160 0.02169088087975979
52 240 0.033563923090696335
52 320 0.01999809592962265
52 400 0.02502673864364624
53 0 0.01734739914536476
53 80 0.02392067201435566
53 160 0.04148786514997482
53 240 0.03187207132577896
53 320 0.012366391718387604
53 400 0.03343659266829491
54 0 0.030159004032611847
54 80 0.030362997204065323
54 160 0.010790957137942314
54 240 0.03784416615962982
54 320 0.03081640787422657
54 400 0.016090156510472298
55 0 0.011072048917412758
55 80 0.0397389754652977
55 160 0.032834649085998535
55 240 0.024057207629084587
55 320 0.01378838811069727
55 400 0.028330428525805473
56 0 0.022416450083255768
56 80 0.018790671601891518
56 160 0.014389388263225555
56 240 0.02167157642543316
56 320 0.015515231527388096
56 400 0.03044876456260681
57 0 0.02583926171064377
57 80 0.02243182808160782
57 160 0.029245756566524506
57 240 0.014203520491719246
57 320 0.016685454174876213
57 400 0.028248514980077744
58 0 0.025448177009820938
58 80 0.036207493394613266
58 160 0.029250826686620712
58 240 0.008025119081139565
58 320 0.02323058806359768
58 400 0.04370215907692909
59 0 0.028154559433460236
59 80 0.015269964002072811
59 160 0.021963946521282196
59 240 0.013901892118155956
59 320 0.013543937355279922
59 400 0.011903448030352592
60 0 0.02331465482711792
60 80 0.03916311636567116
60 160 0.013087602332234383
60 240 0.009542650543153286
60 320 0.022292103618383408
60 400 0.030228974297642708
61 0 0.010363852605223656
61 80 0.012759390287101269
61 160 0.056697361171245575
61 240 0.006021907553076744
61 320 0.021512186154723167
61 400 0.022285688668489456
62 0 0.019535604864358902
62 80 0.010921352542936802
62 160 0.014249099418520927
62 240 0.03176341578364372
62 320 0.025154875591397285
62 400 0.024572113528847694
63 0 0.01277434267103672
63 80 0.02872958779335022
63 160 0.03346702456474304
63 240 0.013137148693203926
63 320 0.014699534513056278
63 400 0.00932929664850235
64 0 0.016012677922844887
64 80 0.012322613038122654
64 160 0.020805692300200462
64 240 0.018918460234999657
64 320 0.021440409123897552
64 400 0.0063213384710252285
65 0 0.051051005721092224
65 80 0.012740353122353554
65 160 0.03439893573522568
65 240 0.01850910112261772
65 320 0.04263075068593025
65 400 0.01191126462072134
66 0 0.010947135277092457
66 80 0.005235306452959776
66 160 0.02628651261329651
66 240 0.007479407358914614
66 320 0.015947440639138222
66 400 0.01357498113065958
67 0 0.03281093388795853
67 80 0.008620449341833591
67 160 0.011815530247986317
67 240 0.008843340910971165
67 320 0.014522848650813103
67 400 0.010821380652487278
68 0 0.03139917179942131
68 80 0.021695179864764214
68 160 0.027359874919056892
68 240 0.013375155627727509
68 320 0.028719371184706688
68 400 0.03032550774514675
69 0 0.01770308054983616
69 80 0.012387746013700962
69 160 0.02249593660235405
69 240 0.013418151997029781
69 320 0.008877940475940704
69 400 0.016558509320020676
70 0 0.01710294745862484
70 80 0.02283945120871067
70 160 0.008891836740076542
70 240 0.010451428592205048
70 320 0.023958051577210426
70 400 0.021344851702451706
71 0 0.0063217100687325
71 80 0.005535733886063099
71 160 0.02360471524298191
71 240 0.01102951355278492
71 320 0.013099085539579391
71 400 0.015962734818458557
72 0 0.01897953264415264
72 80 0.016778413206338882
72 160 0.0319422222673893
72 240 0.027335088700056076
72 320 0.015958057716488838
72 400 0.021657319739460945
73 0 0.01685641147196293
73 80 0.013522178865969181
73 160 0.0133432662114501
73 240 0.007572034373879433
73 320 0.017410732805728912
73 400 0.011254440993070602
74 0 0.017808031290769577
74 80 0.024573659524321556
74 160 0.01248524896800518
74 240 0.009573307819664478
74 320 0.010094912722706795
74 400 0.02153615653514862
75 0 0.012200078926980495
75 80 0.008373736403882504
75 160 0.013050681911408901
75 240 0.00926537811756134
75 320 0.008008399978280067
75 400 0.010643333196640015
76 0 0.024143198505043983
76 80 0.013318298384547234
76 160 0.011116491630673409
76 240 0.03282660245895386
76 320 0.01671200431883335
76 400 0.026331523433327675
77 0 0.027408676221966743
77 80 0.00866022054105997
77 160 0.01456835400313139
77 240 0.014698232524096966
77 320 0.01531890220940113
77 400 0.010820289142429829
78 0 0.006917860358953476
78 80 0.01743178255856037
78 160 0.0090415570884943
78 240 0.013146387413144112
78 320 0.026201387867331505
78 400 0.011947132647037506
79 0 0.01955287903547287
79 80 0.015364871360361576
79 160 0.007243709173053503
79 240 0.020037759095430374
79 320 0.0096167903393507
79 400 0.012438430450856686
80 0 0.02370036207139492
80 80 0.005087122321128845
80 160 0.015426174737513065
80 240 0.05178321525454521
80 320 0.009189643897116184
80 400 0.012068590149283409
81 0 0.005879018921405077
81 80 0.01817801594734192
81 160 0.00856074970215559
81 240 0.009289399720728397
81 320 0.013209867291152477
81 400 0.011082842014729977
82 0 0.008824790827929974
82 80 0.022311711683869362
82 160 0.0219191312789917
82 240 0.007632061373442411
82 320 0.024426186457276344
82 400 0.011613196693360806
83 0 0.004250816069543362
83 80 0.008821206167340279
83 160 0.023031705990433693
83 240 0.01822911761701107
83 320 0.004310856107622385
83 400 0.005559004843235016
84 0 0.021393075585365295
84 80 0.012751125730574131
84 160 0.011157847940921783
84 240 0.009066387079656124
84 320 0.0232609361410141
84 400 0.017222445458173752
85 0 0.008896498940885067
85 80 0.009268190711736679
85 160 0.015258584171533585
85 240 0.02909010648727417
85 320 0.00978508498519659
85 400 0.013960707932710648
86 0 0.017900286242365837
86 80 0.009245210327208042
86 160 0.012450595386326313
86 240 0.01547700259834528
86 320 0.010789895430207253
86 400 0.01604308933019638
87 0 0.014164828695356846
87 80 0.005823764018714428
87 160 0.008516688831150532
87 240 0.015298276208341122
87 320 0.015326611697673798
87 400 0.010144447907805443
88 0 0.006556885316967964
88 80 0.00973258726298809
88 160 0.01879097893834114
88 240 0.005289124790579081
88 320 0.01929386891424656
88 400 0.011888029985129833
89 0 0.021765777841210365
89 80 0.01369568519294262
89 160 0.011762467212975025
89 240 0.009378231130540371
89 320 0.008466284722089767
89 400 0.007199471816420555
90 0 0.013991505838930607
90 80 0.01842297799885273
90 160 0.019890209659934044
90 240 0.023874271661043167
90 320 0.007969547063112259
90 400 0.00981962401419878
91 0 0.010942463763058186
91 80 0.007567150983959436
91 160 0.006619451567530632
91 240 0.014208784326910973
91 320 0.019782066345214844
91 400 0.008885443210601807
92 0 0.00466493982821703
92 80 0.01322900876402855
92 160 0.007640737108886242
92 240 0.011627926491200924
92 320 0.008129758760333061
92 400 0.0058638365007936954
93 0 0.017705300822854042
93 80 0.008127624168992043
93 160 0.018801335245370865
93 240 0.013757321983575821
93 320 0.008025918155908585
93 400 0.011606384068727493
94 0 0.009232882410287857
94 80 0.011286634020507336
94 160 0.009230462834239006
94 240 0.010136471129953861
94 320 0.01180996559560299
94 400 0.012947820127010345
95 0 0.008675438351929188
95 80 0.010870859026908875
95 160 0.01132609136402607
95 240 0.008518257178366184
95 320 0.009269037283957005
95 400 0.010173398070037365
96 0 0.008585057221353054
96 80 0.006512339226901531
96 160 0.003604385768994689
96 240 0.011545483022928238
96 320 0.010758819989860058
96 400 0.027892591431736946
97 0 0.013249627314507961
97 80 0.02065945602953434
97 160 0.007828213274478912
97 240 0.008784554898738861
97 320 0.012516237795352936
97 400 0.020800769329071045
98 0 0.009834552183747292
98 80 0.012718802317976952
98 160 0.007451536133885384
98 240 0.010908752679824829
98 320 0.011794335208833218
98 400 0.007775043603032827
99 0 0.006611603312194347
99 80 0.006202248856425285
99 160 0.009971769526600838
99 240 0.007334323134273291
99 320 0.004644899163395166
99 400 0.013948868028819561
100 0 0.010860293172299862
100 80 0.011723296716809273
100 160 0.013248038478195667
100 240 0.010745345614850521
100 320 0.005504773464053869
100 400 0.006519155111163855
101 0 0.014930629171431065
101 80 0.01519102230668068
101 160 0.016960669308900833
101 240 0.012456826865673065
101 320 0.01034048292785883
101 400 0.01189324352890253
102 0 0.0061077093705534935
102 80 0.012521320022642612
102 160 0.01118998508900404
102 240 0.005267706699669361
102 320 0.007176805287599564
102 400 0.006834164261817932
103 0 0.01034475676715374
103 80 0.007741955108940601
103 160 0.007679752539843321
103 240 0.015743430703878403
103 320 0.005802920553833246
103 400 0.011979548260569572
104 0 0.010135017335414886
104 80 0.007404366508126259
104 160 0.011755740270018578
104 240 0.011503038927912712
104 320 0.014199838973581791
104 400 0.013823513872921467
105 0 0.005817527417093515
105 80 0.004015825223177671
105 160 0.009939190931618214
105 240 0.014273147098720074
105 320 0.017490528523921967
105 400 0.007058317307382822
106 0 0.010219434276223183
106 80 0.008734248578548431
106 160 0.016036273911595345
106 240 0.028080018237233162
106 320 0.004010159056633711
106 400 0.012011774815618992
107 0 0.01316219661384821
107 80 0.010032808408141136
107 160 0.009150683879852295
107 240 0.007973345927894115
107 320 0.004283295013010502
107 400 0.010466421954333782
108 0 0.010604944080114365
108 80 0.021067926660180092
108 160 0.0035035894252359867
108 240 0.005494662560522556
108 320 0.00963981356471777
108 400 0.00793570838868618
109 0 0.012582006864249706
109 80 0.010947332717478275
109 160 0.006565535441040993
109 240 0.0066125099547207355
109 320 0.009192489087581635
109 400 0.005555413197726011
110 0 0.010230894200503826
110 80 0.004303277470171452
110 160 0.0071431491523981094
110 240 0.010184301063418388
110 320 0.00797281600534916
110 400 0.006009016185998917
111 0 0.01021698210388422
111 80 0.010944086126983166
111 160 0.0054781194776296616
111 240 0.01588522270321846
111 320 0.0038728390354663134
111 400 0.015427780337631702
112 0 0.009331224486231804
112 80 0.011930853128433228
112 160 0.004559153690934181
112 240 0.008263839408755302
112 320 0.010032890364527702
112 400 0.008589500561356544
113 0 0.0066074528731405735
113 80 0.0070561920292675495
113 160 0.0032301207538694143
113 240 0.013015035539865494
113 320 0.008939122781157494
113 400 0.0075456066988408566
114 0 0.009222796186804771
114 80 0.00460635544732213
114 160 0.013270464725792408
114 240 0.00819394364953041
114 320 0.010857820510864258
114 400 0.006171695422381163
115 0 0.005149375647306442
115 80 0.004925777204334736
115 160 0.006658504717051983
115 240 0.005737005267292261
115 320 0.011789166368544102
115 400 0.007550576236099005
116 0 0.008028252050280571
116 80 0.005360795650631189
116 160 0.009993992745876312
116 240 0.009418136440217495
116 320 0.007135446183383465
116 400 0.008832489140331745
117 0 0.009447285905480385
117 80 0.009873188100755215
117 160 0.006196986883878708
117 240 0.011827263049781322
117 320 0.010107805952429771
117 400 0.003944670781493187
118 0 0.005207916721701622
118 80 0.00589021435007453
118 160 0.007345119025558233
118 240 0.008632553741335869
118 320 0.007253918796777725
118 400 0.013585184700787067
119 0 0.004235066939145327
119 80 0.008233627304434776
119 160 0.006877770181745291
119 240 0.006672213319689035
119 320 0.00593374390155077
119 400 0.012054985389113426
120 0 0.007265178486704826
120 80 0.012919649481773376
120 160 0.006423042621463537
120 240 0.00804742518812418
120 320 0.005268650129437447
120 400 0.003805039916187525
121 0 0.009749692864716053
121 80 0.011408654972910881
121 160 0.008609996177256107
121 240 0.006121997721493244
121 320 0.007744087837636471
121 400 0.01573273167014122
122 0 0.0044693173840641975
122 80 0.012359349988400936
122 160 0.006305302958935499
122 240 0.0023216374684125185
122 320 0.00464092381298542
122 400 0.006636121775954962
123 0 0.015893107280135155
123 80 0.007962152361869812
123 160 0.00780290924012661
123 240 0.007808593101799488
123 320 0.007996064610779285
123 400 0.005473352037370205
124 0 0.007890096865594387
124 80 0.00726016191765666
124 160 0.01045471802353859
124 240 0.0070403763093054295
124 320 0.005237807985395193
124 400 0.011216895654797554
125 0 0.0061647929251194
125 80 0.0037030999083071947
125 160 0.013476972468197346
125 240 0.007646744139492512
125 320 0.005513263400644064
125 400 0.008245441131293774
126 0 0.0034850738011300564
126 80 0.00700789550319314
126 160 0.009079841896891594
126 240 0.004661012906581163
126 320 0.00830018613487482
126 400 0.0030601201578974724
127 0 0.008592884056270123
127 80 0.009348195046186447
127 160 0.0061367955058813095
127 240 0.007212039083242416
127 320 0.006499913986772299
127 400 0.0046523213386535645
128 0 0.002734983339905739
128 80 0.0067788888700306416
128 160 0.007723214104771614
128 240 0.009885633364319801
128 320 0.006920516956597567
128 400 0.008127134293317795
129 0 0.005520883947610855
129 80 0.008921021595597267
129 160 0.0028530778363347054
129 240 0.00765941571444273
129 320 0.006503868382424116
129 400 0.007851870730519295
130 0 0.005933362990617752
130 80 0.009456966072320938
130 160 0.009225060231983662
130 240 0.004882424138486385
130 320 0.008850764483213425
130 400 0.008166980929672718
131 0 0.008438445627689362
131 80 0.005569973960518837
131 160 0.008394354023039341
131 240 0.004197002854198217
131 320 0.005708614364266396
131 400 0.009007452987134457
132 0 0.0038527424912899733
132 80 0.005237119272351265
132 160 0.003881285432726145
132 240 0.006009729579091072
132 320 0.004207765217870474
132 400 0.003835951443761587
133 0 0.004103520885109901
133 80 0.006363862659782171
133 160 0.013622542843222618
133 240 0.007716488558799028
133 320 0.007044157478958368
133 400 0.00748373894020915
134 0 0.003315081587061286
134 80 0.004159519914537668
134 160 0.009550529532134533
134 240 0.004376446362584829
134 320 0.008180508390069008
134 400 0.006421011406928301
135 0 0.0049064005725085735
135 80 0.006727597210556269
135 160 0.005274504888802767
135 240 0.013547477312386036
135 320 0.009010435082018375
135 400 0.004915362223982811
136 0 0.004766268655657768
136 80 0.0036886176094412804
136 160 0.009587105363607407
136 240 0.008323999121785164
136 320 0.005392161663621664
136 400 0.007047123275697231
137 0 0.008127805776894093
137 80 0.008485020138323307
137 160 0.005059203132987022
137 240 0.005024454556405544
137 320 0.009725519455969334
137 400 0.006123688071966171
138 0 0.005672514904290438
138 80 0.0038970045279711485
138 160 0.007619842886924744
138 240 0.0041747018694877625
138 320 0.004309732001274824
138 400 0.012412435375154018
139 0 0.007709183730185032
139 80 0.009347110986709595
139 160 0.004717005882412195
139 240 0.005131453741341829
139 320 0.005162395536899567
139 400 0.007341128308326006
140 0 0.004387055989354849
140 80 0.012356177903711796
140 160 0.00479262787848711
140 240 0.010083289816975594
140 320 0.008440607227385044
140 400 0.006423777900636196
141 0 0.0025834105908870697
141 80 0.006921015679836273
141 160 0.011651615612208843
141 240 0.013197453692555428
141 320 0.005143359769135714
141 400 0.01111755520105362
142 0 0.005851410329341888
142 80 0.0064904955215752125
142 160 0.003356798319146037
142 240 0.005392134655267
142 320 0.0034840006846934557
142 400 0.011394713073968887
143 0 0.006852738093584776
143 80 0.007363674696534872
143 160 0.006586817558854818
143 240 0.003736914834007621
143 320 0.003480230923742056
143 400 0.005960776470601559
144 0 0.008621147833764553
144 80 0.006125347223132849
144 160 0.00546145299449563
144 240 0.005439335945993662
144 320 0.0042978860437870026
144 400 0.008255170658230782
145 0 0.006957459729164839
145 80 0.0030916878022253513
145 160 0.006301999557763338
145 240 0.004511477891355753
145 320 0.00990094430744648
145 400 0.008090544492006302
146 0 0.01024364959448576
146 80 0.004583156201988459
146 160 0.009880861267447472
146 240 0.006520470604300499
146 320 0.005789150483906269
146 400 0.004689041990786791
147 0 0.007166602183133364
147 80 0.006048076786100864
147 160 0.00505894934758544
147 240 0.003060010029003024
147 320 0.009600379504263401
147 400 0.0050895637832582
148 0 0.009568875655531883
148 80 0.00450909323990345
148 160 0.009540369734168053
148 240 0.0025007594376802444
148 320 0.0070571452379226685
148 400 0.008516850881278515
149 0 0.01449073851108551
149 80 0.0034931814298033714
149 160 0.00565534271299839
149 240 0.005692261271178722
149 320 0.005448522511869669
149 400 0.006102553103119135
150 0 0.012084746733307838
150 80 0.003695369465276599
150 160 0.005077365320175886
150 240 0.00629128934815526
150 320 0.009485691785812378
150 400 0.005373693071305752
151 0 0.007993965409696102
151 80 0.008926229551434517
151 160 0.013368937186896801
151 240 0.0030924801249057055
151 320 0.0027842866256833076
151 400 0.008007354103028774
152 0 0.0049071223475039005
152 80 0.0045425123535096645
152 160 0.004762852564454079
152 240 0.005447502247989178
152 320 0.004204722121357918
152 400 0.008512750267982483
153 0 0.0046155559830367565
153 80 0.0035034033935517073
153 160 0.005347746890038252
153 240 0.00673871161416173
153 320 0.004868183750659227
153 400 0.005846936255693436
154 0 0.0031883539631962776
154 80 0.003129187971353531
154 160 0.0034797012340277433
154 240 0.008725245483219624
154 320 0.008205764926970005
154 400 0.00447995075955987
155 0 0.0017463441472500563
155 80 0.0022306302562355995
155 160 0.005686673801392317
155 240 0.0035608187317848206
155 320 0.013194847851991653
155 400 0.0020655442494899035
156 0 0.009758193977177143
156 80 0.003583278739824891
156 160 0.006377855781465769
156 240 0.0062986998818814754
156 320 0.003491233568638563
156 400 0.005960447713732719
157 0 0.002371274633333087
157 80 0.01026147324591875
157 160 0.004244224634021521
157 240 0.004368555266410112
157 320 0.005836969241499901
157 400 0.004620470106601715
158 0 0.004199821501970291
158 80 0.004360869061201811
158 160 0.002386392094194889
158 240 0.004274087026715279
158 320 0.008381632156670094
158 400 0.003947853110730648
159 0 0.0032814929727464914
159 80 0.0019886631052941084
159 160 0.004414944443851709
159 240 0.0021729625295847654
159 320 0.0033314330503344536
159 400 0.0021025349851697683
160 0 0.0038385228253901005
160 80 0.004564396571367979
160 160 0.004942841827869415
160 240 0.00701660942286253
160 320 0.002790078055113554
160 400 0.003777743550017476
161 0 0.005020211450755596
161 80 0.003775014542043209
161 160 0.0016992728924378753
161 240 0.005235669668763876
161 320 0.005307858809828758
161 400 0.005384223535656929
162 0 0.005784365814179182
162 80 0.0033193998970091343
162 160 0.0039904555305838585
162 240 0.002831451827660203
162 320 0.008255318738520145
162 400 0.003222246188670397
163 0 0.006420589052140713
163 80 0.004663676023483276
163 160 0.003569871187210083
163 240 0.003397552762180567
163 320 0.0022143914829939604
163 400 0.0060766651295125484
164 0 0.003735132748261094
164 80 0.002044378314167261
164 160 0.007005511317402124
164 240 0.003531321417540312
164 320 0.005944158881902695
164 400 0.0019543503876775503
165 0 0.005354483611881733
165 80 0.007901856675744057
165 160 0.004884805995970964
165 240 0.002449250314384699
165 320 0.002193694468587637
165 400 0.00576752657070756
166 0 0.0029276423156261444
166 80 0.0078100585378706455
166 160 0.003526869462803006
166 240 0.00620498601347208
166 320 0.002433869056403637
166 400 0.005249731242656708
167 0 0.0073323058895766735
167 80 0.002313540317118168
167 160 0.002393890405073762
167 240 0.005270429886877537
167 320 0.006085616070777178
167 400 0.005492735654115677
168 0 0.009291059337556362
168 80 0.010812285356223583
168 160 0.006494254805147648
168 240 0.0043667983263731
168 320 0.0033666319213807583
168 400 0.004694705829024315
169 0 0.005474736914038658
169 80 0.0018277608323842287
169 160 0.005310961045324802
169 240 0.00287076598033309
169 320 0.003485089633613825
169 400 0.004153659101575613
170 0 0.004661915358155966
170 80 0.0030964408069849014
170 160 0.00368998060002923
170 240 0.005003359168767929
170 320 0.002935879398137331
170 400 0.005320561584085226
171 0 0.0039563728496432304
171 80 0.004272235091775656
171 160 0.004727328661829233
171 240 0.0036418898962438107
171 320 0.0023626498878002167
171 400 0.005874965339899063
172 0 0.004104001447558403
172 80 0.0062033385038375854
172 160 0.005211022682487965
172 240 0.0036261247005313635
172 320 0.005919311661273241
172 400 0.0038228014018386602
173 0 0.0034429007209837437
173 80 0.005265890620648861
173 160 0.005290796980261803
173 240 0.002541450783610344
173 320 0.0038352012634277344
173 400 0.0015757480869069695
174 0 0.006604926660656929
174 80 0.0037943460047245026
174 160 0.0032740181777626276
174 240 0.00338276126421988
174 320 0.007686319295316935
174 400 0.005135772749781609
175 0 0.0035985629074275494
175 80 0.0044508096762001514
175 160 0.0030727197881788015
175 240 0.0044678994454443455
175 320 0.007316236849874258
175 400 0.0029852124862372875
176 0 0.0038199990522116423
176 80 0.0027160977479070425
176 160 0.006842798553407192
176 240 0.0037097856402397156
176 320 0.00474130641669035
176 400 0.0029947927687317133
177 0 0.0011482882546260953
177 80 0.004376620519906282
177 160 0.00463918736204505
177 240 0.002820786787196994
177 320 0.002602052642032504
177 400 0.004135904833674431
178 0 0.003284529782831669
178 80 0.003794554155319929
178 160 0.006288330070674419
178 240 0.005111411213874817
178 320 0.005650926847010851
178 400 0.011651633307337761
179 0 0.002987672109156847
179 80 0.0035597572568804026
179 160 0.004055080469697714
179 240 0.0053504835814237595
179 320 0.0026484208647161722
179 400 0.0031054296996444464
180 0 0.004058582708239555
180 80 0.003171368734911084
180 160 0.004654764197766781
180 240 0.0035842752549797297
180 320 0.003679924178868532
180 400 0.004271341022104025
181 0 0.005270218942314386
181 80 0.0035703578032553196
181 160 0.004516508895903826
181 240 0.004193380009382963
181 320 0.002456294372677803
181 400 0.00516580231487751
182 0 0.007606120780110359
182 80 0.005490458104759455
182 160 0.00362964766100049
182 240 0.004542200360447168
182 320 0.0016777422279119492
182 400 0.003493394237011671
183 0 0.005070041865110397
183 80 0.0034043886698782444
183 160 0.00395169435068965
183 240 0.005710366647690535
183 320 0.005403537303209305
183 400 0.0031643714755773544
184 0 0.0031812668312340975
184 80 0.00532355485484004
184 160 0.0028480803593993187
184 240 0.003981356043368578
184 320 0.0030168232042342424
184 400 0.0035384437069296837
185 0 0.0020736660808324814
185 80 0.0029873650055378675
185 160 0.0020866969134658575
185 240 0.0046233623288571835
185 320 0.00654329638928175
185 400 0.004223497584462166
186 0 0.00569661520421505
186 80 0.004776790738105774
186 160 0.001996770966798067
186 240 0.0033266195096075535
186 320 0.005912533029913902
186 400 0.010983075015246868
187 0 0.0037976650055497885
187 80 0.0020692807156592607
187 160 0.004786437377333641
187 240 0.005138049833476543
187 320 0.0019566542468965054
187 400 0.004544769413769245
188 0 0.0032369515392929316
188 80 0.005189191084355116
188 160 0.0024108595680445433
188 240 0.006257152650505304
188 320 0.008273732848465443
188 400 0.0040445514023303986
189 0 0.00232901843264699
189 80 0.0022607978899031878
189 160 0.004894801881164312
189 240 0.0029158408287912607
189 320 0.0029426319524645805
189 400 0.005161341279745102
190 0 0.003946931101381779
190 80 0.00782215129584074
190 160 0.0026383649092167616
190 240 0.0034498164895921946
190 320 0.0027197145391255617
190 400 0.005781940184533596
191 0 0.004658774007111788
191 80 0.0027816735673695803
191 160 0.0037046712823212147
191 240 0.0027576489374041557
191 320 0.004552504979074001
191 400 0.0034421717282384634
192 0 0.0012676360784098506
192 80 0.0027548358775675297
192 160 0.0055756354704499245
192 240 0.0027312575839459896
192 320 0.0035144127905368805
192 400 0.0031886124052107334
193 0 0.003293862333521247
193 80 0.0045919353142380714
193 160 0.0022274143993854523
193 240 0.006519177928566933
193 320 0.002704321639612317
193 400 0.0043394798412919044
194 0 0.007601265795528889
194 80 0.003974721767008305
194 160 0.004530373029410839
194 240 0.004217430017888546
194 320 0.007887502200901508
194 400 0.005143871996551752
195 0 0.006786820013076067
195 80 0.0028371959924697876
195 160 0.0033829533495008945
195 240 0.004679997451603413
195 320 0.004274261184036732
195 400 0.0049480171874165535
196 0 0.0031530153937637806
196 80 0.002623758278787136
196 160 0.00461208913475275
196 240 0.004145956598222256
196 320 0.0019019623287022114
196 400 0.006959443911910057
197 0 0.00484580360352993
197 80 0.0024777292273938656
197 160 0.004685449413955212
197 240 0.0026849766727536917
197 320 0.0020322685595601797
197 400 0.003320837626233697
198 0 0.00205170176923275
198 80 0.0053530591540038586
198 160 0.004850425757467747
198 240 0.0019512227736413479
198 320 0.005244470667093992
198 400 0.00828844029456377
199 0 0.003304310841485858
199 80 0.002391210990026593
199 160 0.005925076548010111
199 240 0.004134767688810825
199 320 0.0024686974938958883
199 400 0.0023411607835441828
200 0 0.006019148044288158
200 80 0.002918088575825095
200 160 0.0025286104064434767
200 240 0.0028270618058741093
200 320 0.0022963040973991156
200 400 0.007662247866392136
201 0 0.002825315808877349
201 80 0.0010929509298875928
201 160 0.0021671857684850693
201 240 0.0032603072468191385
201 320 0.002875523641705513
201 400 0.0042212908156216145
202 0 0.0037372689694166183
202 80 0.002261278685182333
202 160 0.0014789190609008074
202 240 0.00134827580768615
202 320 0.004583781585097313
202 400 0.00401072483509779
203 0 0.0032162447459995747
203 80 0.001551471184939146
203 160 0.0036083234008401632
203 240 0.011838128790259361
203 320 0.004244030918926001
203 400 0.006193261593580246
204 0 0.0031627032440155745
204 80 0.0026261871680617332
204 160 0.0024523651227355003
204 240 0.00451320968568325
204 320 0.0024238722398877144
204 400 0.001862164819613099
205 0 0.0022867489606142044
205 80 0.002338000573217869
205 160 0.002764051081612706
205 240 0.0038258221466094255
205 320 0.003709526965394616
205 400 0.00440203957259655
206 0 0.003691093996167183
206 80 0.0027105447370558977
206 160 0.00579117564484477
206 240 0.004150774329900742
206 320 0.003998076543211937
206 400 0.003426570678129792
207 0 0.0028012327384203672
207 80 0.0030039127450436354
207 160 0.0017618489218875766
207 240 0.002672122325748205
207 320 0.006884843111038208
207 400 0.003650869708508253
208 0 0.005224241875112057
208 80 0.0021124498452991247
208 160 0.003534157993271947
208 240 0.004315332509577274
208 320 0.004268997814506292
208 400 0.001572327339090407
209 0 0.0034851047676056623
209 80 0.0027531927917152643
209 160 0.003116932464763522
209 240 0.004152936860918999
209 320 0.00425935722887516
209 400 0.0008767082472331822
210 0 0.0030055460520088673
210 80 0.005425779148936272
210 160 0.0025769637431949377
210 240 0.0037148466799408197
210 320 0.006561179179698229
210 400 0.003506506560370326
211 0 0.0033733597956597805
211 80 0.005233086179941893
211 160 0.0020835320465266705
211 240 0.0026248886715620756
211 320 0.0028163848910480738
211 400 0.0033524977043271065
212 0 0.004472165368497372
212 80 0.002036324003711343
212 160 0.0029262015596032143
212 240 0.0014946237206459045
212 320 0.0028339307755231857
212 400 0.0026142189744859934
213 0 0.0044098058715462685
213 80 0.002570183714851737
213 160 0.002444202546030283
213 240 0.004932009149342775
213 320 0.005345442797988653
213 400 0.004021001048386097
214 0 0.003000108525156975
214 80 0.0021742829121649265
214 160 0.0032587354071438313
214 240 0.0017057252116501331
214 320 0.005180341191589832
214 400 0.0028112023137509823
215 0 0.0036136021371930838
215 80 0.004814192187041044
215 160 0.004485380370169878
215 240 0.002207644749432802
215 320 0.004615172278136015
215 400 0.003293631598353386
216 0 0.0030639448668807745
216 80 0.003947991877794266
216 160 0.0030852844938635826
216 240 0.0015397744718939066
216 320 0.0032367014791816473
216 400 0.00417710654437542
217 0 0.0013194697676226497
217 80 0.002264993730932474
217 160 0.002538022119551897
217 240 0.002593106124550104
217 320 0.0034268966410309076
217 400 0.003984966780990362
218 0 0.0031840032897889614
218 80 0.0020861111115664244
218 160 0.0021009594202041626
218 240 0.0013931591529399157
218 320 0.0025667576119303703
218 400 0.004006345756351948
219 0 0.002813138533383608
219 80 0.002210519975051284
219 160 0.002690328983590007
219 240 0.000938712852075696
219 320 0.0012299238005653024
219 400 0.002602525055408478
220 0 0.0030876360833644867
220 80 0.001351135317236185
220 160 0.0027455731760710478
220 240 0.0014020644593983889
220 320 0.003703268012031913
220 400 0.005788410548120737
221 0 0.002189063001424074
221 80 0.0026494693011045456
221 160 0.0038831899873912334
221 240 0.0030676284804940224
221 320 0.003773638978600502
221 400 0.0036619140300899744
222 0 0.00410452438518405
222 80 0.0022468508686870337
222 160 0.0031284098513424397
222 240 0.005413062404841185
222 320 0.004078980069607496
222 400 0.005508458241820335
223 0 0.0027155098505318165
223 80 0.002317975042387843
223 160 0.001351364073343575
223 240 0.0017666937783360481
223 320 0.002334869932383299
223 400 0.004490884020924568
224 0 0.0013050497509539127
224 80 0.0019119145581498742
224 160 0.004788856953382492
224 240 0.002415026305243373
224 320 0.0027006245218217373
224 400 0.0027079067658632994
225 0 0.002711836714297533
225 80 0.00156349444296211
225 160 0.0035437720362097025
225 240 0.0014284203061833978
225 320 0.0014885979471728206
225 400 0.003387793665751815
226 0 0.004835058934986591
226 80 0.0019089293200522661
226 160 0.001826801453717053
226 240 0.003291342407464981
226 320 0.004464794881641865
226 400 0.002980114659294486
227 0 0.004023658577352762
227 80 0.001947716111317277
227 160 0.0016582044772803783
227 240 0.002376286080107093
227 320 0.0032402193173766136
227 400 0.0020360129419714212
228 0 0.002600876847282052
228 80 0.003511495189741254
228 160 0.00292147952131927
228 240 0.0017032965552061796
228 320 0.002251105150207877
228 400 0.003185943001881242
229 0 0.0027145808562636375
229 80 0.0025926497764885426
229 160 0.002934204414486885
229 240 0.0023364266380667686
229 320 0.001808643457479775
229 400 0.0029734806157648563
230 0 0.003986988682299852
230 80 0.0017180939903482795
230 160 0.0036751502193510532
230 240 0.002078849356621504
230 320 0.0012840237468481064
230 400 0.0033234157599508762
231 0 0.005974899511784315
231 80 0.005307346116751432
231 160 0.0034491203259676695
231 240 0.0029275964479893446
231 320 0.0036624292843043804
231 400 0.003570207394659519
232 0 0.004520868882536888
232 80 0.004959361162036657
232 160 0.0036108882632106543
232 240 0.001564179197885096
232 320 0.004508073907345533
232 400 0.002175735542550683
233 0 0.0023542249109596014
233 80 0.0035629025660455227
233 160 0.004140918143093586
233 240 0.003710004035383463
233 320 0.0033222269266843796
233 400 0.004066091496497393
234 0 0.0022872642148286104
234 80 0.002949206158518791
234 160 0.002049644012004137
234 240 0.001907495316118002
234 320 0.0024255469907075167
234 400 0.004440987017005682
235 0 0.002283790148794651
235 80 0.002751372754573822
235 160 0.003945557866245508
235 240 0.0018728049471974373
235 320 0.0033367059659212828
235 400 0.0023164134472608566
236 0 0.0021657724864780903
236 80 0.001527483924292028
236 160 0.0032700367737561464
236 240 0.0021145427599549294
236 320 0.0020399652421474457
236 400 0.0024898129049688578
237 0 0.0031635768245905638
237 80 0.0034838200081139803
237 160 0.0013144247932359576
237 240 0.0037602600641548634
237 320 0.0018595553701743484
237 400 0.004204974509775639
238 0 0.0032424945384263992
238 80 0.002491210587322712
238 160 0.002171924803406
238 240 0.0035071091260761023
238 320 0.0013830069219693542
238 400 0.0027521480806171894
239 0 0.005507888272404671
239 80 0.0022026109509170055
239 160 0.0027160090394318104
239 240 0.003142686327919364
239 320 0.003278519958257675
239 400 0.0017269940581172705
240 0 0.0021597999148070812
240 80 0.0031498088501393795
240 160 0.003233585972338915
240 240 0.003595610149204731
240 320 0.0020097645465284586
240 400 0.0036463935393840075
241 0 0.0034756057430058718
241 80 0.003028527833521366
241 160 0.0033634863793849945
241 240 0.0036684651859104633
241 320 0.002265230054035783
241 400 0.0022492269054055214
242 0 0.0012556990841403604
242 80 0.0021465488243848085
242 160 0.0023512225598096848
242 240 0.0023681006859987974
242 320 0.002155779395252466
242 400 0.0013413057895377278
243 0 0.0022774653043597937
243 80 0.0038929847069084644
243 160 0.005065092351287603
243 240 0.00464392825961113
243 320 0.002774113556370139
243 400 0.0034585841931402683
244 0 0.0010671616764739156
244 80 0.005537261255085468
244 160 0.003004473401233554
244 240 0.0038583525456488132
244 320 0.0012333408230915666
244 400 0.0035132805351167917
245 0 0.002683105645701289
245 80 0.0016930438578128815
245 160 0.001945013995282352
245 240 0.0019759356509894133
245 320 0.002386904088780284
245 400 0.0024074201937764883
246 0 0.00213961792178452
246 80 0.004282691515982151
246 160 0.0038583695422858
246 240 0.0021095804404467344
246 320 0.003165951231494546
246 400 0.0017993598012253642
247 0 0.0016528954729437828
247 80 0.0038149498868733644
247 160 0.001375255873426795
247 240 0.005090746097266674
247 320 0.004844225011765957
247 400 0.0028156365733593702
248 0 0.0018674645107239485
248 80 0.003457646584138274
248 160 0.0035124982241541147
248 240 0.0029344861395657063
248 320 0.003695061197504401
248 400 0.002147277118638158
249 0 0.0024630881380289793
249 80 0.0025088568218052387
249 160 0.002864750102162361
249 240 0.0027826211880892515
249 320 0.0017881797393783927
249 400 0.0018073351820930839
250 0 0.002646279288455844
250 80 0.0017584330635145307
250 160 0.0011985966702923179
250 240 0.002998452167958021
250 320 0.0025870418176054955
250 400 0.0032267088536173105
251 0 0.003720836481079459
251 80 0.001336877467110753
251 160 0.0019285447197034955
251 240 0.0016668803291395307
251 320 0.0022828234359622
251 400 0.005611252039670944
252 0 0.003815240226686001
252 80 0.004535860847681761
252 160 0.0013714026426896453
252 240 0.0030967581551522017
252 320 0.002716218354180455
252 400 0.00230363174341619
253 0 0.0018703282112255692
253 80 0.0035491588059812784
253 160 0.002560760360211134
253 240 0.001782537903636694
253 320 0.0025846411008387804
253 400 0.001985847717151046
254 0 0.001476954435929656
254 80 0.003018622985109687
254 160 0.004051808267831802
254 240 0.0037568460684269667
254 320 0.0020868186838924885
254 400 0.0015947308856993914
255 0 0.0029582835268229246
255 80 0.0016833995468914509
255 160 0.003291928209364414
255 240 0.004494147375226021
255 320 0.005279821343719959
255 400 0.004047454800456762
256 0 0.0022774096578359604
256 80 0.002799787325784564
256 160 0.0007981042726896703
256 240 0.0032283139880746603
256 320 0.003422514069825411
256 400 0.0012806291924789548
257 0 0.005188254173845053
257 80 0.001772444462403655
257 160 0.0022808783687651157
257 240 0.003157633589580655
257 320 0.002778623951599002
257 400 0.0016877700109034777
258 0 0.003088798839598894
258 80 0.002376153599470854
258 160 0.0026003215461969376
258 240 0.00230353488586843
258 320 0.0021752454340457916
258 400 0.003518284298479557
259 0 0.003204685403034091
259 80 0.005819795653223991
259 160 0.0009694953914731741
259 240 0.003455981845036149
259 320 0.0018704296089708805
259 400 0.004364496562629938
260 0 0.0031489587854593992
260 80 0.0014921799302101135
260 160 0.001090005156584084
260 240 0.0033000048715621233
260 320 0.0009378119721077383
260 400 0.0028729175683110952
261 0 0.0016175342025235295
261 80 0.0020798114128410816
261 160 0.003008723258972168
261 240 0.00251582870259881
261 320 0.001621620380319655
261 400 0.003356578992679715
262 0 0.0027282098308205605
262 80 0.0016380727756768465
262 160 0.0021648649126291275
262 240 0.003787682857364416
262 320 0.002798903500661254
262 400 0.0018998869927600026
263 0 0.003548328997567296
263 80 0.004866974428296089
263 160 0.0021076276898384094
263 240 0.002020057290792465
263 320 0.003100848523899913
263 400 0.0022786534391343594
264 0 0.002007116097956896
264 80 0.0026755454018712044
264 160 0.0018394474172964692
264 240 0.00224282406270504
264 320 0.002899658167734742
264 400 0.0036528371274471283
265 0 0.002233971143141389
265 80 0.001832350972108543
265 160 0.0037981464993208647
265 240 0.00207660929299891
265 320 0.0025475644506514072
265 400 0.0012152509298175573
266 0 0.0013491890858858824
266 80 0.0018390532350167632
266 160 0.002520250156521797
266 240 0.0014192271046340466
266 320 0.003442941000685096
266 400 0.0027448018081486225
267 0 0.002006740774959326
267 80 0.003554451512172818
267 160 0.001458656624890864
267 240 0.005099670495837927
267 320 0.004040296655148268
267 400 0.002214389853179455
268 0 0.0007243389845825732
268 80 0.0032339065801352262
268 160 0.001803866820409894
268 240 0.0021367839071899652
268 320 0.004566765855997801
268 400 0.003927672281861305
269 0 0.0009121215553022921
269 80 0.0033999192528426647
269 160 0.004001691471785307
269 240 0.0024468714836984873
269 320 0.0019060502527281642
269 400 0.0035275514237582684
270 0 0.0015284584369510412
270 80 0.0019979379139840603
270 160 0.0017987900646403432
270 240 0.002733514178544283
270 320 0.0026229273062199354
270 400 0.0013048071414232254
271 0 0.002198104513809085
271 80 0.0021012870129197836
271 160 0.0015213631559163332
271 240 0.00208268198184669
271 320 0.0015361467376351357
271 400 0.00391148729249835
272 0 0.0021442861761897802
272 80 0.0032251132652163506
272 160 0.0021404442377388477
272 240 0.0019252558704465628
272 320 0.0025760934222489595
272 400 0.002161707729101181
273 0 0.0016191324684768915
273 80 0.0031847988720983267
273 160 0.0027414034120738506
273 240 0.0019410292152315378
273 320 0.003366710152477026
273 400 0.0030199545435607433
274 0 0.004236339125782251
274 80 0.00247401837259531
274 160 0.002257057698443532
274 240 0.002891314448788762
274 320 0.0022246846929192543
274 400 0.0016742651350796223
275 0 0.002282383618876338
275 80 0.0009354631183668971
275 160 0.0020173194352537394
275 240 0.001747881411574781
275 320 0.002648735884577036
275 400 0.0028094470035284758
276 0 0.0033073285594582558
276 80 0.003080363618209958
276 160 0.0014909168239682913
276 240 0.0010273153893649578
276 320 0.003452605102211237
276 400 0.0024287772830575705
277 0 0.004799708724021912
277 80 0.001639504567719996
277 160 0.0012168592074885964
277 240 0.0025574425235390663
277 320 0.0023547529708594084
277 400 0.0023389419075101614
278 0 0.001491517759859562
278 80 0.0041669136844575405
278 160 0.0015196673339232802
278 240 0.002711418317630887
278 320 0.0022447470109909773
278 400 0.0027540328446775675
279 0 0.0016446794616058469
279 80 0.0018044138560071588
279 160 0.002520213136449456
279 240 0.0015404229052364826
279 320 0.0012307260185480118
279 400 0.0020701875910162926
280 0 0.002207883633673191
280 80 0.002484452212229371
280 160 0.001521837548352778
280 240 0.0018959434237331152
280 320 0.005385957658290863
280 400 0.0027832721825689077
281 0 0.002798133995383978
281 80 0.002369087189435959
281 160 0.0022549727000296116
281 240 0.0018372642807662487
281 320 0.0022257077507674694
281 400 0.0034470483660697937
282 0 0.001507196226157248
282 80 0.0009317054646089673
282 160 0.001613615546375513
282 240 0.0015488186618313193
282 320 0.004268508870154619
282 400 0.0011831921292468905
283 0 0.005879406817257404
283 80 0.003920580260455608
283 160 0.0016022840281948447
283 240 0.0024348946753889322
283 320 0.003288865089416504
283 400 0.0013065639650449157
284 0 0.002946321852505207
284 80 0.002004849724471569
284 160 0.0026653928216546774
284 240 0.0014116180827841163
284 320 0.001306645106524229
284 400 0.001974878367036581
285 0 0.0018454458331689239
285 80 0.0012161823688074946
285 160 0.004491685889661312
285 240 0.0020447473507374525
285 320 0.0044282833114266396
285 400 0.0020445233676582575
286 0 0.0012803614372387528
286 80 0.0012833256041631103
286 160 0.00193321134429425
286 240 0.001858389237895608
286 320 0.0013941620709374547
286 400 0.0017204892355948687
287 0 0.0016983067616820335
287 80 0.0037853592075407505
287 160 0.0019090501591563225
287 240 0.001488919835537672
287 320 0.0022010772954672575
287 400 0.0014941708650439978
288 0 0.0018171352567151189
288 80 0.002427047351375222
288 160 0.0030816032085567713
288 240 0.0019616871140897274
288 320 0.0023054901976138353
288 400 0.0022929334081709385
289 0 0.003304325044155121
289 80 0.0013204310089349747
289 160 0.0022249494213610888
289 240 0.0019984208047389984
289 320 0.0024214352015405893
289 400 0.002186714205890894
290 0 0.003618603805080056
290 80 0.0016988494899123907
290 160 0.00178601557854563
290 240 0.005591339431703091
290 320 0.002186303026974201
290 400 0.0013490421697497368
291 0 0.00227344804443419
291 80 0.0035791320260614157
291 160 0.0034431000240147114
291 240 0.0015239150961861014
291 320 0.0021480948198586702
291 400 0.003395681269466877
292 0 0.002774070715531707
292 80 0.0026516795624047518
292 160 0.003095292951911688
292 240 0.0021461467258632183
292 320 0.0023284777998924255
292 400 0.0020875497721135616
293 0 0.001964900176972151
293 80 0.001688233227469027
293 160 0.0029990386683493853
293 240 0.0012646678369492292
293 320 0.0025657680816948414
293 400 0.0019872889388352633
294 0 0.0036340849474072456
294 80 0.0013380760792642832
294 160 0.0017151093343272805
294 240 0.003157566301524639
294 320 0.0012396258534863591
294 400 0.001756396610289812
295 0 0.0010291228536516428
295 80 0.002207334851846099
295 160 0.0044438187032938
295 240 0.0033610498066991568
295 320 0.0018783585401251912
295 400 0.001345937023870647
296 0 0.00112961046397686
296 80 0.0029639373533427715
296 160 0.001894238404929638
296 240 0.003277209121733904
296 320 0.005517203826457262
296 400 0.0014626948395743966
297 0 0.0025538920890539885
297 80 0.004690955858677626
297 160 0.0026912859175354242
297 240 0.0023381332866847515
297 320 0.0013586122076958418
297 400 0.002702306257560849
298 0 0.0035169869661331177
298 80 0.0035370364785194397
298 160 0.0013403191696852446
298 240 0.0029327189549803734
298 320 0.0018844078294932842
298 400 0.0013732410734519362
299 0 0.0019156787311658263
299 80 0.0016698914114385843
299 160 0.002481806557625532
299 240 0.0018000429263338447
299 320 0.0023209620267152786
299 400 0.003574809990823269
300 0 0.0011553306831046939
300 80 0.0006916302372701466
300 160 0.0013304512249305844
300 240 0.001230721827596426
300 320 0.002069006208330393
300 400 0.00046151873539201915
