1 0.4150429640624569 0.8775166666666666
2 0.2489050203390213 0.9284333333333333
3 0.20974193648425246 0.9407666666666666
4 0.18563842323860888 0.9479166666666666
5 0.16792561989952762 0.9525166666666667
6 0.15419058106156555 0.9563333333333334
7 0.14313533963329755 0.9601
8 0.1337633324441498 0.9625833333333333
9 0.1253663466047885 0.96545
10 0.1182496659854836 0.9671333333333333
11 0.11180626996544632 0.9697
12 0.10598865981454025 0.97105
13 0.10092542387608654 0.9724333333333334
14 0.09604836637769808 0.9734
15 0.09169512704364273 0.9751833333333333
16 0.08779577491109941 0.9759833333333333
17 0.08435689338615962 0.9773833333333334
18 0.08075972670303987 0.9780833333333333
19 0.07777531610241831 0.9793666666666667
20 0.07458809879757385 0.9802
21 0.07158359572259602 0.9811333333333333
22 0.06921821754020668 0.98155
23 0.06684344008898557 0.9824333333333334
24 0.06432275858912259 0.98315
25 0.06216182474340838 0.98395
26 0.05994636323978143 0.98465
27 0.05797165784357326 0.9853
28 0.05618006365099695 0.9859166666666667
29 0.05421888802859829 0.9865333333333334
30 0.05252396120930086 0.9871166666666666
31 0.05089480535530332 0.9875333333333334
32 0.049277489248321635 0.9880666666666666
33 0.04778122847903766 0.9886333333333334
34 0.04635227623500867 0.98915
35 0.0450431935495135 0.9894333333333334
36 0.04368533024878136 0.9901166666666666
37 0.042323653016295 0.9905666666666667
38 0.041099088747046396 0.9909166666666667
39 0.040078092753680655 0.9910666666666667
40 0.038803891842759876 0.9914166666666666
41 0.03774931538762696 0.9919
42 0.03664611742448515 0.9923833333333333
43 0.03573926024710827 0.9924833333333334
44 0.03471116966276026 0.9931333333333333
45 0.03370679625129299 0.9931833333333333
46 0.03287208151977771 0.9934166666666666
47 0.03195944832943713 0.9937166666666667
48 0.031215591790047344 0.9939
49 0.030336717911151997 0.9943
50 0.02947133631785033 0.9946
51 0.02876617699992587 0.9948833333333333
52 0.02799489700408188 0.9951333333333333
53 0.02731495363606033 0.9950833333333333
54 0.02667992750206577 0.9953166666666666
55 0.02597371490894636 0.9955166666666667
56 0.025327158690706245 0.9959333333333333
57 0.024710376439159357 0.99605
58 0.024068516454716988 0.9961166666666667
59 0.023549309787727686 0.99635
60 0.022943824380715645 0.99635
61 0.02241569365968487 0.9965166666666667
62 0.021875809926762066 0.9967333333333334
63 0.021402540325776917 0.997
64 0.020846393997910054 0.9971166666666667
65 0.020374093423170574 0.9973666666666666
66 0.01986621125642933 0.99735
67 0.019505372512211867 0.9974333333333333
68 0.01905277304089209 0.9976833333333334
69 0.01863345832947189 0.99765
70 0.018201124931830587 0.9978666666666667
71 0.017820252519128704 0.9978666666666667
72 0.017419016621172873 0.9978833333333333
73 0.017021916561456185 0.99805
74 0.01670209107362528 0.9982
75 0.016348761737719972 0.99825
76 0.015996805239302008 0.9983833333333333
77 0.015690856443436096 0.9983166666666666
78 0.01531752322002181 0.9984833333333333
79 0.015031288256809147 0.9986333333333334
80 0.014735375845761125 0.9987166666666667
81 0.014454412613628008 0.9986666666666667
82 0.01417634662723284 0.9988
83 0.013847266121813135 0.9990333333333333
84 0.01363699710908046 0.9988833333333333
85 0.013367874613121104 0.9989833333333333
86 0.013098724253439923 0.9989833333333333
87 0.012846456510997785 0.9991
88 0.012631620077400414 0.9990666666666667
89 0.01239498523421395 0.99915
90 0.012189488005099584 0.9991833333333333
91 0.011972827099656849 0.9992666666666666
92 0.011720990909060943 0.9993666666666666
93 0.011539313196043757 0.9993
94 0.011302509547661998 0.9993333333333333
95 0.011135422132178538 0.9994333333333333
96 0.010918175270443342 0.9993833333333333
97 0.010731609611174286 0.9994833333333333
98 0.010566858500281948 0.9994666666666666
99 0.010385493832284898 0.9995333333333334
100 0.010190532219334086 0.9996333333333334
101 0.01004529948721626 0.9996333333333334
102 0.009881478689386568 0.9995833333333334
103 0.009703001259629532 0.9997333333333334
104 0.009572760161282475 0.9997
105 0.009423521844529187 0.9996833333333334
106 0.009265025096661501 0.99975
107 0.009146346216912129 0.99975
108 0.008976936124876808 0.9997666666666667
109 0.008835473141547586 0.9997833333333334
110 0.00870822949001371 0.9998
111 0.008582128161963607 0.9998
112 0.008459040868544836 0.9998
113 0.00833937029556822 0.9998166666666667
114 0.008197428505204475 0.99985
115 0.008088897828803038 0.9998333333333334
116 0.007990186557924347 0.9998666666666667
117 0.00787299204029953 0.9998666666666667
118 0.007735615670641284 0.99985
119 0.007642575285719163 0.99985
120 0.007531492298206827 0.9998666666666667
121 0.007433555384815883 0.9999
122 0.007328870381836269 0.9998833333333333
123 0.007226988096346161 0.9999
124 0.007132031386400432 0.9999333333333333
125 0.00706100538184346 0.9999166666666667
126 0.006948397125500733 0.9999166666666667
127 0.006859221814899271 0.9999333333333333
128 0.00678877534815418 0.9999333333333333
129 0.006690280712040852 0.9999166666666667
130 0.00660668299230598 0.9999333333333333
131 0.006524043225460866 0.9999166666666667
132 0.006444531481222573 0.9999333333333333
133 0.006361247252311502 0.9999333333333333
134 0.006276993726346412 0.9999333333333333
135 0.006208712358458607 0.99995
136 0.006120025885970528 0.99995
137 0.0060533863126929766 0.9999666666666667
138 0.005981751020624439 0.99995
139 0.005910382779346886 0.9999666666666667
140 0.005841032768821102 0.9999666666666667
141 0.005780704214976334 0.99995
142 0.005716843400468259 0.9999666666666667
143 0.005645676244691666 0.9999666666666667
144 0.005588476482316105 0.99995
145 0.005515184141755072 0.99995
146 0.005459520634192266 0.9999666666666667
147 0.005405837174520881 0.9999666666666667
148 0.005337703123396791 0.9999666666666667
149 0.005282099562526337 0.9999666666666667
150 0.005222870279222663 0.9999666666666667
151 0.005165560017607963 0.9999666666666667
152 0.005111667988469392 0.9999833333333333
153 0.005061792794303265 0.9999666666666667
154 0.005003765491999066 0.9999833333333333
155 0.004950969677313225 0.9999833333333333
156 0.004908652437765445 0.9999666666666667
157 0.004842724550569029 0.9999833333333333
158 0.004803858466321297 0.9999666666666667
159 0.00475795163168832 0.9999833333333333
160 0.004708488614780943 0.9999833333333333
161 0.004665212535452264 0.9999833333333333
162 0.004616460991032453 0.9999833333333333
163 0.004567290480032182 0.9999833333333333
164 0.004523681340935721 0.9999833333333333
165 0.004479704028206951 0.9999833333333333
166 0.004436428786497682 0.9999833333333333
167 0.004395671493645861 0.9999833333333333
168 0.004352690181635352 0.9999833333333333
169 0.004309830015901524 0.9999833333333333
170 0.00427514417886313 0.9999833333333333
171 0.004234096177343303 0.9999833333333333
172 0.004193582027571708 0.9999833333333333
173 0.004154166003797394 0.9999833333333333
174 0.004121005047124618 0.9999833333333333
175 0.00407932373682168 0.9999833333333333
176 0.004047394934684229 1.0
177 0.004009254477314476 0.9999833333333333
178 0.003978045371451429 0.9999833333333333
179 0.00393653191057151 0.9999833333333333
180 0.0039055981366251753 1.0
181 0.003865213079034472 1.0
182 0.00383649820706118 0.9999833333333333
183 0.003806692886172232 1.0
184 0.003768937880305379 1.0
185 0.0037437375108185194 1.0
186 0.0037100008518339746 1.0
187 0.003677816566095741 1.0
188 0.0036490774429989046 1.0
189 0.0036194316699290708 1.0
190 0.003586089769467664 1.0
191 0.0035547835942008285 1.0
192 0.0035318173630697245 1.0
193 0.0035077014234044085 1.0
194 0.003472298873327315 1.0
195 0.003451564798016411 1.0
196 0.0034246641733218976 1.0
197 0.0033950182487135694 1.0
198 0.003371523813218442 1.0
199 0.0033432246980888806 1.0
200 0.0033189731065247424 1.0
201 0.0032937462124645886 1.0
202 0.003268113303338803 1.0
203 0.00324357358112272 1.0
204 0.0032211889246992987 1.0
205 0.0031951674534978947 1.0
206 0.0031714074272436023 1.0
207 0.0031503298458134903 1.0
208 0.003128701101378925 1.0
209 0.003104031782225966 1.0
210 0.0030812774891597725 1.0
211 0.0030610392916141384 1.0
212 0.0030403193101278944 1.0
213 0.0030195466404073813 1.0
214 0.0029978557221238007 1.0
215 0.002972581748739441 1.0
216 0.0029536896071998453 1.0
217 0.002932418904293066 1.0
218 0.002911731583882433 1.0
219 0.002894779726707025 1.0
220 0.002874410422796856 1.0
221 0.0028507577545537764 1.0
222 0.0028351328036845176 1.0
223 0.0028159216762200664 1.0
224 0.0027997904855049036 1.0
225 0.0027806189439660593 1.0
226 0.0027575777773596426 1.0
227 0.0027455286731494707 1.0
228 0.0027263486424762844 1.0
229 0.002708628089966447 1.0
230 0.0026902745369631153 1.0
231 0.002673605080025751 1.0
232 0.0026546040519343206 1.0
233 0.0026411612541464443 1.0
234 0.0026191850891585018 1.0
235 0.002604198491405338 1.0
236 0.002587484233682034 1.0
237 0.0025770941005547102 1.0
238 0.002555907876263045 1.0
239 0.00254433305570677 1.0
240 0.002525713044910757 1.0
241 0.002511095995185718 1.0
242 0.0024978958248003903 1.0
243 0.0024810922400368605 1.0
244 0.002466998097778701 1.0
245 0.0024529776304090486 1.0
246 0.002436685340994322 1.0
247 0.0024233333809774863 1.0
248 0.002407537870429782 1.0
249 0.0023913203333658394 1.0
250 0.0023817867090278216 1.0
251 0.0023684511165956716 1.0
252 0.0023524742372441234 1.0
253 0.002338193597143957 1.0
254 0.0023261444138756183 1.0
255 0.0023132984356176276 1.0
256 0.0022985636188871048 1.0
257 0.0022867383128320025 1.0
258 0.0022748942288489684 1.0
259 0.0022572650936425235 1.0
260 0.002248122017514874 1.0
261 0.0022356871164032517 1.0
262 0.002224578772537978 1.0
263 0.0022120549551286756 1.0
264 0.0021989599855960227 1.0
265 0.0021883193360043886 1.0
266 0.002174121020029166 1.0
267 0.0021642010319165824 1.0
268 0.00215196068339578 1.0
269 0.00213869712685348 1.0
270 0.0021261161748396314 1.0
271 0.002116399861227816 1.0
272 0.0021075956418669457 1.0
273 0.002094250997709138 1.0
274 0.0020856372541688414 1.0
275 0.002075243514648744 1.0
276 0.002063734610421039 1.0
277 0.0020514662390691972 1.0
278 0.0020426518026504044 1.0
279 0.0020313253605128653 1.0
280 0.002020655239848837 1.0
281 0.0020099517678085375 1.0
282 0.00200007834247371 1.0
283 0.001991454117148539 1.0
284 0.0019808734126668523 1.0
285 0.0019704367680502917 1.0
286 0.0019601924618684262 1.0
287 0.0019509926885004037 1.0
288 0.0019425654249923077 1.0
289 0.0019311514869357136 1.0
290 0.0019213733248296442 1.0
291 0.0019125002402209563 1.0
292 0.0019036595067227764 1.0
293 0.001893791065155181 1.0
294 0.0018848428803770099 1.0
295 0.0018762213247853008 1.0
296 0.0018669125547176842 1.0
297 0.0018576886818887216 1.0
298 0.0018515449083933452 1.0
299 0.0018409238258219843 1.0
300 0.0018328218173527561 1.0
9999 0.0018081993330270052 1.0
