1 0 3.1328859329223633
1 80 0.3403869867324829
1 160 0.41663968563079834
1 240 0.3155675530433655
1 320 0.33314549922943115
1 400 0.2025160938501358
2 0 0.2040473073720932
2 80 0.2666776180267334
2 160 0.28693750500679016
2 240 0.32680654525756836
2 320 0.29757821559906006
2 400 0.32366979122161865
3 0 0.19250236451625824
3 80 0.1310475468635559
3 160 0.2583824396133423
3 240 0.2119474560022354
3 320 0.18254554271697998
3 400 0.18406152725219727
4 0 0.34338873624801636
4 80 0.2596748471260071
4 160 0.23600679636001587
4 240 0.16760286688804626
4 320 0.1452808827161789
4 400 0.2715376019477844
5 0 0.21783898770809174
5 80 0.2356242835521698
5 160 0.18056140840053558
5 240 0.27322933077812195
5 320 0.1502009779214859
5 400 0.09186045080423355
6 0 0.26800310611724854
6 80 0.12226670235395432
6 160 0.11760414391756058
6 240 0.10775880515575409
6 320 0.17723090946674347
6 400 0.13178607821464539
7 0 0.11399874836206436
7 80 0.1197335496544838
7 160 0.21339567005634308
7 240 0.20613855123519897
7 320 0.16220392286777496
7 400 0.13275156915187836
8 0 0.09639287739992142
8 80 0.1257336139678955
8 160 0.1608656495809555
8 240 0.07597708702087402
8 320 0.11425691843032837
8 400 0.1076127365231514
9 0 0.11348982155323029
9 80 0.09797661751508713
9 160 0.06243620067834854
9 240 0.048173777759075165
9 320 0.07621297240257263
9 400 0.14656518399715424
10 0 0.12540841102600098
10 80 0.2054246962070465
10 160 0.14547213912010193
10 240 0.11930341273546219
10 320 0.10665839165449142
10 400 0.1370086818933487
11 0 0.06387778371572495
11 80 0.14869427680969238
11 160 0.08412369340658188
11 240 0.11600728332996368
11 320 0.06264791637659073
11 400 0.19330711662769318
12 0 0.12903733551502228
12 80 0.13784915208816528
12 160 0.05139591917395592
12 240 0.1252932846546173
12 320 0.1367437094449997
12 400 0.24321934580802917
13 0 0.06715898960828781
13 80 0.11461371928453445
13 160 0.1217464804649353
13 240 0.10959696769714355
13 320 0.083617202937603
13 400 0.09586764127016068
14 0 0.06779634207487106
14 80 0.14323394000530243
14 160 0.06430838257074356
14 240 0.1259070485830307
14 320 0.09431543946266174
14 400 0.134688138961792
15 0 0.04998344928026199
15 80 0.0802522525191307
15 160 0.040660735219717026
15 240 0.06934082508087158
15 320 0.12959688901901245
15 400 0.10784216970205307
16 0 0.06281673163175583
16 80 0.11063045263290405
16 160 0.04429468885064125
16 240 0.1538192629814148
16 320 0.03347749635577202
16 400 0.07367706298828125
17 0 0.1018286794424057
17 80 0.046880654990673065
17 160 0.06452503055334091
17 240 0.0682998076081276
17 320 0.08200599998235703
17 400 0.10611377656459808
18 0 0.06614407151937485
18 80 0.08548006415367126
18 160 0.058775220066308975
18 240 0.07033398747444153
18 320 0.05367982015013695
18 400 0.0891195610165596
19 0 0.0559760183095932
19 80 0.11657704412937164
19 160 0.10875269025564194
19 240 0.10351458936929703
19 320 0.07145198434591293
19 400 0.17668750882148743
20 0 0.13247531652450562
20 80 0.09067074954509735
20 160 0.04991148039698601
20 240 0.07171779125928879
20 320 0.0323619470000267
20 400 0.09614400565624237
21 0 0.05074744299054146
21 80 0.03932877629995346
21 160 0.06226453185081482
21 240 0.06830143183469772
21 320 0.0657145157456398
21 400 0.043540384620428085
22 0 0.06286383420228958
22 80 0.078639917075634
22 160 0.09621744602918625
22 240 0.060234177857637405
22 320 0.04079502820968628
22 400 0.09703914821147919
23 0 0.08924610912799835
23 80 0.05383924022316933
23 160 0.04753590375185013
23 240 0.027629490941762924
23 320 0.06754694133996964
23 400 0.07278729230165482
24 0 0.047093842178583145
24 80 0.05082384869456291
24 160 0.0685911774635315
24 240 0.1131233274936676
24 320 0.055624671280384064
24 400 0.06384272873401642
25 0 0.08574988692998886
25 80 0.026165813207626343
25 160 0.061522431671619415
25 240 0.07160839438438416
25 320 0.05611284077167511
25 400 0.08925209194421768
26 0 0.03192589804530144
26 80 0.04574728012084961
26 160 0.043530143797397614
26 240 0.07234640419483185
26 320 0.06807895749807358
26 400 0.09543030709028244
27 0 0.06074691191315651
27 80 0.0729689821600914
27 160 0.09553031623363495
27 240 0.08140170574188232
27 320 0.08577576279640198
27 400 0.034972041845321655
28 0 0.05738290026783943
28 80 0.11276058107614517
28 160 0.08344899863004684
28 240 0.11422593891620636
28 320 0.056810278445482254
28 400 0.11189042776823044
29 0 0.03643258661031723
29 80 0.059130508452653885
29 160 0.1087554395198822
29 240 0.028324099257588387
29 320 0.05299869552254677
29 400 0.07964558154344559
30 0 0.046475812792778015
30 80 0.02285315841436386
30 160 0.059420276433229446
30 240 0.04685155302286148
30 320 0.020481066778302193
30 400 0.0700606033205986
31 0 0.09365640580654144
31 80 0.03427959606051445
31 160 0.04184204339981079
31 240 0.02772771567106247
31 320 0.028862962499260902
31 400 0.07437430322170258
32 0 0.13909777998924255
32 80 0.0326542966067791
32 160 0.04484086483716965
32 240 0.08022717386484146
32 320 0.06558569520711899
32 400 0.06377137452363968
33 0 0.04233064502477646
33 80 0.05198923125863075
33 160 0.042422883212566376
33 240 0.06416594982147217
33 320 0.020392844453454018
33 400 0.06209370866417885
34 0 0.04534599557518959
34 80 0.03977224603295326
34 160 0.10196393728256226
34 240 0.056712806224823
34 320 0.05919596552848816
34 400 0.18233507871627808
35 0 0.06706375628709793
35 80 0.05980823189020157
35 160 0.04737256467342377
35 240 0.03028952144086361
35 320 0.04427284747362137
35 400 0.024124396964907646
36 0 0.03596826270222664
36 80 0.027538932859897614
36 160 0.03956934064626694
36 240 0.05571407824754715
36 320 0.03436694294214249
36 400 0.08777318894863129
37 0 0.05839037895202637
37 80 0.05773254111409187
37 160 0.012637725099921227
37 240 0.036935459822416306
37 320 0.04057825356721878
37 400 0.05409586429595947
38 0 0.05462237820029259
38 80 0.09471061080694199
38 160 0.0285490769892931
38 240 0.0244284737855196
38 320 0.06995872408151627
38 400 0.07038736343383789
39 0 0.07381585240364075
39 80 0.04591543227434158
39 160 0.0521710030734539
39 240 0.04925457015633583
39 320 0.0386800654232502
39 400 0.0877174437046051
40 0 0.01564360037446022
40 80 0.03176582232117653
40 160 0.019493374973535538
40 240 0.03993329033255577
40 320 0.08853241801261902
40 400 0.03987910971045494
41 0 0.01823335886001587
41 80 0.06947916001081467
41 160 0.019163815304636955
41 240 0.04704799875617027
41 320 0.02546197734773159
41 400 0.025005606934428215
42 0 0.028956377878785133
42 80 0.021124621853232384
42 160 0.03378484770655632
42 240 0.043189339339733124
42 320 0.0233423113822937
42 400 0.03662160038948059
43 0 0.07290204614400864
43 80 0.040318455547094345
43 160 0.014568537473678589
43 240 0.01908889412879944
43 320 0.02407803013920784
43 400 0.03161441162228584
44 0 0.01862458512187004
44 80 0.03313944861292839
44 160 0.02836024947464466
44 240 0.04067624732851982
44 320 0.07202979177236557
44 400 0.03346696496009827
45 0 0.045452047139406204
45 80 0.05686800926923752
45 160 0.03001062385737896
45 240 0.02212798036634922
45 320 0.022277837619185448
45 400 0.0315241776406765
46 0 0.02281276509165764
46 80 0.03198574110865593
46 160 0.017929336056113243
46 240 0.047094233334064484
46 320 0.023839736357331276
46 400 0.018562398850917816
47 0 0.060416921973228455
47 80 0.016214895993471146
47 160 0.021980324760079384
47 240 0.016788890585303307
47 320 0.025440122932195663
47 400 0.04130938649177551
48 0 0.013556203804910183
48 80 0.014295732602477074
48 160 0.026131149381399155
48 240 0.024520672857761383
48 320 0.02732500061392784
48 400 0.015701614320278168
49 0 0.025073129683732986
49 80 0.028661001473665237
49 160 0.037121035158634186
49 240 0.0169683825224638
49 320 0.010682884603738785
49 400 0.02123519778251648
50 0 0.03326801583170891
50 80 0.007636794820427895
50 160 0.01898481510579586
50 240 0.0229491014033556
50 320 0.018007060512900352
50 400 0.03234991803765297
51 0 0.024506956338882446
51 80 0.016127102077007294
51 160 0.009312262758612633
51 240 0.021512798964977264
51 320 0.031292423605918884
51 400 0.03462882339954376
52 0 0.027092760428786278
52 80 0.07837557047605515
52 160 0.01793455332517624
52 240 0.010841825976967812
52 320 0.01921219751238823
52 400 0.02860732190310955
53 0 0.020201347768306732
53 80 0.031245442107319832
53 160 0.027271568775177002
53 240 0.026498638093471527
53 320 0.04226727783679962
53 400 0.03648780658841133
54 0 0.06653761863708496
54 80 0.02754388563334942
54 160 0.046223197132349014
54 240 0.02441265620291233
54 320 0.01881316863000393
54 400 0.04910272732377052
55 0 0.016270609572529793
55 80 0.026122169569134712
55 160 0.02766820602118969
55 240 0.03442123532295227
55 320 0.031147032976150513
55 400 0.05035025626420975
56 0 0.04309345409274101
56 80 0.017789695411920547
56 160 0.02286742627620697
56 240 0.03711337968707085
56 320 0.012624070048332214
56 400 0.008776203729212284
57 0 0.05837471783161163
57 80 0.029040958732366562
57 160 0.03271917998790741
57 240 0.01943991519510746
57 320 0.017330016940832138
57 400 0.01485633384436369
58 0 0.03344905748963356
58 80 0.018453778699040413
58 160 0.016443708911538124
58 240 0.013286898843944073
58 320 0.014900130219757557
58 400 0.02624937891960144
59 0 0.021831516176462173
59 80 0.019423572346568108
59 160 0.014864278957247734
59 240 0.025380952283740044
59 320 0.032002441585063934
59 400 0.012019620276987553
60 0 0.016512786969542503
60 80 0.019897520542144775
60 160 0.021844010800123215
60 240 0.017665445804595947
60 320 0.012649879790842533
60 400 0.010228252969682217
61 0 0.023966535925865173
61 80 0.04171671345829964
61 160 0.02947079762816429
61 240 0.020580563694238663
61 320 0.011978261172771454
61 400 0.008071237243711948
62 0 0.041093915700912476
62 80 0.00868088100105524
62 160 0.04842815920710564
62 240 0.012390268966555595
62 320 0.019060641527175903
62 400 0.012888133525848389
63 0 0.022918103262782097
63 80 0.01888117380440235
63 160 0.016668720170855522
63 240 0.01586766541004181
63 320 0.012594823725521564
63 400 0.025225237011909485
64 0 0.01593555323779583
64 80 0.014273403212428093
64 160 0.01630394719541073
64 240 0.01673148199915886
64 320 0.025331877171993256
64 400 0.018933234736323357
65 0 0.006878735031932592
65 80 0.03364739567041397
65 160 0.03793592005968094
65 240 0.01281091757118702
65 320 0.02395731210708618
65 400 0.019788533449172974
66 0 0.015140373259782791
66 80 0.01009105984121561
66 160 0.009055428206920624
66 240 0.01079485472291708
66 320 0.01598285883665085
66 400 0.036405298858881
67 0 0.02919260784983635
67 80 0.03978545218706131
67 160 0.02126673050224781
67 240 0.020549513399600983
67 320 0.024972975254058838
67 400 0.017612140625715256
68 0 0.01898820325732231
68 80 0.012876997701823711
68 160 0.010693995282053947
68 240 0.012866208329796791
68 320 0.014330998063087463
68 400 0.009360474534332752
69 0 0.014399953186511993
69 80 0.016353067010641098
69 160 0.011919411830604076
69 240 0.017357515171170235
69 320 0.019399994984269142
69 400 0.020394647493958473
70 0 0.023056896403431892
70 80 0.009892120026051998
70 160 0.011316929012537003
70 240 0.01107262633740902
70 320 0.009694015607237816
70 400 0.014778698794543743
71 0 0.017555885016918182
71 80 0.010114847682416439
71 160 0.0142509238794446
71 240 0.02185300551354885
71 320 0.016623642295598984
71 400 0.006840731017291546
72 0 0.011028947308659554
72 80 0.01712619513273239
72 160 0.01434421632438898
72 240 0.011015580035746098
72 320 0.02169458568096161
72 400 0.014716250821948051
73 0 0.013539942912757397
73 80 0.013571985997259617
73 160 0.011160394176840782
73 240 0.0172796119004488
73 320 0.02406023070216179
73 400 0.01187608577311039
74 0 0.02091897279024124
74 80 0.013839785940945148
74 160 0.0192361269146204
74 240 0.015116667374968529
74 320 0.011732692830264568
74 400 0.016294484958052635
75 0 0.013955817557871342
75 80 0.014606250450015068
75 160 0.007851984351873398
75 240 0.02353671006858349
75 320 0.01195036992430687
75 400 0.019674794748425484
76 0 0.008712902665138245
76 80 0.009480582550168037
76 160 0.01014806143939495
76 240 0.009828196838498116
76 320 0.011292786337435246
76 400 0.01339470874518156
77 0 0.012957778759300709
77 80 0.018856106325984
77 160 0.012236034497618675
77 240 0.03038092330098152
77 320 0.010896671563386917
77 400 0.023799950256943703
78 0 0.015222647227346897
78 80 0.007491733878850937
78 160 0.028044864535331726
78 240 0.007467271760106087
78 320 0.006106091663241386
78 400 0.01343822292983532
79 0 0.014167029410600662
79 80 0.009285498410463333
79 160 0.015354624949395657
79 240 0.005295711103826761
79 320 0.01852514035999775
79 400 0.011883125640451908
80 0 0.024046991020441055
80 80 0.008703275583684444
80 160 0.01204343605786562
80 240 0.014552421867847443
80 320 0.010579762049019337
80 400 0.0059938980266451836
81 0 0.007806302048265934
81 80 0.012271447107195854
81 160 0.008818593807518482
81 240 0.006588808260858059
81 320 0.011828545480966568
81 400 0.015461561270058155
82 0 0.00894631166011095
82 80 0.0208042673766613
82 160 0.0177156925201416
82 240 0.0068405489437282085
82 320 0.013511424884200096
82 400 0.01316040474921465
83 0 0.017737070098519325
83 80 0.010916930623352528
83 160 0.013742715120315552
83 240 0.00877233687788248
83 320 0.004181256052106619
83 400 0.012896796688437462
84 0 0.015527765266597271
84 80 0.010277487337589264
84 160 0.015036821365356445
84 240 0.019095459952950478
84 320 0.019244186580181122
84 400 0.019056526944041252
85 0 0.03031470626592636
85 80 0.01506066881120205
85 160 0.006783099379390478
85 240 0.010938053019344807
85 320 0.008787951432168484
85 400 0.011514374054968357
86 0 0.009166409261524677
86 80 0.02666638232767582
86 160 0.01681681163609028
86 240 0.006340238265693188
86 320 0.01653110422194004
86 400 0.006945613771677017
87 0 0.007168249227106571
87 80 0.01423138752579689
87 160 0.013920998200774193
87 240 0.006576772779226303
87 320 0.01587596908211708
87 400 0.009117639623582363
88 0 0.007644946686923504
88 80 0.010973735712468624
88 160 0.015227438881993294
88 240 0.009578574448823929
88 320 0.005642584525048733
88 400 0.02659646049141884
89 0 0.008665012195706367
89 80 0.00636347196996212
89 160 0.005292049143463373
89 240 0.007399975322186947
89 320 0.011949293315410614
89 400 0.013927632942795753
90 0 0.010792016051709652
90 80 0.016475286334753036
90 160 0.009091989137232304
90 240 0.009916639886796474
90 320 0.009733300656080246
90 400 0.0099856061860919
91 0 0.007531329058110714
91 80 0.019571656361222267
91 160 0.02132430113852024
91 240 0.01009178813546896
91 320 0.013278229162096977
91 400 0.014476845040917397
92 0 0.014427064917981625
92 80 0.01598733477294445
92 160 0.016886871308088303
92 240 0.013303146697580814
92 320 0.007778395898640156
92 400 0.02626563422381878
93 0 0.007993183098733425
93 80 0.005210707429796457
93 160 0.010556411929428577
93 240 0.011437255889177322
93 320 0.007478253450244665
93 400 0.01333997119218111
94 0 0.011303363367915154
94 80 0.023101622238755226
94 160 0.016098691150546074
94 240 0.012264394201338291
94 320 0.014280348084867
94 400 0.008965759538114071
95 0 0.008346905931830406
95 80 0.005443347152322531
95 160 0.007911923341453075
95 240 0.010896140709519386
95 320 0.012756594456732273
95 400 0.011446130461990833
96 0 0.009176944382488728
96 80 0.012769053690135479
96 160 0.026313133537769318
96 240 0.012408475391566753
96 320 0.010638692416250706
96 400 0.009415318258106709
97 0 0.007672775536775589
97 80 0.010104338638484478
97 160 0.006499705836176872
97 240 0.007537130266427994
97 320 0.020386401563882828
97 400 0.011112511157989502
98 0 0.011260533705353737
98 80 0.009908314794301987
98 160 0.013900765217840672
98 240 0.008340371772646904
98 320 0.008397023193538189
98 400 0.007690531201660633
99 0 0.011420812457799911
99 80 0.014391699805855751
99 160 0.020267868414521217
99 240 0.011670532636344433
99 320 0.011198416352272034
99 400 0.027283575385808945
100 0 0.012026725336909294
100 80 0.004013906233012676
100 160 0.010265574790537357
100 240 0.007056975271552801
100 320 0.011803355067968369
100 400 0.00665420014411211
101 0 0.004602850880473852
101 80 0.009309547021985054
101 160 0.009059331379830837
101 240 0.013482131063938141
101 320 0.009410331957042217
101 400 0.01492955069988966
102 0 0.006808951031416655
102 80 0.017904672771692276
102 160 0.010971763171255589
102 240 0.006361236330121756
102 320 0.006221263203769922
102 400 0.010183698497712612
103 0 0.0054793464951217175
103 80 0.009751701727509499
103 160 0.008251569233834743
103 240 0.005296572111546993
103 320 0.005816349759697914
103 400 0.011855389922857285
104 0 0.006746224127709866
104 80 0.006700156722217798
104 160 0.00643097423017025
104 240 0.009357074275612831
104 320 0.010292379185557365
104 400 0.010045248083770275
105 0 0.00542790349572897
105 80 0.009084648452699184
105 160 0.01284739375114441
105 240 0.01674468070268631
105 320 0.010204958729445934
105 400 0.006193110719323158
106 0 0.00938826147466898
106 80 0.005364690441638231
106 160 0.011423630639910698
106 240 0.010779863223433495
106 320 0.010037117637693882
106 400 0.006430916953831911
107 0 0.011388245970010757
107 80 0.00455537810921669
107 160 0.0031630315352231264
107 240 0.005769927054643631
107 320 0.014672817662358284
107 400 0.007982328534126282
108 0 0.007194333244115114
108 80 0.008845919743180275
108 160 0.009602292440831661
108 240 0.01093319058418274
108 320 0.006441917736083269
108 400 0.005286006722599268
109 0 0.008076440542936325
109 80 0.004737210460007191
109 160 0.006448738276958466
109 240 0.006816161330789328
109 320 0.003955199383199215
109 400 0.006600668653845787
110 0 0.011353266425430775
110 80 0.009653693065047264
110 160 0.008697481825947762
110 240 0.007878459058701992
110 320 0.010278575122356415
110 400 0.020898498594760895
111 0 0.005642039701342583
111 80 0.0161414947360754
111 160 0.01156601496040821
111 240 0.009161899797618389
111 320 0.008138549514114857
111 400 0.009540562517940998
112 0 0.0068495082668960094
112 80 0.003854650305584073
112 160 0.013270989060401917
112 240 0.009567100554704666
112 320 0.011544336564838886
112 400 0.003291110275313258
113 0 0.005363193806260824
113 80 0.003047593869268894
113 160 0.006525611039251089
113 240 0.0052954223938286304
113 320 0.00455115269869566
113 400 0.004594320431351662
114 0 0.005994526203721762
114 80 0.003952980972826481
114 160 0.011943907476961613
114 240 0.005560435354709625
114 320 0.006840269081294537
114 400 0.01027753483504057
115 0 0.008216829970479012
115 80 0.008089466951787472
115 160 0.0037191228475421667
115 240 0.0031302091665565968
115 320 0.005787767469882965
115 400 0.012536506168544292
116 0 0.004575390834361315
116 80 0.004638256970793009
116 160 0.007020329125225544
116 240 0.007485847920179367
116 320 0.009388362057507038
116 400 0.005250425543636084
117 0 0.0066835395991802216
117 80 0.01262475922703743
117 160 0.009160259738564491
117 240 0.010020365007221699
117 320 0.009747319854795933
117 400 0.0038793166168034077
118 0 0.009257825091481209
118 80 0.006185992155224085
118 160 0.006923764944076538
118 240 0.004776027984917164
118 320 0.014006037265062332
118 400 0.007576399948447943
119 0 0.0044878707267344
119 80 0.00899977795779705
119 160 0.007879061624407768
119 240 0.01011878065764904
119 320 0.012804240919649601
119 400 0.00869018118828535
120 0 0.004701701458543539
120 80 0.0070772054605185986
120 160 0.004383056424558163
120 240 0.00811096839606762
120 320 0.007287424523383379
120 400 0.009126806631684303
121 0 0.005877638701349497
121 80 0.00653187558054924
121 160 0.004790903069078922
121 240 0.013047641143202782
121 320 0.0031323409639298916
121 400 0.011028996668756008
122 0 0.010621748864650726
122 80 0.002491589868441224
122 160 0.010160161182284355
122 240 0.00534206535667181
122 320 0.008505203761160374
122 400 0.0024436956737190485
123 0 0.005067790392786264
123 80 0.01032289955765009
123 160 0.01109811570495367
123 240 0.00448387349024415
123 320 0.0062592606991529465
123 400 0.056413598358631134
124 0 0.008068351075053215
124 80 0.006818852387368679
124 160 0.00941601861268282
124 240 0.0049363356083631516
124 320 0.00958638358861208
124 400 0.009615969844162464
125 0 0.0047187525779008865
125 80 0.02032340131700039
125 160 0.005468131508678198
125 240 0.008343850262463093
125 320 0.007002703845500946
125 400 0.010595290921628475
126 0 0.010998960584402084
126 80 0.010181721299886703
126 160 0.00403968570753932
126 240 0.008756477385759354
126 320 0.0030959988944232464
126 400 0.007239772006869316
127 0 0.004285287111997604
127 80 0.011884904466569424
127 160 0.0036296979524195194
127 240 0.0097300810739398
127 320 0.009987849742174149
127 400 0.006403679493814707
128 0 0.004294021520763636
128 80 0.0032363005448132753
128 160 0.009698290377855301
128 240 0.00588059751316905
128 320 0.00591694563627243
128 400 0.005646576639264822
129 0 0.004782854113727808
129 80 0.005858317017555237
129 160 0.005934370681643486
129 240 0.007149619981646538
129 320 0.0061607277020812035
129 400 0.0038570906035602093
130 0 0.007470730692148209
130 80 0.0049599409103393555
130 160 0.003413749160245061
130 240 0.007916554808616638
130 320 0.005879503674805164
130 400 0.0050685228779911995
131 0 0.006350881420075893
131 80 0.002453406108543277
131 160 0.006489680614322424
131 240 0.00377062545157969
131 320 0.0022335718385875225
131 400 0.006383480969816446
132 0 0.0065476736053824425
132 80 0.006277548149228096
132 160 0.0066269864328205585
132 240 0.005151160527020693
132 320 0.006003423593938351
132 400 0.004249336197972298
133 0 0.0035066353157162666
133 80 0.009296625852584839
133 160 0.006959923077374697
133 240 0.006626605521887541
133 320 0.007730958983302116
133 400 0.009711682796478271
134 0 0.004518048372119665
134 80 0.008089512586593628
134 160 0.004913531709462404
134 240 0.007805349305272102
134 320 0.00623005535453558
134 400 0.005291339475661516
135 0 0.006492080632597208
135 80 0.004085536114871502
135 160 0.007458914071321487
135 240 0.0063088457100093365
135 320 0.0033491281792521477
135 400 0.0067424471490085125
136 0 0.005334311630576849
136 80 0.0031951419077813625
136 160 0.003966526594012976
136 240 0.00377055280841887
136 320 0.004739378113299608
136 400 0.007535780780017376
137 0 0.006837877444922924
137 80 0.004336456302553415
137 160 0.005045754369348288
137 240 0.0037391914520412683
137 320 0.005235371645539999
137 400 0.007288147229701281
138 0 0.00639532832428813
138 80 0.008244745433330536
138 160 0.005355083849281073
138 240 0.003716683480888605
138 320 0.00398098723962903
138 400 0.006171170622110367
139 0 0.004810042679309845
139 80 0.005380928050726652
139 160 0.0027381835971027613
139 240 0.007010468281805515
139 320 0.004673817660659552
139 400 0.006052098702639341
140 0 0.002630824688822031
140 80 0.009186320006847382
140 160 0.00935455784201622
140 240 0.004777480382472277
140 320 0.005057446658611298
140 400 0.009626479819417
141 0 0.0029478773940354586
141 80 0.005786466412246227
141 160 0.005074078682810068
141 240 0.004166617523878813
141 320 0.006293574348092079
141 400 0.0033063057344406843
142 0 0.0032527658622711897
142 80 0.0050546834245324135
142 160 0.005682989954948425
142 240 0.00435485877096653
142 320 0.0031408825889229774
142 400 0.004553366918116808
143 0 0.006245270371437073
143 80 0.004630369134247303
143 160 0.002313211327418685
143 240 0.006438740529119968
143 320 0.004659581463783979
143 400 0.03637351095676422
144 0 0.0022876192815601826
144 80 0.0034068534150719643
144 160 0.005966463591903448
144 240 0.00899590365588665
144 320 0.006371612660586834
144 400 0.007675583008676767
145 0 0.007018127012997866
145 80 0.005161202512681484
145 160 0.005013465881347656
145 240 0.004821222275495529
145 320 0.005673500243574381
145 400 0.008098606951534748
146 0 0.007319487165659666
146 80 0.004353500436991453
146 160 0.005125049035996199
146 240 0.003739037783816457
146 320 0.009602919220924377
146 400 0.0055082617327570915
147 0 0.00437015388160944
147 80 0.004165349993854761
147 160 0.00329496874473989
147 240 0.008693939074873924
147 320 0.005817083641886711
147 400 0.006315344013273716
148 0 0.005007629282772541
148 80 0.006657369434833527
148 160 0.005483238957822323
148 240 0.002640552818775177
148 320 0.004883692599833012
148 400 0.003025588346645236
149 0 0.005315249785780907
149 80 0.008249286562204361
149 160 0.00274505652487278
149 240 0.0025388794019818306
149 320 0.004581886809319258
149 400 0.0035910860169678926
150 0 0.001907868543639779
150 80 0.006967244204133749
150 160 0.005458536557853222
150 240 0.006556101143360138
150 320 0.0029830930288881063
150 400 0.005590774584561586
151 0 0.0067399777472019196
151 80 0.004729620646685362
151 160 0.004728341940790415
151 240 0.006106202490627766
151 320 0.006334572099149227
151 400 0.0040430789813399315
152 0 0.00738796079531312
152 80 0.0037080019246786833
152 160 0.00285321194678545
152 240 0.004221279174089432
152 320 0.0047551472671329975
152 400 0.004644398111850023
153 0 0.006381887476891279
153 80 0.002849789336323738
153 160 0.005415486637502909
153 240 0.0033879077527672052
153 320 0.004484129138290882
153 400 0.005107175558805466
154 0 0.006110541056841612
154 80 0.005291877780109644
154 160 0.006224822718650103
154 240 0.004373428877443075
154 320 0.006015324965119362
154 400 0.004032379947602749
155 0 0.0034949956461787224
155 80 0.00442061573266983
155 160 0.008637506514787674
155 240 0.005056523717939854
155 320 0.010997078381478786
155 400 0.0017920676618814468
156 0 0.003438518615439534
156 80 0.005031872075051069
156 160 0.004658150486648083
156 240 0.00940003339201212
156 320 0.0033007636666297913
156 400 0.005022269673645496
157 0 0.00668343435972929
157 80 0.007099813781678677
157 160 0.0023184334859251976
157 240 0.005861932411789894
157 320 0.0044739642180502415
157 400 0.0028239369858056307
158 0 0.004439293872565031
158 80 0.0050532459281384945
158 160 0.0038224197924137115
158 240 0.004135376773774624
158 320 0.003135314676910639
158 400 0.005616587586700916
159 0 0.0022000737953931093
159 80 0.004974760580807924
159 160 0.002139178803190589
159 240 0.0023804493248462677
159 320 0.005435572937130928
159 400 0.00598836550489068
160 0 0.004945625551044941
160 80 0.005132019054144621
160 160 0.002267728326842189
160 240 0.004355870187282562
160 320 0.004148097708821297
160 400 0.003965509124100208
161 0 0.004253298509865999
161 80 0.005215297918766737
161 160 0.0034129605628550053
161 240 0.0015789148164913058
161 320 0.003226208034902811
161 400 0.004835736937820911
162 0 0.003804425708949566
162 80 0.0063063278794288635
162 160 0.0030254297889769077
162 240 0.005697385873645544
162 320 0.0059805638156831264
162 400 0.005188428331166506
163 0 0.004868985619395971
163 80 0.0033567531500011683
163 160 0.00375619949772954
163 240 0.003389517543837428
163 320 0.003206942928954959
163 400 0.002559500280767679
164 0 0.003895009169355035
164 80 0.003211917355656624
164 160 0.0034479473251849413
164 240 0.003993266727775335
164 320 0.004953115247189999
164 400 0.0051380181685090065
165 0 0.0030063558369874954
165 80 0.0065538170747458935
165 160 0.004280742257833481
165 240 0.005006012972444296
165 320 0.0025897608138620853
165 400 0.004617707338184118
166 0 0.002302363747730851
166 80 0.003136310027912259
166 160 0.003079913090914488
166 240 0.005757645703852177
166 320 0.0028629146981984377
166 400 0.0021159884054213762
167 0 0.005957134999334812
167 80 0.0027450069319456816
167 160 0.003738691098988056
167 240 0.0049332198686897755
167 320 0.005342095158994198
167 400 0.008393790572881699
168 0 0.004455000162124634
168 80 0.005955321714282036
168 160 0.0036393487825989723
168 240 0.004975492134690285
168 320 0.004331033211201429
168 400 0.003498789621517062
169 0 0.0025679783429950476
169 80 0.005825744941830635
169 160 0.0038802188355475664
169 240 0.00497986888512969
169 320 0.003920102491974831
169 400 0.003003722056746483
170 0 0.003966009244322777
170 80 0.008080516941845417
170 160 0.003656006883829832
170 240 0.00622647674754262
170 320 0.006189211271703243
170 400 0.0056084259413182735
171 0 0.003492648247629404
171 80 0.0034350231289863586
171 160 0.004906622227281332
171 240 0.004618765786290169
171 320 0.0023389700800180435
171 400 0.0060293045826256275
172 0 0.0024065342731773853
172 80 0.0045835175551474094
172 160 0.008364437147974968
172 240 0.0029966665897518396
172 320 0.005275369621813297
172 400 0.0038632957730442286
173 0 0.003436378436163068
173 80 0.008404329419136047
173 160 0.005068741273134947
173 240 0.004488920792937279
173 320 0.0020924957934767008
173 400 0.0033343248069286346
174 0 0.004773968365043402
174 80 0.002342411084100604
174 160 0.004029028117656708
174 240 0.004772944841533899
174 320 0.0038294964469969273
174 400 0.0055557359009981155
175 0 0.002366611734032631
175 80 0.0036652572453022003
175 160 0.003309865016490221
175 240 0.00534860510379076
175 320 0.0025965499226003885
175 400 0.0032610499765723944
176 0 0.005109457299113274
176 80 0.005955280736088753
176 160 0.006137533579021692
176 240 0.004536015912890434
176 320 0.003747684648260474
176 400 0.0036534941755235195
177 0 0.006398589815944433
177 80 0.005899851210415363
177 160 0.006762305740267038
177 240 0.002938722027465701
177 320 0.003998324275016785
177 400 0.005859244614839554
178 0 0.002056728582829237
178 80 0.0054062968119978905
178 160 0.002688840962946415
178 240 0.0024308611173182726
178 320 0.0038800067268311977
178 400 0.00282859499566257
179 0 0.007534482516348362
179 80 0.006324830465018749
179 160 0.002695483388379216
179 240 0.002474017208442092
179 320 0.0028056863229721785
179 400 0.003782952670007944
180 0 0.002712499350309372
180 80 0.007633988745510578
180 160 0.003127673640847206
180 240 0.004582754336297512
180 320 0.0029874888714402914
180 400 0.0031246081925928593
181 0 0.005057407543063164
181 80 0.0032078044023364782
181 160 0.0034706639125943184
181 240 0.004242526367306709
181 320 0.006709269247949123
181 400 0.003717550076544285
182 0 0.004722634796053171
182 80 0.003464470151811838
182 160 0.002428304171189666
182 240 0.003704944858327508
182 320 0.006777870934456587
182 400 0.00180298020131886
183 0 0.002501030685380101
183 80 0.004124710336327553
183 160 0.004000834189355373
183 240 0.0030529997311532497
183 320 0.0026267829816788435
183 400 0.004761524964123964
184 0 0.004469799809157848
184 80 0.002592989709228277
184 160 0.003956974484026432
184 240 0.0033561193849891424
184 320 0.003668342251330614
184 400 0.0023667053319513798
185 0 0.0045849927701056
185 80 0.00461888313293457
185 160 0.004664002452045679
185 240 0.003995303995907307
185 320 0.00318790297023952
185 400 0.003643154166638851
186 0 0.004339695908129215
186 80 0.001569732092320919
186 160 0.00297333812341094
186 240 0.004801095928996801
186 320 0.005794181022793055
186 400 0.0018476481782272458
187 0 0.001606681034900248
187 80 0.003666989505290985
187 160 0.0033432517666369677
187 240 0.003952518571168184
187 320 0.004117789212614298
187 400 0.0032375992741435766
188 0 0.003897386835888028
188 80 0.0014444072730839252
188 160 0.002061920939013362
188 240 0.0024335766211152077
188 320 0.003238112898543477
188 400 0.0025038805324584246
189 0 0.005254446994513273
189 80 0.0035834794398397207
189 160 0.003042442025616765
189 240 0.0023671037051826715
189 320 0.003774076933041215
189 400 0.004075800068676472
190 0 0.0025603813119232655
190 80 0.0048323869705200195
190 160 0.007652772590517998
190 240 0.0031726460438221693
190 320 0.004758066963404417
190 400 0.004376542288810015
191 0 0.0041376459412276745
191 80 0.0035670266952365637
191 160 0.0009273928590118885
191 240 0.001978426706045866
191 320 0.003407767741009593
191 400 0.0021205884404480457
192 0 0.0023002123925834894
192 80 0.004460768774151802
192 160 0.004448292776942253
192 240 0.004288095515221357
192 320 0.0027004724834114313
192 400 0.002536746906116605
193 0 0.001875696238130331
193 80 0.003941867034882307
193 160 0.0025998891796916723
193 240 0.003467590780928731
193 320 0.0030688976403325796
193 400 0.004136452451348305
194 0 0.004798628389835358
194 80 0.006351970136165619
194 160 0.002032187068834901
194 240 0.0018417485989630222
194 320 0.003623662516474724
194 400 0.006868712604045868
195 0 0.003584484104067087
195 80 0.003976876847445965
195 160 0.0023713631089776754
195 240 0.004441125318408012
195 320 0.0048941634595394135
195 400 0.0040571060962975025
196 0 0.005946022924035788
196 80 0.004147480707615614
196 160 0.004003836773335934
196 240 0.0023232162930071354
196 320 0.003746041562408209
196 400 0.00345663633197546
197 0 0.004702432546764612
197 80 0.0036343559622764587
197 160 0.001759989419952035
197 240 0.0031773620285093784
197 320 0.003447914030402899
197 400 0.003961749840527773
198 0 0.002448298502713442
198 80 0.0020850379951298237
198 160 0.0046873572282493114
198 240 0.0016885495278984308
198 320 0.0029932952020317316
198 400 0.002374628558754921
199 0 0.003642758820205927
199 80 0.003920907154679298
199 160 0.0011828303104266524
199 240 0.002579663647338748
199 320 0.0029634153470396996
199 400 0.003223924897611141
200 0 0.0014548982726410031
200 80 0.0022059110924601555
200 160 0.004392219241708517
200 240 0.002157046226784587
200 320 0.0009240900981239974
200 400 0.00649326853454113
201 0 0.0022060428746044636
201 80 0.002303085755556822
201 160 0.00425728177651763
201 240 0.0022376198321580887
201 320 0.005646978039294481
201 400 0.0032467045821249485
202 0 0.004049146547913551
202 80 0.0032881416846066713
202 160 0.0035599800758063793
202 240 0.0033152855467051268
202 320 0.0025833959225565195
202 400 0.0033378885127604008
203 0 0.0014948084717616439
203 80 0.0024773073382675648
203 160 0.003595586633309722
203 240 0.0037531000562012196
203 320 0.0034273099154233932
203 400 0.003861368866637349
204 0 0.00311680999584496
204 80 0.0044732061214745045
204 160 0.002622408326715231
204 240 0.0027701775543391705
204 320 0.0032476347405463457
204 400 0.0029729208908975124
205 0 0.0056393928825855255
205 80 0.0018839173717424273
205 160 0.0022032561246305704
205 240 0.006845169235020876
205 320 0.0035391459241509438
205 400 0.003641000483185053
206 0 0.004317044280469418
206 80 0.0037389362696558237
206 160 0.0037737551610916853
206 240 0.006278846878558397
206 320 0.0027475019451230764
206 400 0.001971764024347067
207 0 0.002937799785286188
207 80 0.0026150932535529137
207 160 0.0034292282070964575
207 240 0.003097100416198373
207 320 0.0019334249664098024
207 400 0.0034062382765114307
208 0 0.004181277938187122
208 80 0.0044377450831234455
208 160 0.0016903679352253675
208 240 0.0036486240569502115
208 320 0.004271626938134432
208 400 0.0018502833554521203
209 0 0.002274095779284835
209 80 0.0020701189059764147
209 160 0.0011591218644753098
209 240 0.0017826096154749393
209 320 0.0021273947786539793
209 400 0.004141336306929588
210 0 0.0031857104040682316
210 80 0.003835545387119055
210 160 0.0006275266641750932
210 240 0.004030447453260422
210 320 0.00362403504550457
210 400 0.0029678295832127333
211 0 0.001594077330082655
211 80 0.002535491483286023
211 160 0.005580535624176264
211 240 0.0017101396806538105
211 320 0.002723743673413992
211 400 0.002910532522946596
212 0 0.0015280917286872864
212 80 0.0023733084090054035
212 160 0.0034266100265085697
212 240 0.002930060960352421
212 320 0.0016199935926124454
212 400 0.00354828336276114
213 0 0.002954980358481407
213 80 0.0035720907617360353
213 160 0.0065491157583892345
213 240 0.0035260487347841263
213 320 0.0012478386051952839
213 400 0.0032184396404772997
214 0 0.002640792401507497
214 80 0.002222689799964428
214 160 0.003086841432377696
214 240 0.0032889670692384243
214 320 0.0019561867229640484
214 400 0.0030772690661251545
215 0 0.002342834370210767
215 80 0.003800894832238555
215 160 0.002049545058980584
215 240 0.0027021297719329596
215 320 0.00308995321393013
215 400 0.0028916236478835344
216 0 0.0018837465904653072
216 80 0.0021502741146832705
216 160 0.0033248653635382652
216 240 0.005374878644943237
216 320 0.0036850725300610065
216 400 0.006037883460521698
217 0 0.004500274546444416
217 80 0.0023061903193593025
217 160 0.0015835724771022797
217 240 0.005113661289215088
217 320 0.001731066731736064
217 400 0.003057021414861083
218 0 0.003298153867945075
218 80 0.005783213302493095
218 160 0.001754364580847323
218 240 0.0020190714858472347
218 320 0.0025715515948832035
218 400 0.003572435351088643
219 0 0.0016314488602802157
219 80 0.002192179672420025
219 160 0.0006300913519226015
219 240 0.004057386890053749
219 320 0.0048348791897296906
219 400 0.0021515684202313423
220 0 0.0038233897648751736
220 80 0.004504395183175802
220 160 0.0040929908864200115
220 240 0.0019494227599352598
220 320 0.001441062893718481
220 400 0.002254704013466835
221 0 0.004197793081402779
221 80 0.002546313451603055
221 160 0.0008092573843896389
221 240 0.0023276510182768106
221 320 0.0028828817885369062
221 400 0.0020860624499619007
222 0 0.0013181025860831141
222 80 0.0028475001454353333
222 160 0.0013819864252582192
222 240 0.0027185590006411076
222 320 0.0027787010185420513
222 400 0.004320276901125908
223 0 0.0013071412686258554
223 80 0.0011353085283190012
223 160 0.0028020129539072514
223 240 0.0018432122888043523
223 320 0.0019371428061276674
223 400 0.0040387967601418495
224 0 0.001308842678554356
224 80 0.0033239226322621107
224 160 0.0044485353864729404
224 240 0.002121402183547616
224 320 0.0017743150237947702
224 400 0.003061591647565365
225 0 0.0033278698101639748
225 80 0.003430431941524148
225 160 0.0029664814937859774
225 240 0.0022058524191379547
225 320 0.003612128086388111
225 400 0.001499688602052629
226 0 0.003741652937605977
226 80 0.0036127506755292416
226 160 0.0033142701722681522
226 240 0.0018964492483064532
226 320 0.0027693931479007006
226 400 0.0024425152223557234
227 0 0.0027011914644390345
227 80 0.0017691414104774594
227 160 0.0023435286711901426
227 240 0.0023400953505188227
227 320 0.0012904839823022485
227 400 0.0021488957572728395
228 0 0.0024880848359316587
228 80 0.002025722526013851
228 160 0.002659823512658477
228 240 0.0025643366388976574
228 320 0.0017681247554719448
228 400 0.002191362204030156
229 0 0.0021539893932640553
229 80 0.002558664418756962
229 160 0.002211014274507761
229 240 0.004356621764600277
229 320 0.00310697453096509
229 400 0.002049223054200411
230 0 0.0028381524607539177
230 80 0.0011160887079313397
230 160 0.0032998169772326946
230 240 0.0009194551967084408
230 320 0.0019649346359074116
230 400 0.0024634150322526693
231 0 0.003000863827764988
231 80 0.004575655795633793
231 160 0.0027434544172137976
231 240 0.0020359335467219353
231 320 0.001530875451862812
231 400 0.002090317429974675
232 0 0.0026882910169661045
232 80 0.0015494280960410833
232 160 0.003753985743969679
232 240 0.0021789593156427145
232 320 0.001944171846844256
232 400 0.0025114696472883224
233 0 0.0019122028024867177
233 80 0.002188947284594178
233 160 0.002427245257422328
233 240 0.0033149870578199625
233 320 0.004533516243100166
233 400 0.0033173037227243185
234 0 0.00499506713822484
234 80 0.0027293164748698473
234 160 0.0018615270964801311
234 240 0.003538711927831173
234 320 0.0031152479350566864
234 400 0.0034332931973040104
235 0 0.0045606959611177444
235 80 0.001539759454317391
235 160 0.0031279923859983683
235 240 0.0026611327193677425
235 320 0.0028694465290755033
235 400 0.00292603624984622
236 0 0.0031277607195079327
236 80 0.001820262405090034
236 160 0.0030155095737427473
236 240 0.0011572130024433136
236 320 0.0024160435423254967
236 400 0.002454657107591629
237 0 0.0022897671442478895
237 80 0.0025678081437945366
237 160 0.002399622928351164
237 240 0.003451212542131543
237 320 0.005351359024643898
237 400 0.0020327328238636255
238 0 0.0031864449847489595
238 80 0.0024329060688614845
238 160 0.0027002652641385794
238 240 0.0012039962457492948
238 320 0.0018293695757165551
238 400 0.002393767237663269
239 0 0.0018650308484211564
239 80 0.0017132280627265573
239 160 0.002601681975647807
239 240 0.002500861417502165
239 320 0.003153001656755805
239 400 0.0016646396834403276
240 0 0.006440949626266956
240 80 0.0029616637621074915
240 160 0.002700583077967167
240 240 0.0014328184770420194
240 320 0.0029101495165377855
240 400 0.0021748088765889406
241 0 0.0019251757767051458
241 80 0.002379419980570674
241 160 0.0030430699698626995
241 240 0.004404179286211729
241 320 0.0016863764030858874
241 400 0.0009211415308527648
242 0 0.004790283739566803
242 80 0.0021400819532573223
242 160 0.0020191853400319815
242 240 0.0015607518143951893
242 320 0.0006755644571967423
242 400 0.0008666773792356253
243 0 0.0010628178715705872
243 80 0.0020915751811116934
243 160 0.0032768070232123137
243 240 0.0012220058124512434
243 320 0.0032068928703665733
243 400 0.0029337196610867977
244 0 0.00292589096352458
244 80 0.002910980489104986
244 160 0.003931425511837006
244 240 0.0018124087946489453
244 320 0.0031375917606055737
244 400 0.003809442510828376
245 0 0.0033367974683642387
245 80 0.0022391597740352154
245 160 0.0030848332680761814
245 240 0.002444448182359338
245 320 0.003071239683777094
245 400 0.0024583435151726007
246 0 0.0026639248244464397
246 80 0.0024130253586918116
246 160 0.00286561856046319
246 240 0.002188473241403699
246 320 0.0023460048250854015
246 400 0.002225944772362709
247 0 0.0039465101435780525
247 80 0.0009449304197914898
247 160 0.0007666250457987189
247 240 0.0038618091493844986
247 320 0.0014594560489058495
247 400 0.0020805050153285265
248 0 0.0028709564357995987
248 80 0.003827735548838973
248 160 0.0022778541315346956
248 240 0.0021577298175543547
248 320 0.003864395199343562
248 400 0.002267964882776141
249 0 0.00207259738817811
249 80 0.0013816386926919222
249 160 0.0024412693455815315
249 240 0.002820132067427039
249 320 0.002407229272648692
249 400 0.00382140651345253
250 0 0.0034880295861512423
250 80 0.003035009605810046
250 160 0.0017276693833991885
250 240 0.0010855841683223844
250 320 0.0020768563263118267
250 400 0.0013804432237520814
251 0 0.002145491074770689
251 80 0.002151360735297203
251 160 0.0024444586597383022
251 240 0.0024793019983917475
251 320 0.0016969398129731417
251 400 0.002515427302569151
252 0 0.00392538495361805
252 80 0.0030624736100435257
252 160 0.0029952903278172016
252 240 0.0020913241896778345
252 320 0.0021549442317336798
252 400 0.001155816251412034
253 0 0.002416964853182435
253 80 0.001492012175731361
253 160 0.0031635109335184097
253 240 0.0018999469466507435
253 320 0.001532863243483007
253 400 0.0018940537702292204
254 0 0.0011484345886856318
254 80 0.0018769865855574608
254 160 0.0025548478588461876
254 240 0.004547137301415205
254 320 0.0014360476052388549
254 400 0.0008780296193435788
255 0 0.0012969011440873146
255 80 0.003657342167571187
255 160 0.0013384971534833312
255 240 0.002537285443395376
255 320 0.0021040563005954027
255 400 0.0015180243644863367
256 0 0.0036129781510680914
256 80 0.0010432344861328602
256 160 0.001983856549486518
256 240 0.003680833149701357
256 320 0.0015010378556326032
256 400 0.0009359388495795429
257 0 0.002483603311702609
257 80 0.0020551129709929228
257 160 0.0023014002945274115
257 240 0.0015487495111301541
257 320 0.0033420638646930456
257 400 0.002104701939970255
258 0 0.0011650276137515903
258 80 0.0029573491774499416
258 160 0.0011734843719750643
258 240 0.001968568656593561
258 320 0.001814788207411766
258 400 0.002239047782495618
259 0 0.0028802305459976196
259 80 0.0019500174093991518
259 160 0.003295083763077855
259 240 0.0018669228302314878
259 320 0.0018300834344699979
259 400 0.0017950590699911118
260 0 0.0016091361176222563
260 80 0.0021537053398787975
260 160 0.0024301994126290083
260 240 0.0005604633479379117
260 320 0.0009656197507865727
260 400 0.004603057634085417
261 0 0.0018274637404829264
261 80 0.0016189813613891602
261 160 0.0018744884291663766
261 240 0.0012667101109400392
261 320 0.002148624276742339
261 400 0.0024377861991524696
262 0 0.0024360076058655977
262 80 0.0032910688314586878
262 160 0.002028834540396929
262 240 0.0011200278531759977
262 320 0.001357782632112503
262 400 0.0029715104028582573
263 0 0.001345579861663282
263 80 0.002674219198524952
263 160 0.0035278070718050003
263 240 0.001816699281334877
263 320 0.0018520297016948462
263 400 0.0023786197416484356
264 0 0.0015428046463057399
264 80 0.001994873397052288
264 160 0.0022997313644737005
264 240 0.001929089892655611
264 320 0.0022355851251631975
264 400 0.0015801655827090144
265 0 0.001065423246473074
265 80 0.0018656739266589284
265 160 0.0012471878435462713
265 240 0.002186853438615799
265 320 0.0015911876689642668
265 400 0.0029776343144476414
266 0 0.0022102477960288525
266 80 0.003974854946136475
266 160 0.0028529702685773373
266 240 0.001186118577606976
266 320 0.0021978109143674374
266 400 0.0019155582413077354
267 0 0.0010761348530650139
267 80 0.001723471563309431
267 160 0.001941078808158636
267 240 0.005373798776417971
267 320 0.00323897204361856
267 400 0.002226194366812706
268 0 0.0042131030932068825
268 80 0.00337497191503644
268 160 0.0014608929632231593
268 240 0.0022757365368306637
268 320 0.0007748522912152112
268 400 0.0014880261151120067
269 0 0.0020916666835546494
269 80 0.0013421060284599662
269 160 0.001169847440905869
269 240 0.0017038061050698161
269 320 0.002475237473845482
269 400 0.0015592208364978433
270 0 0.00194724858738482
270 80 0.0026277597062289715
270 160 0.0023228274658322334
270 240 0.0022372938692569733
270 320 0.0022361823357641697
270 400 0.0015438059344887733
271 0 0.0010927676921710372
271 80 0.0020084220450371504
271 160 0.001871392480097711
271 240 0.002621933352202177
271 320 0.0028674055356532335
271 400 0.0013167762663215399
272 0 0.0028249090537428856
272 80 0.0014020991511642933
272 160 0.0005720867193304002
272 240 0.0016443924978375435
272 320 0.0019834123086184263
272 400 0.0030009944457560778
273 0 0.001856770715676248
273 80 0.0027880356647074223
273 160 0.001740543870255351
273 240 0.0013724025338888168
273 320 0.0015985426725819707
273 400 0.001721980981528759
274 0 0.0010310534853488207
274 80 0.0011247486108914018
274 160 0.001963404705747962
274 240 0.0012430812930688262
274 320 0.0012483533937484026
274 400 0.0017200727015733719
275 0 0.0012872657971456647
275 80 0.001414366764947772
275 160 0.001920325681567192
275 240 0.002930043963715434
275 320 0.0028107897378504276
275 400 0.0018875712994486094
276 0 0.0016694823279976845
276 80 0.0020150872878730297
276 160 0.0008196093840524554
276 240 0.0021880471613258123
276 320 0.002864058129489422
276 400 0.0013810599921271205
277 0 0.002548864344134927
277 80 0.001770874485373497
277 160 0.0012267677811905742
277 240 0.0021464829333126545
277 320 0.001519271288998425
277 400 0.0025864429771900177
278 0 0.0015761255053803325
278 80 0.002238788176327944
278 160 0.0019239522516727448
278 240 0.0017636974807828665
278 320 0.0019725586753338575
278 400 0.0017054197378456593
279 0 0.001966542564332485
279 80 0.002098711673170328
279 160 0.0019304375164210796
279 240 0.002688678214326501
279 320 0.003095724154263735
279 400 0.0023617325350642204
280 0 0.001686369301751256
280 80 0.003387644188478589
280 160 0.0016955797327682376
280 240 0.0014399293577298522
280 320 0.002656166208907962
280 400 0.004635695368051529
281 0 0.0009014254319481552
281 80 0.001009839354082942
281 160 0.0027229459956288338
281 240 0.003172710770741105
281 320 0.0019504264928400517
281 400 0.0017283631023019552
282 0 0.001826163032092154
282 80 0.0017231960082426667
282 160 0.002895345678552985
282 240 0.0031501464545726776
282 320 0.001292482833378017
282 400 0.00234807631932199
283 0 0.0012595088919624686
283 80 0.0015515601262450218
283 160 0.0015410168562084436
283 240 0.0023181443102657795
283 320 0.001676778425462544
283 400 0.002050249371677637
284 0 0.0020085421856492758
284 80 0.0030625415965914726
284 160 0.002155897207558155
284 240 0.0016983950044959784
284 320 0.0011114112567156553
284 400 0.002517270389944315
285 0 0.0021301100496202707
285 80 0.0025449462700635195
285 160 0.0012148823589086533
285 240 0.0021445411257445812
285 320 0.0024669363629072905
285 400 0.0018425919115543365
286 0 0.002669618697836995
286 80 0.0015958411386236548
286 160 0.0015670218272134662
286 240 0.004146007355302572
286 320 0.0024409268517047167
286 400 0.002147494349628687
287 0 0.001921581570059061
287 80 0.001302966265939176
287 160 0.0011723088100552559
287 240 0.001658715307712555
287 320 0.0015973551198840141
287 400 0.002164968056604266
288 0 0.0014410128351300955
288 80 0.0015005534514784813
288 160 0.0020590624772012234
288 240 0.002916437340900302
288 320 0.0027768989093601704
288 400 0.003033656859770417
289 0 0.0034732769709080458
289 80 0.0021032097283750772
289 160 0.0014264453202486038
289 240 0.0017077435040846467
289 320 0.0013069889973849058
289 400 0.0027429715264588594
290 0 0.0032594341319054365
290 80 0.0022894993890076876
290 160 0.0024998977314680815
290 240 0.0020447697024792433
290 320 0.0016511705471202731
290 400 0.0022146522533148527
291 0 0.0018495942931622267
291 80 0.0021452850196510553
291 160 0.0016963379457592964
291 240 0.002406889572739601
291 320 0.0016555922338739038
291 400 0.0020369153935462236
292 0 0.0030888717155903578
292 80 0.0025393899995833635
292 160 0.001787195447832346
292 240 0.0016968530835583806
292 320 0.0025801430456340313
292 400 0.0019826090428978205
293 0 0.001850848668254912
293 80 0.0009433584637008607
293 160 0.0014296314911916852
293 240 0.0023785890080034733
293 320 0.0010004022624343634
293 400 0.0016961386427283287
294 0 0.0023751407861709595
294 80 0.0018801114056259394
294 160 0.0020617982372641563
294 240 0.001972699072211981
294 320 0.0014883893309161067
294 400 0.0015249932184815407
295 0 0.0015697188209742308
295 80 0.00194255739916116
295 160 0.002217639237642288
295 240 0.003271927358582616
295 320 0.0022263338323682547
295 400 0.001243911567144096
296 0 0.001986046088859439
296 80 0.0012383144348859787
296 160 0.0009994838619604707
296 240 0.0023706769570708275
296 320 0.0018417808460071683
296 400 0.0015298902289941907
297 0 0.0021329086739569902
297 80 0.0017713126726448536
297 160 0.0009007452172227204
297 240 0.0018839159747585654
297 320 0.0013043503277003765
297 400 0.002710216213017702
298 0 0.0017284334171563387
298 80 0.0012218005722388625
298 160 0.0017538690008223057
298 240 0.002147383987903595
298 320 0.0018715577898547053
298 400 0.001320436131209135
299 0 0.0018545021302998066
299 80 0.0011675877030938864
299 160 0.002801263704895973
299 240 0.003125543240457773
299 320 0.0012215201277285814
299 400 0.001898844842799008
300 0 0.002176336944103241
300 80 0.0019902880303561687
300 160 0.0018708546413108706
300 240 0.002625765511766076
300 320 0.0009948746301233768
300 400 0.0022483207285404205
