1 0.4824807339194995 0.8841
2 0.20675910311911913 0.93975
3 0.17283992686950322 0.95
4 0.15045351634369986 0.9572
5 0.13553837340460148 0.9612666666666667
6 0.1249502921369729 0.9639833333333333
7 0.11669395875130127 0.9658833333333333
8 0.10930673697037992 0.96885
9 0.10254093854110251 0.9709333333333333
10 0.09756401086301565 0.9718833333333333
11 0.09268181120504194 0.9738166666666667
12 0.08847415021487645 0.9742666666666666
13 0.08452829566480381 0.9764833333333334
14 0.08089235623174512 0.97685
15 0.0773250409630316 0.97865
16 0.07406624152398567 0.9789
17 0.07181029438750068 0.9794
18 0.06857647604620787 0.9808333333333333
19 0.06640736389357144 0.9814333333333334
20 0.06426174165422856 0.98175
21 0.06182461850511939 0.9824666666666667
22 0.06021759768268828 0.9829166666666667
23 0.05798664156283969 0.9839166666666667
24 0.05551623541520222 0.9842166666666666
25 0.053683226826841006 0.9849833333333333
26 0.05242544034722327 0.9857333333333334
27 0.05059637674100713 0.9863166666666666
28 0.0487514210384347 0.9868
29 0.04688173938475088 0.9876333333333334
30 0.046047831539993984 0.988
31 0.044485599402266776 0.9886833333333334
32 0.0429291814110919 0.98905
33 0.041487693631731624 0.9895833333333334
34 0.04030259324908892 0.9901333333333333
35 0.039225903927469684 0.99045
36 0.03822739557353164 0.99065
37 0.03698489083541132 0.99125
38 0.03558496608813879 0.9915833333333334
39 0.034770418946414805 0.9921
40 0.03359376335703234 0.9924833333333334
41 0.03299021831493197 0.9926666666666667
42 0.031625964133732164 0.9931166666666666
43 0.031103618351667167 0.9934166666666666
44 0.030213139738752517 0.9937
45 0.029332174992025978 0.9941166666666666
46 0.028433129053388132 0.9942666666666666
47 0.02754113769659133 0.9947833333333334
48 0.02685004285574436 0.9949666666666667
49 0.026167082206121704 0.9954
50 0.025441841040648568 0.99565
51 0.02464067900100592 0.9959166666666667
52 0.024138038603664397 0.9958166666666667
53 0.023323787157850735 0.9962833333333333
54 0.022824979063544446 0.9963833333333333
55 0.022141467233790138 0.9964666666666666
56 0.02166659152929558 0.9965
57 0.021132679459557477 0.99685
58 0.02057790407624993 0.9971
59 0.01993475051354498 0.9971833333333333
60 0.01953133597259106 0.9974
61 0.019051717519799848 0.9976166666666667
62 0.018642268347134915 0.99755
63 0.018138545542967312 0.9977833333333334
64 0.017669959719588697 0.9978166666666667
65 0.017261989131720782 0.9980333333333333
66 0.016838671692184358 0.9981666666666666
67 0.016423625304107504 0.9981666666666666
68 0.015982721040625054 0.9983333333333333
69 0.01573082970689609 0.9983666666666666
70 0.015358260886342541 0.99845
71 0.014979720260622277 0.9986666666666667
72 0.014655510994242326 0.9986333333333334
73 0.014296128084934724 0.9987833333333334
74 0.014083567813142085 0.9987333333333334
75 0.013671382492694107 0.9988666666666667
76 0.013330805548794393 0.9990333333333333
77 0.013147504418405261 0.9988333333333334
78 0.012829308041623596 0.9991833333333333
79 0.012533702383211045 0.99925
80 0.01227075021430008 0.99915
81 0.012048697529007186 0.99925
82 0.011757865702030438 0.9993166666666666
83 0.011556279673767307 0.99925
84 0.011308552772263442 0.9993666666666666
85 0.011048003987991002 0.99945
86 0.010904224833715826 0.9994833333333333
87 0.010686104814124816 0.9995166666666667
88 0.010487452204496081 0.9994333333333333
89 0.010244571151080798 0.9995833333333334
90 0.010074812083391905 0.9996
91 0.009884925807383396 0.9995666666666667
92 0.009736271322653221 0.9996833333333334
93 0.009498644821735016 0.9998
94 0.009377325784716842 0.9997166666666667
95 0.009171904833204965 0.9998
