1 0 3.2905006408691406
1 80 0.40593793988227844
1 160 0.3594629764556885
1 240 0.16112786531448364
1 320 0.32316669821739197
1 400 0.24673649668693542
2 0 0.26715534925460815
2 80 0.13904999196529388
2 160 0.3017503023147583
2 240 0.20947310328483582
2 320 0.12044022977352142
2 400 0.19061297178268433
3 0 0.17800560593605042
3 80 0.1542293131351471
3 160 0.10048148781061172
3 240 0.12245512753725052
3 320 0.1837131232023239
3 400 0.1412031054496765
4 0 0.22169174253940582
4 80 0.08387857675552368
4 160 0.14915971457958221
4 240 0.14565111696720123
4 320 0.2226933240890503
4 400 0.126235231757164
5 0 0.1277783066034317
5 80 0.17243510484695435
5 160 0.10120651870965958
5 240 0.14835062623023987
5 320 0.1880451887845993
5 400 0.07805617153644562
6 0 0.10188384354114532
6 80 0.10678525269031525
6 160 0.1935332864522934
6 240 0.07586923241615295
6 320 0.17063194513320923
6 400 0.1494140625
7 0 0.10117992013692856
7 80 0.11272219568490982
7 160 0.15185318887233734
7 240 0.17159749567508698
7 320 0.16657088696956635
7 400 0.0976320281624794
8 0 0.11207681149244308
8 80 0.15660205483436584
8 160 0.07931896299123764
8 240 0.07190854847431183
8 320 0.14710286259651184
8 400 0.12952682375907898
9 0 0.07174792140722275
9 80 0.21741190552711487
9 160 0.0949787050485611
9 240 0.1177777349948883
9 320 0.1113332137465477
9 400 0.08237951993942261
10 0 0.052976928651332855
10 80 0.09372825175523758
10 160 0.11027363687753677
10 240 0.10272369533777237
10 320 0.1194339171051979
10 400 0.09305514395236969
11 0 0.051514264196157455
11 80 0.031115040183067322
11 160 0.0683465227484703
11 240 0.11633890122175217
11 320 0.09177989512681961
11 400 0.0693114623427391
12 0 0.04440408945083618
12 80 0.048602525144815445
12 160 0.035285647958517075
12 240 0.0391475185751915
12 320 0.0999947264790535
12 400 0.06688201427459717
13 0 0.03424714505672455
13 80 0.07566425204277039
13 160 0.06153753772377968
13 240 0.03601549565792084
13 320 0.1154482290148735
13 400 0.07001000642776489
14 0 0.040870655328035355
14 80 0.07596831023693085
14 160 0.06290296465158463
14 240 0.20474815368652344
14 320 0.0551554299890995
14 400 0.07040327042341232
15 0 0.14670784771442413
15 80 0.10312961041927338
15 160 0.06519334763288498
15 240 0.023564325645565987
15 320 0.06702032685279846
15 400 0.0505731962621212
16 0 0.05033883824944496
16 80 0.04304943233728409
16 160 0.12214821577072144
16 240 0.06112707033753395
16 320 0.13201288878917694
16 400 0.06473469734191895
17 0 0.07764481008052826
17 80 0.04031205549836159
17 160 0.041141610592603683
17 240 0.11918086558580399
17 320 0.08965042233467102
17 400 0.06916927546262741
18 0 0.08221297711133957
18 80 0.054998140782117844
18 160 0.0853346437215805
18 240 0.020739583298563957
18 320 0.05823160335421562
18 400 0.06640569120645523
19 0 0.051783401519060135
19 80 0.04458075761795044
19 160 0.03865404054522514
19 240 0.06025862321257591
19 320 0.07187668234109879
19 400 0.04486299678683281
20 0 0.0829390361905098
20 80 0.06215793266892433
20 160 0.054119549691677094
20 240 0.08408217132091522
20 320 0.054863765835762024
20 400 0.04139890521764755
21 0 0.029070675373077393
21 80 0.08569229394197464
21 160 0.05050753429532051
21 240 0.03412600979208946
21 320 0.0416378527879715
21 400 0.015537077561020851
22 0 0.036832600831985474
22 80 0.030040472745895386
22 160 0.06416527926921844
22 240 0.04641984403133392
22 320 0.05437079071998596
22 400 0.05885888636112213
23 0 0.02362900786101818
23 80 0.0366223081946373
23 160 0.04179057478904724
23 240 0.036029864102602005
23 320 0.1404798924922943
23 400 0.06495179235935211
24 0 0.0655859038233757
24 80 0.10064195096492767
24 160 0.05373544618487358
24 240 0.0736217275261879
24 320 0.06582792848348618
24 400 0.031804099678993225
25 0 0.06349795311689377
25 80 0.06862641870975494
25 160 0.02868918515741825
25 240 0.06956993043422699
25 320 0.0740748792886734
25 400 0.035850368440151215
26 0 0.04909442737698555
26 80 0.05564769357442856
26 160 0.06877494603395462
26 240 0.02876332588493824
26 320 0.05611873418092728
26 400 0.08616845309734344
27 0 0.04702339693903923
27 80 0.06906820088624954
27 160 0.08307520300149918
27 240 0.05169834941625595
27 320 0.04806225374341011
27 400 0.05684651434421539
28 0 0.03082452155649662
28 80 0.08888482302427292
28 160 0.04889325797557831
28 240 0.09282588958740234
28 320 0.03579634428024292
28 400 0.08936621248722076
29 0 0.04424523934721947
29 80 0.0408194400370121
29 160 0.01810552552342415
29 240 0.08110182732343674
29 320 0.045202773064374924
29 400 0.0393846370279789
30 0 0.034308433532714844
30 80 0.014917286112904549
30 160 0.033922579139471054
30 240 0.04570409655570984
30 320 0.048394575715065
30 400 0.05019093304872513
31 0 0.0403427816927433
31 80 0.03855971246957779
31 160 0.015748966485261917
31 240 0.06483638286590576
31 320 0.04013003036379814
31 400 0.016996515914797783
32 0 0.04241256043314934
32 80 0.08923337608575821
32 160 0.029505010694265366
32 240 0.040043096989393234
32 320 0.032621435821056366
32 400 0.09219089895486832
33 0 0.05989692360162735
33 80 0.023327698931097984
33 160 0.019725525751709938
33 240 0.03421718627214432
33 320 0.0459493026137352
33 400 0.015411578118801117
34 0 0.05151757225394249
34 80 0.0452614463865757
34 160 0.02153966575860977
34 240 0.0612574964761734
34 320 0.025612907484173775
34 400 0.06880875676870346
35 0 0.02875766158103943
35 80 0.03466712683439255
35 160 0.026577014476060867
35 240 0.0341617576777935
35 320 0.053098369389772415
35 400 0.030962511897087097
36 0 0.05458363518118858
36 80 0.01791653037071228
36 160 0.029010109603405
36 240 0.033827707171440125
36 320 0.10434429347515106
36 400 0.030720582231879234
37 0 0.04684051126241684
37 80 0.03078027069568634
37 160 0.023450948297977448
37 240 0.05299445241689682
37 320 0.031800154596567154
37 400 0.022093309089541435
38 0 0.015466615557670593
38 80 0.02079712599515915
38 160 0.05478553846478462
38 240 0.03726176172494888
38 320 0.04032924398779869
38 400 0.022913720458745956
39 0 0.011044544167816639
39 80 0.06262127310037613
39 160 0.031099408864974976
39 240 0.027240775525569916
39 320 0.018694020807743073
39 400 0.015435407869517803
40 0 0.025405239313840866
40 80 0.023194914683699608
40 160 0.011905810795724392
40 240 0.03121550753712654
40 320 0.0478610061109066
40 400 0.045487258583307266
41 0 0.02403971180319786
41 80 0.044467534869909286
41 160 0.03459874168038368
41 240 0.010489098727703094
41 320 0.07644685357809067
41 400 0.0441037192940712
42 0 0.020727381110191345
42 80 0.015056201256811619
42 160 0.04916113615036011
42 240 0.045191243290901184
42 320 0.039936043322086334
42 400 0.0240683164447546
43 0 0.01949172280728817
43 80 0.01037683617323637
43 160 0.04367969185113907
43 240 0.023548118770122528
43 320 0.020057672634720802
43 400 0.05781354382634163
44 0 0.028296813368797302
44 80 0.02884785830974579
44 160 0.027101270854473114
44 240 0.026317689567804337
44 320 0.01469422597438097
44 400 0.01525090727955103
45 0 0.014599847607314587
45 80 0.030674736946821213
45 160 0.042071402072906494
45 240 0.0422416590154171
45 320 0.012464618310332298
45 400 0.040787406265735626
46 0 0.02534271962940693
46 80 0.023329736664891243
46 160 0.029492760077118874
46 240 0.0337558276951313
46 320 0.010561550036072731
46 400 0.030035123229026794
47 0 0.02620638906955719
47 80 0.032203346490859985
47 160 0.033533334732055664
47 240 0.05875912681221962
47 320 0.03760240226984024
47 400 0.025025073438882828
48 0 0.04018601030111313
48 80 0.016802586615085602
48 160 0.018264003098011017
48 240 0.025485510006546974
48 320 0.009531387127935886
48 400 0.023582149296998978
49 0 0.03691987320780754
49 80 0.03494659811258316
49 160 0.029732616618275642
49 240 0.032495152205228806
49 320 0.0175491850823164
49 400 0.02928164042532444
50 0 0.03180703520774841
50 80 0.02409364841878414
50 160 0.023919692263007164
50 240 0.01809775084257126
50 320 0.014128422364592552
50 400 0.032147228717803955
51 0 0.034214116632938385
51 80 0.018198871985077858
51 160 0.0169050395488739
51 240 0.020913315936923027
51 320 0.04252428933978081
51 400 0.019052354618906975
52 0 0.011831605806946754
52 80 0.034033507108688354
52 160 0.01665559783577919
52 240 0.023993834853172302
52 320 0.014007819816470146
52 400 0.029361780732870102
53 0 0.025179725140333176
53 80 0.02693590335547924
53 160 0.018604667857289314
53 240 0.010598357766866684
53 320 0.024193478748202324
53 400 0.025520477443933487
54 0 0.027051672339439392
54 80 0.03384345769882202
54 160 0.0172559916973114
54 240 0.03158531337976456
54 320 0.012489262968301773
54 400 0.02215748466551304
55 0 0.021153699606657028
55 80 0.010018068365752697
55 160 0.015756171196699142
55 240 0.013758812099695206
55 320 0.027524124830961227
55 400 0.026242047548294067
56 0 0.02379458397626877
56 80 0.009036244824528694
56 160 0.019575119018554688
56 240 0.024544207379221916
56 320 0.01604624092578888
56 400 0.012604043819010258
57 0 0.01704198680818081
57 80 0.03206879273056984
57 160 0.02248566970229149
57 240 0.022079162299633026
57 320 0.036446768790483475
57 400 0.01425131130963564
58 0 0.012214459478855133
58 80 0.024985065683722496
58 160 0.01731998659670353
58 240 0.05995148420333862
58 320 0.035677678883075714
58 400 0.018340731039643288
59 0 0.02260223589837551
59 80 0.014613404870033264
59 160 0.01706480234861374
59 240 0.022272935137152672
59 320 0.007180043961852789
59 400 0.02111782692372799
60 0 0.018265321850776672
60 80 0.010745924897491932
60 160 0.01947103999555111
60 240 0.013379952870309353
60 320 0.018772820010781288
60 400 0.02575996331870556
61 0 0.009175595827400684
61 80 0.018383771181106567
61 160 0.023899925872683525
61 240 0.03600688278675079
61 320 0.012854340486228466
61 400 0.019290652126073837
62 0 0.01751742698252201
62 80 0.026481622830033302
62 160 0.01676938310265541
62 240 0.015287104994058609
62 320 0.01142011396586895
62 400 0.03420267626643181
63 0 0.01696777530014515
63 80 0.007499496452510357
63 160 0.036395009607076645
63 240 0.012004685588181019
63 320 0.02006935514509678
63 400 0.0172050092369318
64 0 0.010907858610153198
64 80 0.017926475033164024
64 160 0.02588716708123684
64 240 0.023927342146635056
64 320 0.025529945269227028
64 400 0.011758900247514248
65 0 0.025146929547190666
65 80 0.022207166999578476
65 160 0.02055327594280243
65 240 0.0091896653175354
65 320 0.022824512794613838
65 400 0.029415255412459373
66 0 0.01115756668150425
66 80 0.016997087746858597
66 160 0.013212167657911777
66 240 0.015714002773165703
66 320 0.00871158018708229
66 400 0.009830535389482975
67 0 0.022176051512360573
67 80 0.024215402081608772
67 160 0.017525408416986465
67 240 0.011974812485277653
67 320 0.00905612763017416
67 400 0.0076685636304318905
68 0 0.018520798534154892
68 80 0.00805867649614811
68 160 0.02220219187438488
68 240 0.007572248578071594
68 320 0.009787292219698429
68 400 0.02160225436091423
69 0 0.011536017060279846
69 80 0.012341408059000969
69 160 0.019257036969065666
69 240 0.029177632182836533
69 320 0.02039891667664051
69 400 0.02678592875599861
70 0 0.0109866326674819
70 80 0.024720825254917145
70 160 0.010765209794044495
70 240 0.01214584894478321
70 320 0.013144627213478088
70 400 0.04520600661635399
71 0 0.007972627878189087
71 80 0.007821934297680855
71 160 0.012278753332793713
71 240 0.01590798795223236
71 320 0.011187320575118065
71 400 0.013985644094645977
72 0 0.008475673384964466
72 80 0.005546131171286106
72 160 0.010968181304633617
72 240 0.005631161853671074
72 320 0.016040224581956863
72 400 0.006249711848795414
73 0 0.01927528716623783
73 80 0.018920602276921272
73 160 0.014314193278551102
73 240 0.009324053302407265
73 320 0.013439279049634933
73 400 0.03365029767155647
74 0 0.005885010119527578
74 80 0.013052329421043396
74 160 0.013344536535441875
74 240 0.01709631457924843
74 320 0.018048008903861046
74 400 0.09006242454051971
75 0 0.017508970573544502
75 80 0.01897965930402279
75 160 0.017504747956991196
75 240 0.0076951696537435055
75 320 0.013439756818115711
75 400 0.011323527432978153
76 0 0.015810290351510048
76 80 0.010672246105968952
76 160 0.01139967329800129
76 240 0.009421423077583313
76 320 0.009142298251390457
76 400 0.022919030860066414
77 0 0.007909934967756271
77 80 0.013492054305970669
77 160 0.016570942476391792
77 240 0.021386444568634033
77 320 0.01568952389061451
77 400 0.013879953883588314
78 0 0.021608296781778336
78 80 0.007109754718840122
78 160 0.031352367252111435
78 240 0.011509101837873459
78 320 0.014131732285022736
78 400 0.01399110909551382
79 0 0.009011554531753063
79 80 0.011621890589594841
79 160 0.006286107003688812
79 240 0.008909926749765873
79 320 0.010901173576712608
79 400 0.014447389170527458
80 0 0.006617983337491751
80 80 0.01235895324498415
80 160 0.007604766171425581
80 240 0.008873024955391884
80 320 0.006615211255848408
80 400 0.010175010189414024
81 0 0.016027534380555153
81 80 0.015412530861794949
81 160 0.009815176017582417
81 240 0.017279649153351784
81 320 0.008349952287971973
81 400 0.007937721908092499
82 0 0.00959788542240858
82 80 0.009958254173398018
82 160 0.015831276774406433
82 240 0.010746327228844166
82 320 0.012599132023751736
82 400 0.030163049697875977
83 0 0.015397938899695873
83 80 0.020487546920776367
83 160 0.021578794345259666
83 240 0.007084944285452366
83 320 0.013596233911812305
83 400 0.008807631209492683
84 0 0.010203997604548931
84 80 0.006332201883196831
84 160 0.008113647811114788
84 240 0.007850397378206253
84 320 0.009499032981693745
84 400 0.007137758191674948
85 0 0.0073541309684515
85 80 0.011567559093236923
85 160 0.009523256681859493
85 240 0.01678755134344101
85 320 0.00932685099542141
85 400 0.03221671283245087
86 0 0.009611880406737328
86 80 0.011186541058123112
86 160 0.02145426720380783
86 240 0.005568395834416151
86 320 0.00455299811437726
86 400 0.014813660643994808
87 0 0.008740237914025784
87 80 0.017075739800930023
87 160 0.006445871666073799
87 240 0.013642675243318081
87 320 0.009015919640660286
87 400 0.007171803154051304
88 0 0.010188231244683266
88 80 0.010747642256319523
88 160 0.0059450166299939156
88 240 0.017008505761623383
88 320 0.011897554621100426
88 400 0.017161041498184204
89 0 0.009379365481436253
89 80 0.013859023340046406
89 160 0.010661661624908447
89 240 0.010621241293847561
89 320 0.007535151671618223
89 400 0.005846469663083553
90 0 0.01075554545968771
90 80 0.008197260089218616
90 160 0.008811069652438164
90 240 0.007258888334035873
90 320 0.007952095940709114
90 400 0.0074239326640963554
91 0 0.005489689763635397
91 80 0.012019109912216663
91 160 0.012583177536725998
91 240 0.010329275391995907
91 320 0.006478600203990936
91 400 0.006282183341681957
92 0 0.009453044272959232
92 80 0.007179002743214369
92 160 0.010524946264922619
92 240 0.009734563529491425
92 320 0.007255221251398325
92 400 0.00922298151999712
93 0 0.005499023944139481
93 80 0.007032616063952446
93 160 0.0067895082756876945
93 240 0.0070783039554953575
93 320 0.00822858139872551
93 400 0.007248139474540949
94 0 0.013714427128434181
94 80 0.005360583309084177
94 160 0.008893674239516258
94 240 0.006602457258850336
94 320 0.008935504592955112
94 400 0.006085927598178387
95 0 0.010598458349704742
95 80 0.007957486435770988
95 160 0.0084952088072896
95 240 0.012876286171376705
95 320 0.0076842051930725574
95 400 0.006836327258497477
96 0 0.007068494334816933
96 80 0.005177436862140894
