1 0.40223525761604817 0.8844
2 0.23059030617478052 0.9348
3 0.1897845310665397 0.9476
4 0.16422682795633894 0.9544333333333334
5 0.14604657467430843 0.9597833333333333
6 0.13215697509075788 0.9635833333333333
7 0.1210010776689439 0.9670166666666666
8 0.11186643099305091 0.9700333333333333
9 0.10403533843058005 0.9718833333333333
10 0.09723897808110282 0.9742
11 0.09142667769210171 0.976
12 0.08630975311610109 0.9773166666666666
13 0.08164763758018581 0.9789
14 0.07737457471440977 0.9794166666666667
15 0.07371751457722837 0.9808166666666667
16 0.07030302208306184 0.9818166666666667
17 0.067131988775692 0.9825333333333334
18 0.06438951448066783 0.9836
19 0.061573452393669306 0.9841666666666666
20 0.05929886828313695 0.9849333333333333
21 0.05678459355182676 0.9860333333333333
22 0.05475357319436856 0.9863333333333333
23 0.05272461415560388 0.9868833333333333
24 0.050959615157976715 0.9875666666666667
25 0.04918937250248977 0.98795
26 0.04750154069515624 0.98865
27 0.0459424764084727 0.98895
28 0.04446958766968202 0.9896166666666667
29 0.04302547805146304 0.9902166666666666
30 0.04162031143053826 0.99055
31 0.04037084292247097 0.9908333333333333
32 0.039161495999423174 0.9914333333333334
33 0.03802082075207218 0.9917833333333334
34 0.03691058893447746 0.992
35 0.03584728239060465 0.9924833333333334
36 0.034835429401444726 0.99265
37 0.033889443460685106 0.99305
38 0.03299630823324738 0.99335
39 0.03200131027039879 0.9935333333333334
40 0.0310848043429286 0.99405
41 0.030350419589435493 0.9939166666666667
42 0.029576111131155096 0.9942666666666666
43 0.028803734781979118 0.99445
44 0.028089645607615395 0.9946
45 0.027371634315175097 0.9948166666666667
46 0.02671560317849808 0.9949666666666667
47 0.026011563634980462 0.99525
48 0.025434271538697643 0.9954333333333333
49 0.02487200526878047 0.9956833333333334
50 0.024263673418286894 0.9956166666666667
51 0.023705141632748183 0.9960833333333333
52 0.02313196568934521 0.9962333333333333
53 0.022604450630123365 0.9964
54 0.02209136701885984 0.99655
55 0.021640639371876078 0.9966833333333334
56 0.021169799387947455 0.9968333333333333
57 0.020704444766894523 0.9969833333333333
58 0.02026582205556889 0.99695
59 0.019828748915082357 0.9973333333333333
60 0.019365631099512327 0.9974
61 0.018994232831296445 0.9975
62 0.01860759423465839 0.9976166666666667
63 0.018217754686302913 0.9977166666666667
64 0.017864292962099317 0.9978333333333333
65 0.017531092428087966 0.9978833333333333
66 0.0171390143163534 0.998
67 0.016844373520042723 0.9981
68 0.016507227094903557 0.9982
69 0.016183232171222695 0.9983166666666666
70 0.01589974253497986 0.9984
71 0.015597477340812621 0.9984666666666666
72 0.015286680407274062 0.9985166666666667
73 0.014991657075180269 0.9985333333333334
74 0.014754952342589018 0.9985166666666667
75 0.01447735513066019 0.9986666666666667
76 0.0142249789794903 0.99855
77 0.013951777389197588 0.99875
78 0.013732266394413516 0.9988666666666667
79 0.013487599122135449 0.9988333333333334
80 0.013251310144402166 0.9988166666666667
81 0.013036457057704709 0.9989
82 0.012816198881584476 0.99905
83 0.012583197934477567 0.9989833333333333
84 0.012391783767191173 0.9990833333333333
85 0.012168504330994827 0.9990833333333333
86 0.01200735829085477 0.9990833333333333
87 0.011790465040783734 0.99915
88 0.01158241955771931 0.9992
89 0.011424142113729899 0.99925
90 0.011245699985119612 0.99925
91 0.011077574944234829 0.9993166666666666
92 0.010901946822669841 0.9992833333333333
93 0.010723628975482765 0.9992666666666666
94 0.010556521735636632 0.9993833333333333
95 0.010431183811856993 0.9994333333333333
96 0.010262479573718584 0.99945
97 0.010101703461259604 0.99945
98 0.009970347223771629 0.9994666666666666
99 0.009840582603159776 0.9994833333333333
100 0.00966883919237535 0.9995333333333334
101 0.009559233340798124 0.99955
102 0.009425019606578548 0.99955
103 0.009275804819372385 0.99955
104 0.009152351107114732 0.9996
105 0.009037510572330975 0.9996
106 0.008913736044268396 0.9995666666666667
107 0.00878462113880876 0.9997
108 0.008676337616851748 0.9996166666666667
109 0.008557952846636746 0.9996833333333334
110 0.008446222691705375 0.9997
111 0.008341161377314946 0.9997
112 0.008222187845173406 0.9997
113 0.008139051012952985 0.9997166666666667
114 0.008019630304241835 0.99975
115 0.007921643149075923 0.9997833333333334
116 0.007820983041030193 0.9997166666666667
117 0.007722806648166576 0.9998
118 0.0076134558747222685 0.9998
119 0.00754204905032913 0.9997666666666667
120 0.007434201349855772 0.9997833333333334
121 0.0073502776312278405 0.9998166666666667
122 0.007259216880910337 0.9997666666666667
123 0.00717751797574606 0.9998166666666667
124 0.007093867842308573 0.9998666666666667
125 0.007022245229084863 0.9998666666666667
126 0.006918343951551319 0.9998833333333333
127 0.006856391243864971 0.9999
128 0.00677500941208812 0.9998666666666667
129 0.006703300663689052 0.9998666666666667
130 0.006622965922698315 0.9998666666666667
131 0.0065499694967296905 0.9999
132 0.006488482613039058 0.9998833333333333
133 0.006408601638618738 0.9999166666666667
134 0.006337809883532669 0.9998833333333333
135 0.006258841661333259 0.99995
136 0.006204640414607503 0.9998833333333333
137 0.006138852045092898 0.9999333333333333
138 0.006067173122845368 0.9999
139 0.005995416863094658 0.9999166666666667
140 0.0059365581920636555 0.9999166666666667
141 0.005886486830013091 0.9999166666666667
142 0.005819868231847533 0.9999333333333333
143 0.005762425550907008 0.9999333333333333
144 0.005704700121971796 0.99995
145 0.00565339377455747 0.9999333333333333
146 0.005600739797172166 0.9999333333333333
147 0.0055308844834597885 0.99995
148 0.0054912068680036015 0.9999333333333333
149 0.00543368729536356 0.9999166666666667
150 0.005371745508749967 0.9999333333333333
151 0.005330435270423701 0.99995
152 0.005269657065625241 0.99995
153 0.005217390215105768 0.9999333333333333
154 0.005173741707276466 0.99995
155 0.005136766513414395 0.99995
156 0.005077352400309146 0.99995
157 0.0050268226202879185 0.9999666666666667
158 0.004988100801183503 0.9999666666666667
159 0.004944531522047863 0.99995
160 0.004893995756194043 0.9999666666666667
161 0.00485279742327493 0.9999666666666667
162 0.0048098404435560045 0.9999666666666667
163 0.004771395676038555 0.9999666666666667
164 0.004726810534464827 0.9999833333333333
165 0.004682084995144204 0.9999833333333333
166 0.00464116179544145 0.9999833333333333
167 0.004607890482256209 0.9999666666666667
168 0.004564193636377546 0.9999833333333333
169 0.004526860419728322 0.9999833333333333
170 0.004486041373388568 0.9999833333333333
171 0.004444374984104448 0.9999833333333333
172 0.004412534802075801 0.9999833333333333
173 0.004377633441306118 0.9999833333333333
174 0.004343676439889554 0.9999833333333333
175 0.004304956372475812 0.9999833333333333
176 0.004267433028259098 0.9999833333333333
177 0.004236653685442675 0.9999833333333333
178 0.004206511750147104 0.9999833333333333
179 0.004168238573725512 0.9999833333333333
180 0.004133410181781686 0.9999833333333333
181 0.004098938265716089 0.9999833333333333
182 0.004072351417422835 0.9999833333333333
183 0.004043412899701739 0.9999833333333333
184 0.004010293980254166 0.9999833333333333
185 0.00397635937017053 0.9999833333333333
186 0.00394475448361314 0.9999833333333333
187 0.003909496777280887 0.9999833333333333
188 0.003887860018433308 0.9999833333333333
189 0.0038557359880493727 0.9999833333333333
190 0.003833489609695574 0.9999833333333333
191 0.0037992627319963232 0.9999833333333333
192 0.00377131648076726 0.9999833333333333
193 0.003746323100949473 0.9999833333333333
194 0.003722826453687341 0.9999833333333333
195 0.0036913174044922678 0.9999833333333333
196 0.0036643235308767507 1.0
197 0.003634963657703004 1.0
198 0.0036060657169270727 0.9999833333333333
199 0.003588878281805704 0.9999833333333333
200 0.0035626157338339796 0.9999833333333333
201 0.003531837606552377 0.9999833333333333
202 0.003511328535126661 1.0
203 0.0034860455999965036 1.0
204 0.0034596021259838995 0.9999833333333333
205 0.0034361958363726894 0.9999833333333333
206 0.0034157680995416826 0.9999833333333333
207 0.003389424076978999 1.0
208 0.0033664926279659895 1.0
209 0.003342805482667567 0.9999833333333333
210 0.003323316347967984 1.0
211 0.0032996398770113364 1.0
212 0.003280487054386047 1.0
213 0.0032572527053648793 1.0
214 0.0032378728196187727 1.0
215 0.003216483065042335 1.0
216 0.003191631756348611 1.0
217 0.0031730735951017884 1.0
218 0.0031543033145892342 1.0
219 0.0031359841956991328 1.0
220 0.0031132756915839034 1.0
221 0.0030954660293507153 1.0
222 0.003073636888164475 1.0
223 0.003053943054683046 1.0
224 0.0030396547386182474 1.0
225 0.003017704585008125 1.0
226 0.003000370172812526 1.0
227 0.002982492103794419 1.0
228 0.0029650915570225496 1.0
229 0.0029456269860799822 1.0
230 0.0029230416359713497 1.0
231 0.002909423952149267 1.0
232 0.0028907450540030977 1.0
233 0.0028762921675054755 1.0
234 0.00285659240608884 1.0
235 0.002840592039635838 1.0
236 0.0028221647001689734 1.0
237 0.00280666882087832 1.0
238 0.00279028352927357 1.0
239 0.002774768559483569 1.0
240 0.0027590331080099588 1.0
241 0.002741320889744995 1.0
242 0.0027236947706634445 1.0
243 0.0027109684647499783 1.0
244 0.002693458258654418 1.0
245 0.0026798311118056365 1.0
246 0.0026675539414164054 1.0
247 0.002648373503786033 1.0
248 0.00263258097802541 1.0
249 0.002620319447749213 1.0
250 0.0026052752598451933 1.0
251 0.0025914853688444634 1.0
252 0.002576919449554103 1.0
253 0.0025617762214081214 1.0
254 0.0025498653482918794 1.0
255 0.002533284580034178 1.0
256 0.002522227098308464 1.0
257 0.002509183497967393 1.0
258 0.002495365327910216 1.0
259 0.0024809005811983254 1.0
260 0.0024694165274220855 1.0
261 0.002456906597442262 1.0
262 0.002443229932132473 1.0
263 0.0024292495766051934 1.0
264 0.002417594310579333 1.0
265 0.0024068194364176704 1.0
266 0.002392114370938208 1.0
267 0.002380353775977997 1.0
268 0.002369435373514986 1.0
269 0.002354862176622552 1.0
270 0.0023457502391733436 1.0
271 0.0023326534526060217 1.0
272 0.0023205788781382897 1.0
273 0.0023067350147976113 1.0
274 0.0022963594981848493 1.0
275 0.002284555040277056 1.0
276 0.002275392914420244 1.0
277 0.00226162148449423 1.0
278 0.0022528348530931617 1.0
279 0.002240214974302719 1.0
280 0.00222970177863798 1.0
281 0.00222046071549814 1.0
282 0.0022065098367523212 1.0
283 0.0021975071270958083 1.0
284 0.0021886895697410982 1.0
285 0.002177808144346261 1.0
286 0.0021666944252082838 1.0
287 0.0021556574641031895 1.0
288 0.002144515300780209 1.0
289 0.0021363245358051205 1.0
290 0.0021266614389506533 1.0
291 0.0021155899343912855 1.0
292 0.0021056643213584287 1.0
293 0.0020947051426914057 1.0
294 0.002087587024147775 1.0
295 0.0020762835108642298 1.0
296 0.002067150799547638 1.0
297 0.002056326806373489 1.0
298 0.0020483038718946208 1.0
299 0.0020384866443809184 1.0
300 0.0020307227204030536 1.0
9999 0.0020020718220621347 1.0
