1 0 2.6937930583953857
1 80 0.4366528391838074
1 160 0.492907851934433
1 240 0.30546391010284424
1 320 0.27582573890686035
1 400 0.22169992327690125
2 0 0.2065858244895935
2 80 0.2729165256023407
2 160 0.29246819019317627
2 240 0.1619000881910324
2 320 0.2711378037929535
2 400 0.18649506568908691
3 0 0.17583808302879333
3 80 0.14951418340206146
3 160 0.1590036153793335
3 240 0.15268096327781677
3 320 0.11917159706354141
3 400 0.18799161911010742
4 0 0.16448497772216797
4 80 0.18260334432125092
4 160 0.14887477457523346
4 240 0.25248196721076965
4 320 0.2038581669330597
4 400 0.13836394250392914
5 0 0.15110450983047485
5 80 0.14234225451946259
5 160 0.14373163878917694
5 240 0.18134567141532898
5 320 0.2114453762769699
5 400 0.25173214077949524
6 0 0.09497680515050888
6 80 0.16748367249965668
6 160 0.2670980989933014
6 240 0.10996799916028976
6 320 0.13657885789871216
6 400 0.13513067364692688
7 0 0.17453259229660034
7 80 0.10703397542238235
7 160 0.09217255562543869
7 240 0.05286303535103798
7 320 0.19581912457942963
7 400 0.07393885403871536
8 0 0.0820811465382576
8 80 0.06498337537050247
8 160 0.128319650888443
8 240 0.053753774613142014
8 320 0.0877997875213623
8 400 0.1148107722401619
9 0 0.1521301567554474
9 80 0.11819542944431305
9 160 0.1161751076579094
9 240 0.1520589143037796
9 320 0.11165083199739456
9 400 0.07345686852931976
10 0 0.07522755861282349
10 80 0.1189386397600174
10 160 0.12486280500888824
10 240 0.09968946129083633
10 320 0.08953642100095749
10 400 0.11886364221572876
11 0 0.0394987054169178
11 80 0.1331711709499359
11 160 0.0714447945356369
11 240 0.09012095630168915
11 320 0.1426251381635666
11 400 0.0734277293086052
12 0 0.04943915456533432
12 80 0.06487923115491867
12 160 0.06302406638860703
12 240 0.06423521041870117
12 320 0.09705189615488052
12 400 0.07412651926279068
13 0 0.06260143220424652
13 80 0.05282333120703697
13 160 0.1424153596162796
13 240 0.09040764719247818
13 320 0.07894403487443924
13 400 0.09391901642084122
14 0 0.18627740442752838
14 80 0.07498994469642639
14 160 0.030932489782571793
14 240 0.13461185991764069
14 320 0.12211235612630844
14 400 0.06070586293935776
15 0 0.03737371414899826
15 80 0.04536983743309975
15 160 0.03987467288970947
15 240 0.13068383932113647
15 320 0.0811428651213646
15 400 0.0864248126745224
16 0 0.06388506293296814
16 80 0.05044035613536835
16 160 0.056138213723897934
16 240 0.06923991441726685
16 320 0.054678644984960556
16 400 0.07787838578224182
17 0 0.09644565731287003
17 80 0.08550691604614258
17 160 0.07784595340490341
17 240 0.07354570180177689
17 320 0.03983323276042938
17 400 0.07895693182945251
18 0 0.06979063153266907
18 80 0.06458509713411331
18 160 0.03774072974920273
18 240 0.055180829018354416
18 320 0.10111422836780548
18 400 0.04453980177640915
19 0 0.0447612889111042
19 80 0.08023573458194733
19 160 0.1143689677119255
19 240 0.045183587819337845
19 320 0.05516955256462097
19 400 0.12750226259231567
20 0 0.09149785339832306
20 80 0.05455208942294121
20 160 0.030664395540952682
20 240 0.0925736203789711
20 320 0.046922776848077774
20 400 0.06621895730495453
21 0 0.10417187213897705
21 80 0.037150003015995026
21 160 0.11346079409122467
21 240 0.05853129178285599
21 320 0.05953843519091606
21 400 0.03480760380625725
22 0 0.04718412458896637
22 80 0.016888760030269623
22 160 0.06117593124508858
22 240 0.02615932933986187
22 320 0.06564240902662277
22 400 0.058821167796850204
23 0 0.1320095658302307
23 80 0.11913972347974777
23 160 0.1485460102558136
23 240 0.05447674170136452
23 320 0.05741436779499054
23 400 0.024035589769482613
24 0 0.05958138778805733
24 80 0.03740974888205528
24 160 0.05445233732461929
24 240 0.04646958410739899
24 320 0.04651528596878052
24 400 0.0499081090092659
25 0 0.09411290287971497
25 80 0.04479241743683815
25 160 0.04836180433630943
25 240 0.02524818293750286
25 320 0.04588121548295021
25 400 0.024461369961500168
26 0 0.028565246611833572
26 80 0.020826924592256546
26 160 0.030324136838316917
26 240 0.049205437302589417
26 320 0.05797343701124191
26 400 0.03671092912554741
27 0 0.05083061754703522
27 80 0.030453002080321312
27 160 0.04748987406492233
27 240 0.06545770913362503
27 320 0.03559933975338936
27 400 0.04537969455122948
28 0 0.04626414179801941
28 80 0.05177416652441025
28 160 0.034811053425073624
28 240 0.018953436985611916
28 320 0.02721833623945713
28 400 0.024136856198310852
29 0 0.03285781294107437
29 80 0.062107060104608536
29 160 0.08001675456762314
29 240 0.056564394384622574
29 320 0.03190723806619644
29 400 0.019217975437641144
30 0 0.04147838428616524
30 80 0.03459090739488602
30 160 0.0326082669198513
30 240 0.043975185602903366
30 320 0.027067475020885468
30 400 0.05904600769281387
31 0 0.06385872513055801
31 80 0.02808811143040657
31 160 0.05390208214521408
31 240 0.019699158146977425
31 320 0.04563455656170845
31 400 0.03124557062983513
32 0 0.029876936227083206
32 80 0.04500362277030945
32 160 0.07602319121360779
32 240 0.05163252726197243
32 320 0.023795979097485542
32 400 0.037840861827135086
33 0 0.03021981380879879
33 80 0.028083084151148796
33 160 0.03590584918856621
33 240 0.04241406172513962
33 320 0.025554779917001724
33 400 0.042845722287893295
34 0 0.025388622656464577
34 80 0.066120944917202
34 160 0.03340071067214012
34 240 0.024246858432888985
34 320 0.049898047000169754
34 400 0.032804425805807114
35 0 0.021748820319771767
35 80 0.03048192709684372
35 160 0.02818448841571808
35 240 0.060898106545209885
35 320 0.01796576753258705
35 400 0.029664447531104088
36 0 0.033177513629198074
36 80 0.045484863221645355
36 160 0.05953412875533104
36 240 0.012408745475113392
36 320 0.04492398351430893
36 400 0.0289164911955595
37 0 0.017691997811198235
37 80 0.0196688175201416
37 160 0.027785932645201683
37 240 0.01780017651617527
37 320 0.028491025790572166
37 400 0.027727285400032997
38 0 0.02415374107658863
38 80 0.018482299521565437
38 160 0.013355973176658154
38 240 0.031948719173669815
38 320 0.04604542255401611
38 400 0.031789325177669525
39 0 0.016238095238804817
39 80 0.0231586042791605
39 160 0.02359071373939514
39 240 0.01961144432425499
39 320 0.03911730647087097
39 400 0.017553100362420082
40 0 0.08102113753557205
40 80 0.04044077917933464
40 160 0.02504582516849041
40 240 0.03276114910840988
40 320 0.033598896116018295
40 400 0.029029812663793564
41 0 0.0322822630405426
41 80 0.030700044706463814
41 160 0.03481775522232056
41 240 0.05371794104576111
41 320 0.03069053776562214
41 400 0.01381161343306303
42 0 0.061270572245121
42 80 0.0208763238042593
42 160 0.012988378293812275
42 240 0.02268209308385849
42 320 0.03808673471212387
42 400 0.019399750977754593
43 0 0.03252667933702469
43 80 0.02775431238114834
43 160 0.03927374631166458
43 240 0.033610954880714417
43 320 0.036569543182849884
43 400 0.025426477193832397
44 0 0.016864804551005363
44 80 0.025933288037776947
44 160 0.00980266835540533
44 240 0.016993341967463493
44 320 0.018220242112874985
44 400 0.022925186902284622
45 0 0.01730002462863922
45 80 0.018550297245383263
45 160 0.040654975920915604
45 240 0.024135559797286987
45 320 0.01924687996506691
45 400 0.009233282878994942
46 0 0.018971169367432594
46 80 0.02379256673157215
46 160 0.035450443625450134
46 240 0.04862884059548378
46 320 0.03481299430131912
46 400 0.051598720252513885
47 0 0.024239329621195793
47 80 0.057648077607154846
47 160 0.04106524959206581
47 240 0.03481413051486015
47 320 0.020988704636693
47 400 0.021039247512817383
48 0 0.014899532310664654
48 80 0.03210723400115967
48 160 0.04364953190088272
48 240 0.012113937176764011
48 320 0.02170596644282341
48 400 0.022762713953852654
49 0 0.0166535172611475
49 80 0.01772187650203705
49 160 0.01837618462741375
49 240 0.011797366663813591
49 320 0.022432897239923477
49 400 0.02897346206009388
50 0 0.013444891199469566
50 80 0.0358043797314167
50 160 0.020796237513422966
50 240 0.026375530287623405
50 320 0.022285982966423035
50 400 0.015966692939400673
51 0 0.025265391916036606
51 80 0.01476245280355215
51 160 0.02848459593951702
51 240 0.01225198619067669
51 320 0.023444369435310364
51 400 0.02507503144443035
52 0 0.006128993816673756
52 80 0.02400592714548111
52 160 0.01478312537074089
52 240 0.03652201592922211
52 320 0.030275175347924232
52 400 0.02772527188062668
53 0 0.0194352176040411
53 80 0.01926395297050476
53 160 0.022719796746969223
53 240 0.014364814385771751
53 320 0.028638966381549835
53 400 0.016324806958436966
54 0 0.014190133661031723
54 80 0.016061795875430107
54 160 0.022372892126441002
54 240 0.037560079246759415
54 320 0.02864866703748703
54 400 0.014826558530330658
55 0 0.04278852790594101
55 80 0.01387091912329197
55 160 0.03200136125087738
55 240 0.023640116676688194
55 320 0.011433581821620464
55 400 0.012878376990556717
56 0 0.015644731000065804
56 80 0.02486637607216835
56 160 0.037266314029693604
56 240 0.017729267477989197
56 320 0.02465895004570484
56 400 0.014724689535796642
57 0 0.014310738071799278
57 80 0.02262580581009388
57 160 0.020883338525891304
57 240 0.009988340549170971
57 320 0.06690617650747299
57 400 0.025351587682962418
58 0 0.018586300313472748
58 80 0.01095365360379219
58 160 0.01669674925506115
58 240 0.012791975401341915
58 320 0.010739754885435104
58 400 0.01612449437379837
59 0 0.014525409787893295
59 80 0.03318115323781967
59 160 0.013810355216264725
59 240 0.0261934045702219
59 320 0.009009572677314281
59 400 0.008049003779888153
60 0 0.026177002117037773
60 80 0.019995488226413727
60 160 0.04006979241967201
60 240 0.009593158960342407
60 320 0.010125589556992054
60 400 0.023126451298594475
61 0 0.014889460057020187
61 80 0.012249806895852089
61 160 0.015165592543780804
61 240 0.011317852884531021
61 320 0.028724052011966705
61 400 0.024345867335796356
62 0 0.011395303532481194
62 80 0.013540244661271572
62 160 0.026177145540714264
62 240 0.012333394959568977
62 320 0.03383377566933632
62 400 0.01371778640896082
63 0 0.017911259084939957
63 80 0.0060522486455738544
63 160 0.01737194135785103
63 240 0.02053077518939972
63 320 0.022706761956214905
63 400 0.015047811903059483
64 0 0.02263004146516323
64 80 0.013013463467359543
64 160 0.009890441782772541
64 240 0.019956374540925026
64 320 0.03371595963835716
64 400 0.012247112579643726
65 0 0.018595756962895393
65 80 0.015682008117437363
65 160 0.03283281624317169
65 240 0.023168012499809265
65 320 0.01796809583902359
65 400 0.015950165688991547
66 0 0.011022688820958138
66 80 0.014127148315310478
66 160 0.016091739758849144
66 240 0.01964244246482849
66 320 0.0199083611369133
66 400 0.027123386040329933
67 0 0.013702020980417728
67 80 0.020124929025769234
67 160 0.005851750262081623
67 240 0.011260404251515865
67 320 0.01089615747332573
67 400 0.015292731113731861
68 0 0.04760024696588516
68 80 0.032301247119903564
68 160 0.01128615066409111
68 240 0.014964082278311253
68 320 0.019253885373473167
68 400 0.015928035601973534
69 0 0.017198214307427406
69 80 0.02092861756682396
69 160 0.018289251253008842
69 240 0.014029269106686115
69 320 0.013960609212517738
69 400 0.010610884055495262
70 0 0.013000616803765297
70 80 0.019857635721564293
70 160 0.011078078299760818
70 240 0.012007279321551323
70 320 0.015309236943721771
70 400 0.008749173954129219
71 0 0.011115374974906445
71 80 0.010136611759662628
71 160 0.015313850715756416
71 240 0.014033839106559753
71 320 0.012967758812010288
71 400 0.008858089335262775
72 0 0.015427899546921253
72 80 0.04636451601982117
72 160 0.01046544685959816
72 240 0.011431731283664703
72 320 0.010920746251940727
72 400 0.016756393015384674
73 0 0.01684231497347355
73 80 0.025006331503391266
73 160 0.010805109515786171
73 240 0.008719374425709248
73 320 0.01237462367862463
73 400 0.023337649181485176
74 0 0.008400335907936096
74 80 0.01693328656256199
74 160 0.017343442887067795
74 240 0.009814146906137466
74 320 0.01486383005976677
74 400 0.012017161585390568
75 0 0.019542107358574867
75 80 0.014964631758630276
75 160 0.009695075452327728
75 240 0.010597567074000835
75 320 0.004597407765686512
75 400 0.006610893178731203
76 0 0.015114144422113895
76 80 0.011271325871348381
76 160 0.010274583473801613
76 240 0.008763585239648819
76 320 0.007753139827400446
76 400 0.0043768929317593575
77 0 0.015697922557592392
77 80 0.013435356318950653
77 160 0.005729382857680321
77 240 0.008663584478199482
77 320 0.019549399614334106
77 400 0.009381802752614021
78 0 0.011676634661853313
78 80 0.006563885137438774
78 160 0.012708733789622784
78 240 0.007583364378660917
78 320 0.0072901928797364235
78 400 0.01777222380042076
79 0 0.009617314673960209
79 80 0.021702520549297333
79 160 0.006976443342864513
79 240 0.011749675497412682
79 320 0.009762202389538288
79 400 0.006936549209058285
80 0 0.008949299342930317
80 80 0.007970345206558704
80 160 0.010215834714472294
80 240 0.011144510470330715
80 320 0.009324951097369194
80 400 0.013436919078230858
81 0 0.00652391416952014
81 80 0.008779274299740791
81 160 0.012022187933325768
81 240 0.01160531584173441
81 320 0.016785969957709312
81 400 0.017211582511663437
82 0 0.016184605658054352
82 80 0.005395001266151667
82 160 0.005184366833418608
82 240 0.019661717116832733
82 320 0.010521983727812767
82 400 0.016340594738721848
83 0 0.010208772495388985
83 80 0.006396003533154726
83 160 0.010525875724852085
83 240 0.012847770936787128
83 320 0.005494613666087389
83 400 0.007959851995110512
84 0 0.004600027110427618
84 80 0.007903131656348705
84 160 0.00377570535056293
84 240 0.018340352922677994
84 320 0.006802428048104048
84 400 0.009191906079649925
85 0 0.012700988911092281
85 80 0.005247998517006636
85 160 0.010489894077181816
85 240 0.005478695034980774
85 320 0.016919732093811035
85 400 0.008766241371631622
86 0 0.008265268057584763
86 80 0.01964343897998333
86 160 0.006080146413296461
86 240 0.007825905457139015
86 320 0.007230602670460939
86 400 0.010453066788613796
87 0 0.010525797493755817
87 80 0.013609075918793678
87 160 0.008897325955331326
87 240 0.007834099233150482
87 320 0.008424906991422176
87 400 0.010438704863190651
88 0 0.004258223343640566
88 80 0.011480554938316345
88 160 0.008587033487856388
88 240 0.007762874010950327
88 320 0.018357865512371063
88 400 0.017184611409902573
89 0 0.009078423492610455
89 80 0.007937180809676647
89 160 0.011071652173995972
89 240 0.00863410159945488
89 320 0.014773355796933174
89 400 0.010835503228008747
90 0 0.011686982586979866
90 80 0.0064405170269310474
90 160 0.006576790940016508
90 240 0.007965887896716595
90 320 0.013654349371790886
90 400 0.005957979243248701
91 0 0.004667172208428383
91 80 0.011951033025979996
91 160 0.0042658401653170586
91 240 0.018208619207143784
91 320 0.009947117418050766
91 400 0.018793465569615364
92 0 0.009924682788550854
92 80 0.014954255893826485
92 160 0.02919020503759384
92 240 0.025116413831710815
92 320 0.0046570491977036
92 400 0.009453821927309036
93 0 0.003637134563177824
93 80 0.007036839611828327
93 160 0.027009952813386917
93 240 0.01095737423747778
93 320 0.011835005134344101
93 400 0.014216962270438671
94 0 0.015302322804927826
94 80 0.015336394309997559
94 160 0.01737547293305397
94 240 0.006029458716511726
94 320 0.01022560615092516
94 400 0.007523115258663893
95 0 0.0053266361355781555
95 80 0.012386227957904339
95 160 0.010900162160396576
95 240 0.008618100546300411
95 320 0.011116789653897285
95 400 0.014346393756568432
96 0 0.01157083548605442
96 80 0.006635608151555061
96 160 0.009539331309497356
96 240 0.008780899457633495
96 320 0.008204465731978416
96 400 0.01155906729400158
97 0 0.014916621148586273
97 80 0.018161891028285027
97 160 0.009358042851090431
97 240 0.01388826034963131
97 320 0.01050432026386261
97 400 0.007233540993183851
98 0 0.019879775121808052
98 80 0.00611858069896698
98 160 0.013418061658740044
98 240 0.00554649019613862
98 320 0.008893245831131935
98 400 0.010225779376924038
99 0 0.01596401073038578
99 80 0.0066675953567028046
99 160 0.008363614790141582
99 240 0.0073027219623327255
99 320 0.004922074265778065
99 400 0.013150584883987904
100 0 0.006946201901882887
100 80 0.01313762366771698
100 160 0.006417557131499052
100 240 0.009402130730450153
100 320 0.007666612509638071
100 400 0.0059595974162220955
101 0 0.0061506847850978374
101 80 0.00698150834068656
101 160 0.011634466238319874
101 240 0.010431140661239624
101 320 0.00979852769523859
101 400 0.0078125586733222
102 0 0.014674989506602287
102 80 0.0069268131628632545
102 160 0.00628088740631938
102 240 0.009892879985272884
102 320 0.005436253733932972
102 400 0.01015749853104353
103 0 0.013457906432449818
103 80 0.002783586271107197
103 160 0.004410121124237776
103 240 0.007998375222086906
103 320 0.005731139797717333
103 400 0.00654658442363143
104 0 0.013531958684325218
104 80 0.00693052401766181
104 160 0.006205193232744932
104 240 0.010308323428034782
104 320 0.011097379960119724
104 400 0.00899054016917944
105 0 0.0130700021982193
105 80 0.006648305803537369
105 160 0.010588138364255428
105 240 0.01001741923391819
105 320 0.010805482044816017
105 400 0.055415473878383636
106 0 0.009898343123495579
106 80 0.0070310127921402454
106 160 0.008577014319598675
106 240 0.003500301158055663
106 320 0.004272225312888622
106 400 0.008700111880898476
107 0 0.009953261353075504
107 80 0.011228456161916256
107 160 0.008451353758573532
107 240 0.008105278946459293
107 320 0.01002510730177164
107 400 0.0031604203395545483
108 0 0.004949544556438923
108 80 0.006351830437779427
108 160 0.00745844841003418
108 240 0.0066453153267502785
108 320 0.012210283428430557
108 400 0.00823450181633234
109 0 0.010126762092113495
109 80 0.006520390510559082
109 160 0.006169644184410572
109 240 0.010558292269706726
109 320 0.004991243127733469
109 400 0.006456189788877964
110 0 0.006449862848967314
110 80 0.01362976711243391
110 160 0.013075524009764194
110 240 0.006213683634996414
110 320 0.014910958707332611
110 400 0.006428420543670654
111 0 0.01778029464185238
111 80 0.007886466570198536
111 160 0.00666096480563283
111 240 0.007335135247558355
111 320 0.0052307541482150555
111 400 0.007852429524064064
112 0 0.003760052379220724
112 80 0.008859440684318542
112 160 0.0050040665082633495
112 240 0.010380096733570099
112 320 0.004940721672028303
112 400 0.01260137464851141
113 0 0.005399534944444895
113 80 0.007521022576838732
113 160 0.004018254578113556
113 240 0.010194757021963596
113 320 0.00816951971501112
113 400 0.010535623878240585
114 0 0.010150712914764881
114 80 0.00907327700406313
114 160 0.00825245026499033
114 240 0.005738235078752041
114 320 0.01428318116813898
114 400 0.012514851987361908
115 0 0.013433525338768959
115 80 0.018173597753047943
115 160 0.004167132545262575
115 240 0.00991497840732336
115 320 0.009778301231563091
115 400 0.013021315447986126
116 0 0.008712275885045528
116 80 0.006841822527348995
116 160 0.00933481752872467
116 240 0.00898500345647335
116 320 0.008528419770300388
116 400 0.008824415504932404
117 0 0.0063719553872942924
117 80 0.007923380471765995
117 160 0.005924277473241091
117 240 0.006281984969973564
117 320 0.008981063030660152
117 400 0.010895553044974804
118 0 0.0036032511852681637
118 80 0.00271992408670485
118 160 0.009975801222026348
118 240 0.01377425342798233
118 320 0.006276863161474466
118 400 0.005915181245654821
119 0 0.002751762280240655
119 80 0.006853004917502403
119 160 0.009534286335110664
119 240 0.004501913208514452
119 320 0.0057631297968328
119 400 0.009214742109179497
120 0 0.003487258218228817
120 80 0.0033607441000640392
120 160 0.006136375945061445
120 240 0.003312481101602316
120 320 0.007297763600945473
120 400 0.007550977636128664
121 0 0.005348734091967344
121 80 0.011863396503031254
121 160 0.010801616124808788
121 240 0.004196668043732643
121 320 0.0048046777956187725
121 400 0.009059838019311428
122 0 0.006252288818359375
122 80 0.002263556467369199
122 160 0.013719180598855019
122 240 0.004968430381268263
122 320 0.008348222821950912
122 400 0.007578777614980936
123 0 0.006230650935322046
123 80 0.007461845874786377
123 160 0.007526242174208164
123 240 0.0063456641510128975
123 320 0.010757727548480034
123 400 0.006543912924826145
124 0 0.009536491706967354
124 80 0.0060654291883111
124 160 0.0066061257384717464
124 240 0.006242548115551472
124 320 0.006696087773889303
124 400 0.008010350167751312
125 0 0.007861663587391376
125 80 0.008878170512616634
125 160 0.010722080245614052
125 240 0.005060547962784767
125 320 0.009430003352463245
125 400 0.003944108262658119
126 0 0.004014532081782818
126 80 0.003229603637009859
126 160 0.008655260317027569
126 240 0.0037228926084935665
126 320 0.005787720438092947
126 400 0.0037944514770060778
127 0 0.006946493871510029
127 80 0.011036128737032413
127 160 0.005506934132426977
127 240 0.006710070185363293
127 320 0.005782025400549173
127 400 0.004921081010252237
128 0 0.0036773420870304108
128 80 0.00605757674202323
128 160 0.005090297665446997
128 240 0.005339133553206921
128 320 0.017856063321232796
128 400 0.012145206332206726
129 0 0.006102037616074085
129 80 0.003489554161205888
129 160 0.009581951424479485
129 240 0.003796711564064026
129 320 0.014696170575916767
129 400 0.00770093547180295
130 0 0.005869427230209112
130 80 0.005452411714941263
130 160 0.006584998685866594
130 240 0.0069288513623178005
130 320 0.007717287167906761
130 400 0.006721609737724066
131 0 0.006895844358950853
131 80 0.005613898858428001
131 160 0.007318794261664152
131 240 0.01095921266824007
131 320 0.006727582775056362
131 400 0.011262630112469196
132 0 0.006099794525653124
132 80 0.0067909471690654755
132 160 0.004863639362156391
132 240 0.004700918681919575
132 320 0.004221486859023571
132 400 0.005631224252283573
133 0 0.005878080613911152
133 80 0.00643543666228652
133 160 0.0038473941385746002
133 240 0.007635176181793213
133 320 0.0027029886841773987
133 400 0.005575763527303934
134 0 0.009746968746185303
134 80 0.006105087697505951
134 160 0.007930672727525234
134 240 0.004538377746939659
134 320 0.0031309619080275297
134 400 0.0048637790605425835
135 0 0.008614269085228443
135 80 0.002344861626625061
135 160 0.006376163102686405
135 240 0.004099123179912567
135 320 0.011325310915708542
135 400 0.010378207080066204
136 0 0.003250563284382224
136 80 0.0021318988874554634
136 160 0.005562203470617533
136 240 0.00441778264939785
136 320 0.009290649555623531
136 400 0.012529936619102955
137 0 0.004446729086339474
137 80 0.0034682450350373983
137 160 0.009734444320201874
137 240 0.0041731796227395535
137 320 0.007885994389653206
137 400 0.006129578687250614
138 0 0.005039615090936422
138 80 0.003220386104658246
138 160 0.006848870310932398
138 240 0.005337176378816366
138 320 0.0035239537246525288
138 400 0.007466474547982216
139 0 0.004054475110024214
139 80 0.00850225705653429
139 160 0.0142055070027709
139 240 0.004559132270514965
139 320 0.0038418981712311506
139 400 0.007220101542770863
140 0 0.014134428463876247
140 80 0.005395072977989912
140 160 0.003610219806432724
140 240 0.004992878995835781
140 320 0.009360641241073608
140 400 0.006273091770708561
141 0 0.005225840024650097
141 80 0.008073323406279087
141 160 0.006144975312054157
141 240 0.0030396264046430588
141 320 0.006297235377132893
141 400 0.0026789556723088026
142 0 0.002202417002990842
142 80 0.007634161040186882
142 160 0.003079701215028763
142 240 0.0038849888369441032
142 320 0.007553628645837307
142 400 0.008478621952235699
143 0 0.006136871408671141
143 80 0.00618166197091341
143 160 0.004925478249788284
143 240 0.010638526640832424
143 320 0.004566357471048832
143 400 0.004280170425772667
144 0 0.0022866842336952686
144 80 0.003338719718158245
144 160 0.005135499406605959
144 240 0.005751649383455515
144 320 0.006945105269551277
144 400 0.003100218251347542
145 0 0.005713948514312506
145 80 0.00613629724830389
145 160 0.0037666435819119215
145 240 0.0045450832694768906
145 320 0.007648385129868984
145 400 0.002264216309413314
146 0 0.006807329133152962
146 80 0.003583236364647746
146 160 0.002979467622935772
146 240 0.0075442129746079445
146 320 0.004687553737312555
146 400 0.007561749778687954
147 0 0.006144682411104441
147 80 0.006580543238669634
147 160 0.004458044655621052
147 240 0.009586961008608341
147 320 0.011418487876653671
147 400 0.008218205533921719
148 0 0.003274092450737953
148 80 0.005167008843272924
148 160 0.007353750988841057
148 240 0.002258178312331438
148 320 0.005819984246045351
148 400 0.006331104319542646
149 0 0.005425203125923872
149 80 0.006803077179938555
149 160 0.003171753603965044
149 240 0.003089357167482376
149 320 0.0036542140878736973
149 400 0.001942572183907032
150 0 0.004028275143355131
150 80 0.005235506221652031
150 160 0.004431992303580046
150 240 0.004616821650415659
150 320 0.010241015814244747
150 400 0.003929538186639547
151 0 0.006236738990992308
151 80 0.006123923230916262
151 160 0.0018807465676218271
151 240 0.005877823568880558
151 320 0.004157892428338528
151 400 0.015190431848168373
152 0 0.0077920774929225445
152 80 0.00391712412238121
152 160 0.005015105940401554
152 240 0.005342267919331789
152 320 0.005336629692465067
152 400 0.005787338595837355
153 0 0.0057463995181024075
153 80 0.0053985221311450005
153 160 0.003656836459413171
153 240 0.005741918459534645
153 320 0.0038989910390228033
153 400 0.004677609074860811
154 0 0.0023157724644988775
154 80 0.006682593375444412
154 160 0.004912002943456173
154 240 0.0060138707049191
154 320 0.005384264513850212
154 400 0.0046491171233356
155 0 0.0053669423796236515
155 80 0.008064414374530315
155 160 0.0027417917735874653
155 240 0.005746576935052872
155 320 0.0036037799436599016
155 400 0.0017873251345008612
156 0 0.005701115354895592
156 80 0.009213036857545376
156 160 0.0041105360724031925
156 240 0.0037795561365783215
156 320 0.005419949069619179
156 400 0.0045028734020888805
157 0 0.0030779463704675436
157 80 0.0035510817542672157
157 160 0.0015396135859191418
157 240 0.006147590931504965
157 320 0.005827928427606821
157 400 0.0076462579891085625
158 0 0.0032234727405011654
158 80 0.002855840837582946
158 160 0.005755276419222355
158 240 0.003406700911000371
158 320 0.007225580979138613
158 400 0.003407212905585766
159 0 0.008474781177937984
159 80 0.0048175291158258915
159 160 0.005269012879580259
159 240 0.004247129429131746
159 320 0.0034797692205756903
159 400 0.005047380458563566
160 0 0.00500567676499486
160 80 0.004719935357570648
160 160 0.0036839921958744526
160 240 0.0047395844012498856
160 320 0.007380078546702862
160 400 0.004904327914118767
161 0 0.002144917845726013
161 80 0.0031298703979700804
161 160 0.002062372397631407
161 240 0.002964688464999199
161 320 0.005084797739982605
161 400 0.009898190386593342
162 0 0.007742168381810188
162 80 0.0027753321919590235
162 160 0.005246438086032867
162 240 0.0028672253247350454
162 320 0.004103987477719784
162 400 0.006175593007355928
163 0 0.003929219674319029
163 80 0.0028575181495398283
163 160 0.003732699668034911
163 240 0.00657042209059
163 320 0.006205068435519934
163 400 0.004625585861504078
164 0 0.003373438958078623
164 80 0.0017849827418103814
164 160 0.005648076068609953
164 240 0.00302685983479023
164 320 0.00725209154188633
164 400 0.005761406850069761
165 0 0.00665851728990674
165 80 0.006119540426880121
165 160 0.0017787858378142118
165 240 0.002525459509342909
165 320 0.004296342376619577
165 400 0.0021197444293648005
166 0 0.006434631533920765
166 80 0.004479824565351009
166 160 0.002968916902318597
166 240 0.004995280411094427
166 320 0.004218599759042263
166 400 0.0032779453322291374
167 0 0.006005697883665562
167 80 0.004864973947405815
167 160 0.004855239763855934
167 240 0.0024700993672013283
167 320 0.00382492714561522
167 400 0.004680593032389879
168 0 0.003358682384714484
168 80 0.007784632965922356
168 160 0.0038488253485411406
168 240 0.004007961601018906
168 320 0.003503242274746299
168 400 0.00601792661473155
169 0 0.002701870631426573
169 80 0.006498313974589109
169 160 0.0060463156551122665
169 240 0.00931622926145792
169 320 0.00824843067675829
169 400 0.0014011457096785307
170 0 0.004934357479214668
170 80 0.0022743111476302147
170 160 0.00642051687464118
170 240 0.003905567340552807
170 320 0.0024981845635920763
170 400 0.0032165399752557278
171 0 0.003136515384539962
171 80 0.0036324006505310535
171 160 0.0060415021143853664
171 240 0.0029259338043630123
171 320 0.003208784619346261
171 400 0.006872518919408321
172 0 0.012426557950675488
172 80 0.005249361507594585
172 160 0.002886856207624078
172 240 0.005718002561479807
172 320 0.0034498588647693396
172 400 0.0036503660958260298
173 0 0.0042162686586380005
173 80 0.004146338906139135
173 160 0.005839421879500151
173 240 0.0013837976148352027
173 320 0.003325099591165781
173 400 0.005398411303758621
174 0 0.00595959834754467
174 80 0.0023594568483531475
174 160 0.004507114645093679
174 240 0.0020282897166907787
174 320 0.005568607710301876
174 400 0.004958789795637131
175 0 0.005997942760586739
175 80 0.004507271107286215
175 160 0.0023281052708625793
175 240 0.005179673433303833
175 320 0.0023599942214787006
175 400 0.008064811117947102
176 0 0.003316485555842519
176 80 0.003579171607270837
176 160 0.0019367864588275552
176 240 0.005029050633311272
176 320 0.0027907099574804306
176 400 0.004282064735889435
177 0 0.007570863235741854
177 80 0.005114253610372543
177 160 0.005349074490368366
177 240 0.006655192468315363
177 320 0.003394323168322444
177 400 0.0036997245624661446
178 0 0.003419130574911833
178 80 0.0035391664132475853
178 160 0.005680387374013662
178 240 0.004979509860277176
178 320 0.006966984365135431
178 400 0.004240268841385841
179 0 0.004333116579800844
179 80 0.0024367396254092455
179 160 0.003729189047589898
179 240 0.003918308764696121
179 320 0.003856813069432974
179 400 0.006086974870413542
180 0 0.0034533299040049314
180 80 0.0036085015162825584
180 160 0.0030436129309237003
180 240 0.003958133049309254
180 320 0.0036897168029099703
180 400 0.0041425758972764015
181 0 0.006198348943144083
181 80 0.002673896262422204
181 160 0.0034683984704315662
181 240 0.00455867825075984
181 320 0.00652058981359005
181 400 0.002203807234764099
182 0 0.002396402647718787
182 80 0.0024031668435782194
182 160 0.0047938162460923195
182 240 0.004451329819858074
182 320 0.005156329832971096
182 400 0.0035737063735723495
183 0 0.004069354385137558
183 80 0.0014488353626802564
183 160 0.0032727422658354044
183 240 0.009534408338367939
183 320 0.003961259499192238
183 400 0.003577386261895299
184 0 0.0048688496463000774
184 80 0.003546427935361862
184 160 0.0019625751301646233
184 240 0.0026336228474974632
184 320 0.003412992460653186
184 400 0.007158289663493633
185 0 0.0015724233817309141
185 80 0.0032129697501659393
185 160 0.005189315415918827
185 240 0.006093000993132591
185 320 0.0054870531894266605
185 400 0.0037913264241069555
186 0 0.002111670793965459
186 80 0.0029494422487914562
186 160 0.003246626816689968
186 240 0.006086227484047413
186 320 0.002335884375497699
186 400 0.0049249399453401566
187 0 0.0036455970257520676
187 80 0.004211700055748224
187 160 0.004933344665914774
187 240 0.002790712984278798
187 320 0.00268520787358284
187 400 0.004903038032352924
188 0 0.0031695112120360136
188 80 0.0029716684948652983
188 160 0.0034924608189612627
188 240 0.0029284353367984295
188 320 0.0021910802461206913
188 400 0.0032384840305894613
189 0 0.0028921193443238735
189 80 0.003468975657597184
189 160 0.004475041758269072
189 240 0.0034821373410522938
189 320 0.002297805156558752
189 400 0.004990797955542803
190 0 0.003943033516407013
190 80 0.0028207949362695217
190 160 0.00296403537504375
190 240 0.00497078150510788
190 320 0.0022141605149954557
190 400 0.004326147958636284
191 0 0.004815984051674604
191 80 0.002292441437020898
191 160 0.002490056212991476
191 240 0.0019323109881952405
191 320 0.0031837064307183027
191 400 0.0047677489928901196
192 0 0.0032367806416004896
192 80 0.0031374727841466665
192 160 0.0031582105439156294
192 240 0.0024138321168720722
192 320 0.006784453056752682
192 400 0.0025220047682523727
193 0 0.002546596108004451
193 80 0.007314026355743408
193 160 0.0017283846391364932
193 240 0.0024554661940783262
193 320 0.0026873848401010036
193 400 0.0056122224777936935
194 0 0.001923194038681686
194 80 0.0032664830796420574
194 160 0.003977917600423098
194 240 0.001356170978397131
194 320 0.004227220546454191
194 400 0.0037506467197090387
195 0 0.004677205812186003
195 80 0.0029679927974939346
195 160 0.002101372228935361
195 240 0.0015101084718480706
195 320 0.0032620953861624002
195 400 0.004907284863293171
196 0 0.0034850644879043102
196 80 0.001825787709094584
196 160 0.002748732687905431
196 240 0.0022863459307700396
196 320 0.0023478290531784296
196 400 0.0033477284014225006
197 0 0.007249283138662577
197 80 0.0036062514409422874
197 160 0.00236071296967566
197 240 0.00312296231277287
197 320 0.0019963658414781094
197 400 0.003932214342057705
198 0 0.005941652227193117
198 80 0.0025486056692898273
198 160 0.0037654591724276543
198 240 0.004292984027415514
198 320 0.006118828896433115
198 400 0.0030065923929214478
199 0 0.0026238164864480495
199 80 0.0012179630575701594
199 160 0.0030981386080384254
199 240 0.004152442328631878
199 320 0.0033638121094554663
199 400 0.005733163561671972
200 0 0.003674610983580351
200 80 0.002454902743920684
200 160 0.0034581420477479696
200 240 0.004008087795227766
200 320 0.0028834622353315353
200 400 0.002000068314373493
201 0 0.004160810261964798
201 80 0.002663983730599284
201 160 0.0024440865963697433
201 240 0.0014113858342170715
201 320 0.0040436978451907635
201 400 0.007262997329235077
202 0 0.001095179351978004
202 80 0.001626712502911687
202 160 0.0015635585878044367
202 240 0.004264147952198982
202 320 0.003949965815991163
202 400 0.003993141930550337
203 0 0.003452938050031662
203 80 0.0027597208973020315
203 160 0.004038423299789429
203 240 0.003024587407708168
203 320 0.003512601600959897
203 400 0.002694537863135338
204 0 0.003953250590711832
204 80 0.003505498170852661
204 160 0.0034689006861299276
204 240 0.005462332163006067
204 320 0.0028104581870138645
204 400 0.00515090674161911
205 0 0.002253031823784113
205 80 0.003226574743166566
205 160 0.004408005625009537
205 240 0.004040987696498632
205 320 0.001895363675430417
205 400 0.0037299152463674545
206 0 0.003871214110404253
206 80 0.0021554739214479923
206 160 0.004714461509138346
206 240 0.0029697732534259558
206 320 0.005099800880998373
206 400 0.002460054587572813
207 0 0.0030094021931290627
207 80 0.004250404424965382
207 160 0.0022282337304204702
207 240 0.007559160701930523
207 320 0.0018902125302702188
207 400 0.003968806006014347
208 0 0.0030208940152078867
208 80 0.0029364037327468395
208 160 0.002104190643876791
208 240 0.006475499365478754
208 320 0.00212621851824224
208 400 0.0027204614598304033
209 0 0.002644315594807267
209 80 0.0015032205265015364
209 160 0.004779796581715345
209 240 0.008014385588467121
209 320 0.004175020381808281
209 400 0.00206880085170269
210 0 0.002287175739184022
210 80 0.003808393841609359
210 160 0.001883776974864304
210 240 0.005975112784653902
210 320 0.0015395364025607705
210 400 0.0018976376159116626
211 0 0.0022348046768456697
211 80 0.006096556317061186
211 160 0.002612035721540451
211 240 0.00366219412535429
211 320 0.003285431070253253
211 400 0.0033847009763121605
212 0 0.0025847351644188166
212 80 0.0018568811938166618
212 160 0.0030342142563313246
212 240 0.0024672066792845726
212 320 0.0019248537719249725
212 400 0.0025660975370556116
213 0 0.0032191791106015444
213 80 0.0020122157875448465
213 160 0.003342892276123166
213 240 0.003076851600781083
213 320 0.0022261436097323895
213 400 0.0037561983335763216
214 0 0.00494797108694911
214 80 0.002408708445727825
214 160 0.005317114293575287
214 240 0.0025237882509827614
214 320 0.005162936169654131
214 400 0.00477821147069335
215 0 0.003000343218445778
215 80 0.004042712040245533
215 160 0.0019962619990110397
215 240 0.003329578321427107
215 320 0.002733882050961256
215 400 0.0028919847682118416
216 0 0.003487363224849105
216 80 0.0023297108709812164
216 160 0.003458722960203886
216 240 0.005650180857628584
216 320 0.0025377387646585703
216 400 0.0030568756628781557
217 0 0.0029062386602163315
217 80 0.0018514987314119935
217 160 0.003741895779967308
217 240 0.0031371437944471836
217 320 0.0026911101303994656
217 400 0.003496697172522545
218 0 0.0023105426225811243
218 80 0.0042708516120910645
218 160 0.0032067750580608845
218 240 0.00651812506839633
218 320 0.006610532756894827
218 400 0.0023025546688586473
219 0 0.0016627914737910032
219 80 0.002764369361102581
219 160 0.0028435473795980215
219 240 0.003251161426305771
219 320 0.0035585537552833557
219 400 0.002829823177307844
220 0 0.007204081397503614
220 80 0.002176775364205241
220 160 0.0009594215080142021
220 240 0.004038704559206963
220 320 0.001715193735435605
220 400 0.0025044833309948444
221 0 0.002687006490305066
221 80 0.004376949742436409
221 160 0.00157608138397336
221 240 0.0043114544823765755
221 320 0.00455325935035944
221 400 0.004267616663128138
222 0 0.002178413327783346
222 80 0.003421128261834383
222 160 0.004801396280527115
222 240 0.005223272833973169
222 320 0.004260921850800514
222 400 0.0029524164274334908
223 0 0.0024972581304609776
223 80 0.003985981922596693
223 160 0.007273938041180372
223 240 0.0020795438904315233
223 320 0.005347870755940676
223 400 0.0030530293006449938
224 0 0.002910950453951955
224 80 0.0034569725394248962
224 160 0.0036451551131904125
224 240 0.003521169535815716
224 320 0.0023934601340442896
224 400 0.002352688927203417
225 0 0.0030348626896739006
225 80 0.0029376682359725237
225 160 0.0055394950322806835
225 240 0.002441983437165618
225 320 0.00322897220030427
225 400 0.0020885642152279615
226 0 0.0024186838418245316
226 80 0.0018683710368350148
226 160 0.0023949111346155405
226 240 0.002161395736038685
226 320 0.00479859346523881
226 400 0.002929673297330737
227 0 0.0028471564874053
227 80 0.0031736327800899744
227 160 0.0018866790924221277
227 240 0.0014258120208978653
227 320 0.0022034568246454
227 400 0.00288941222243011
228 0 0.0030610866378992796
228 80 0.003433768404647708
228 160 0.0022098023910075426
228 240 0.004707216750830412
228 320 0.0025874432176351547
228 400 0.003057644236832857
229 0 0.005250908434391022
229 80 0.003451409051194787
229 160 0.0022504471708089113
229 240 0.003473827848210931
229 320 0.0033447779715061188
229 400 0.0013894266448915005
230 0 0.003101065754890442
230 80 0.0015286210691556334
230 160 0.006449837237596512
230 240 0.0025137702468782663
230 320 0.005290820263326168
230 400 0.0021195923909544945
231 0 0.003356708912178874
231 80 0.0029592716600745916
231 160 0.0017262576147913933
231 240 0.0022588856518268585
231 320 0.002761209849268198
231 400 0.0026180283166468143
232 0 0.0032874031458050013
232 80 0.0025780033320188522
232 160 0.0013378352159634233
232 240 0.0027354699559509754
232 320 0.002589019713923335
232 400 0.001414115191437304
233 0 0.0009538685553707182
233 80 0.0028223246335983276
233 160 0.001542385551147163
233 240 0.0029141504783183336
233 320 0.0012985585490241647
233 400 0.0025026360526680946
234 0 0.003204447915777564
234 80 0.0034362664446234703
234 160 0.004198099952191114
234 240 0.003246195614337921
234 320 0.0015934387920424342
234 400 0.004533553961664438
235 0 0.0027012680657207966
235 80 0.0016791566740721464
235 160 0.0020968392491340637
235 240 0.004261239897459745
235 320 0.0017558388644829392
235 400 0.0031781573779881
236 0 0.0021541870664805174
236 80 0.0026111167389899492
236 160 0.0020479925442487
236 240 0.002391937654465437
236 320 0.0027949914801865816
236 400 0.0020261623430997133
237 0 0.0045177931897342205
237 80 0.0018125246278941631
237 160 0.003105769632384181
237 240 0.00272185355424881
237 320 0.0038312876131385565
237 400 0.001837078365497291
238 0 0.0024356762878596783
238 80 0.0038757510483264923
238 160 0.0031689568422734737
238 240 0.0023632245138287544
238 320 0.0019231941550970078
238 400 0.0033776822965592146
239 0 0.002713892376050353
239 80 0.002935111988335848
239 160 0.006913192104548216
239 240 0.0030349951703101397
239 320 0.0010954519966617227
239 400 0.004807699471712112
240 0 0.0012771510519087315
240 80 0.005629763938486576
240 160 0.0015322010731324553
240 240 0.0022268143948167562
240 320 0.0028014301788061857
240 400 0.003656065324321389
241 0 0.0033320169895887375
241 80 0.002451965818181634
241 160 0.001899858471006155
241 240 0.0021415764931589365
241 320 0.0008593603270128369
241 400 0.0031764493323862553
242 0 0.0026819605845957994
242 80 0.0012167379027232528
242 160 0.002355213975533843
242 240 0.0016927545657381415
242 320 0.0033349760342389345
242 400 0.0009900020668283105
243 0 0.00431666849181056
243 80 0.002656749216839671
243 160 0.002933092648163438
243 240 0.0035337561275810003
243 320 0.0042951032519340515
243 400 0.0022214073687791824
244 0 0.0014069960452616215
244 80 0.002043867250904441
244 160 0.0022003171034157276
244 240 0.003648289479315281
244 320 0.0013728644698858261
244 400 0.0024767632130533457
245 0 0.0014717008452862501
245 80 0.0010892859427258372
245 160 0.003132537705823779
245 240 0.0013994926121085882
245 320 0.0015035277465358377
245 400 0.0018415404483675957
246 0 0.0019195317290723324
246 80 0.0027620892506092787
246 160 0.002691203262656927
246 240 0.0014959087129682302
246 320 0.00180046446621418
246 400 0.0015531412791460752
247 0 0.0013025932712480426
247 80 0.00268299481831491
247 160 0.003129350021481514
247 240 0.0020082956179976463
247 320 0.0024293481837958097
247 400 0.002533664694055915
248 0 0.0028541083447635174
248 80 0.0027653847355395555
248 160 0.00545609463006258
248 240 0.0029746568761765957
248 320 0.002173281740397215
248 400 0.004209551028907299
249 0 0.002911696443334222
249 80 0.001732412725687027
249 160 0.004861981142312288
249 240 0.004814516752958298
249 320 0.0025620285887271166
249 400 0.0007238084217533469
250 0 0.0023135668598115444
250 80 0.0021995860151946545
250 160 0.002198308939114213
250 240 0.0022583575919270515
250 320 0.0021683606319129467
250 400 0.00047287161578424275
251 0 0.00192803714890033
251 80 0.0014663712354376912
251 160 0.0022365485783666372
251 240 0.003488125978037715
251 320 0.00303174601867795
251 400 0.002400553086772561
252 0 0.00244272593408823
252 80 0.0018566525541245937
252 160 0.0011882612016052008
252 240 0.0029270534869283438
252 320 0.003241220023483038
252 400 0.0020909083541482687
253 0 0.0027309830766171217
253 80 0.00401312718167901
253 160 0.0026560265105217695
253 240 0.0017425285186618567
253 320 0.002176753943786025
253 400 0.004361839033663273
254 0 0.002649101661518216
254 80 0.0028311724308878183
254 160 0.004687860608100891
254 240 0.004355063661932945
254 320 0.003349628299474716
254 400 0.001672507030889392
255 0 0.0016611278988420963
255 80 0.0009633091394789517
255 160 0.003961016424000263
255 240 0.003264278406277299
255 320 0.001921232440508902
255 400 0.002814910840243101
256 0 0.0021298013161867857
256 80 0.0013488811673596501
256 160 0.001968631986528635
256 240 0.003354066051542759
256 320 0.00554092088714242
256 400 0.0021740151569247246
257 0 0.004701977130025625
257 80 0.004851989448070526
257 160 0.0023222577292472124
257 240 0.0036892087664455175
257 320 0.0021345827262848616
257 400 0.0023689891677349806
258 0 0.00188192178029567
258 80 0.0017809098353609443
258 160 0.0017899442464113235
258 240 0.002415640512481332
258 320 0.002342133317142725
258 400 0.001982475630939007
259 0 0.0021170268300920725
259 80 0.0016701922286301851
259 160 0.002485747681930661
259 240 0.0016693389043211937
259 320 0.0015718975337222219
259 400 0.0032590553164482117
260 0 0.0016991192242130637
260 80 0.0008184551261365414
260 160 0.004358136095106602
260 240 0.0027189350221306086
260 320 0.0007511970470659435
260 400 0.003084543626755476
261 0 0.0010135933989658952
261 80 0.0022976198233664036
261 160 0.0021368367597460747
261 240 0.001799875870347023
261 320 0.0034794225357472897
261 400 0.0022654037456959486
262 0 0.002668362110853195
262 80 0.0015916019910946488
262 160 0.001297206268645823
262 240 0.0013416523579508066
262 320 0.0023942303378134966
262 400 0.002356337383389473
263 0 0.0036055378150194883
263 80 0.0038886689580976963
263 160 0.0017215557163581252
263 240 0.004247941076755524
263 320 0.003321245079860091
263 400 0.0015659615164622664
264 0 0.0015714589972048998
264 80 0.0020900433883070946
264 160 0.0019767123740166426
264 240 0.0026417665649205446
264 320 0.002154939342290163
264 400 0.0012405392481014132
265 0 0.003181218169629574
265 80 0.003057205118238926
265 160 0.0023804560769349337
265 240 0.002543084090575576
265 320 0.002161872573196888
265 400 0.004733877256512642
266 0 0.0030751985032111406
266 80 0.003022058866918087
266 160 0.002768502105027437
266 240 0.0029174783267080784
266 320 0.0020412225276231766
266 400 0.0028231299947947264
267 0 0.0025559854693710804
267 80 0.002233750419691205
267 160 0.00394156388938427
267 240 0.002547014970332384
267 320 0.00209686066955328
267 400 0.002319214167073369
268 0 0.002468966878950596
268 80 0.0017221147427335382
268 160 0.002568451687693596
268 240 0.0027321898378431797
268 320 0.0014238329604268074
268 400 0.0017901285318657756
269 0 0.0025841384194791317
269 80 0.0023154104128479958
269 160 0.000999177573248744
269 240 0.001081859809346497
269 320 0.0011135843815281987
269 400 0.0017636866541579366
270 0 0.0020355521701276302
270 80 0.0025474720168858767
270 160 0.0026976140215992928
270 240 0.002397795906290412
270 320 0.002169978339225054
270 400 0.002147529972717166
271 0 0.001585523597896099
271 80 0.0017551288474351168
271 160 0.0012115829158574343
271 240 0.0016438604798167944
271 320 0.003435214515775442
271 400 0.001636916073039174
272 0 0.0017613006057217717
272 80 0.0023503736592829227
272 160 0.003740771673619747
272 240 0.001460160594433546
272 320 0.0015279434155672789
272 400 0.002613936085253954
273 0 0.0024126421194523573
273 80 0.0032577025704085827
273 160 0.0011129043996334076
273 240 0.0021021959837526083
273 320 0.004211924504488707
273 400 0.002088467124849558
274 0 0.0034524197690188885
274 80 0.0018510069930925965
274 160 0.00264149927534163
274 240 0.004117695614695549
274 320 0.0037274386268109083
274 400 0.0029270125087350607
275 0 0.0019697288516908884
275 80 0.0015304090920835733
275 160 0.0012015546672046185
275 240 0.0012886460172012448
275 320 0.0016811199020594358
275 400 0.002483624964952469
276 0 0.002037373837083578
276 80 0.001669987104833126
276 160 0.0022936167661100626
276 240 0.002707048086449504
276 320 0.001288181054405868
276 400 0.0017823418602347374
277 0 0.0017768469406291842
277 80 0.0026251061353832483
277 160 0.00335186580196023
277 240 0.0023438851349055767
277 320 0.0017613440286368132
277 400 0.0027997298166155815
278 0 0.001362658105790615
278 80 0.0012347607407718897
278 160 0.0034856670536100864
278 240 0.0033909990452229977
278 320 0.002482837997376919
278 400 0.002258886583149433
279 0 0.0020496253855526447
279 80 0.0012047931086272001
279 160 0.004012411925941706
279 240 0.0014285465003922582
279 320 0.0013282523723319173
279 400 0.0022688466124236584
280 0 0.0021306367125362158
280 80 0.0021697517950087786
280 160 0.0010762845631688833
280 240 0.003193546086549759
280 320 0.0006812165956944227
280 400 0.0018103460315614939
281 0 0.0029282993637025356
281 80 0.0014995118835940957
281 160 0.0016209156019613147
281 240 0.0020845672115683556
281 320 0.0017115685623139143
281 400 0.003879989730194211
282 0 0.002005433663725853
282 80 0.0024344543926417828
282 160 0.0023528907913714647
282 240 0.0024709401186555624
282 320 0.002057647332549095
282 400 0.0017873733304440975
283 0 0.0032861558720469475
283 80 0.0023422865197062492
283 160 0.0025409290101379156
283 240 0.0015800453256815672
283 320 0.002220508176833391
283 400 0.003227345645427704
284 0 0.0019207262666895986
284 80 0.003447301685810089
284 160 0.0022947555407881737
284 240 0.0006058189319446683
284 320 0.002521160989999771
284 400 0.001851361128501594
285 0 0.002557229483500123
285 80 0.001495863078162074
285 160 0.002102780621498823
285 240 0.0027461375575512648
285 320 0.0021986847277730703
285 400 0.0021595389116555452
286 0 0.0017213786486536264
286 80 0.0013231746852397919
286 160 0.0019286952447146177
286 240 0.002157003851607442
286 320 0.001122376648709178
286 400 0.003056255402043462
287 0 0.004139977507293224
287 80 0.0009190856944769621
287 160 0.002253954764455557
287 240 0.0039225490763783455
287 320 0.0022355918772518635
287 400 0.0011992057552561164
288 0 0.0012877237750217319
288 80 0.0006786903832107782
288 160 0.002000659005716443
288 240 0.0019882807973772287
288 320 0.0035741268657147884
288 400 0.0022231752518564463
289 0 0.0023130152840167284
289 80 0.0012580226175487041
289 160 0.0018158818129450083
289 240 0.0028482049237936735
289 320 0.002137904753908515
289 400 0.0014040663372725248
290 0 0.0024256212636828423
290 80 0.0015527920331805944
290 160 0.0026858607307076454
290 240 0.0014964590081945062
290 320 0.0023610552307218313
290 400 0.0024632757995277643
291 0 0.0025092046707868576
291 80 0.0017871097661554813
291 160 0.0017881675157696009
291 240 0.0015061779413372278
291 320 0.0011393292807042599
291 400 0.0018302534008398652
292 0 0.0022539591882377863
292 80 0.00235269614495337
292 160 0.002546953037381172
292 240 0.0023060026578605175
292 320 0.0028936429880559444
292 400 0.00062468001851812
293 0 0.0030886230524629354
293 80 0.0016580232186242938
293 160 0.002557614119723439
293 240 0.003510652808472514
293 320 0.0015210066922008991
293 400 0.002047105925157666
294 0 0.002973833354189992
294 80 0.0012043517781421542
294 160 0.0009512379765510559
294 240 0.0007866924861446023
294 320 0.0019143542740494013
294 400 0.0014265159843489528
295 0 0.001835011295042932
295 80 0.004562663845717907
295 160 0.0027111871168017387
295 240 0.001041652518324554
295 320 0.0013628120068460703
295 400 0.0024169180542230606
296 0 0.001287947641685605
296 80 0.002287345938384533
296 160 0.0012378779938444495
296 240 0.0012355970684438944
296 320 0.001271596411243081
296 400 0.001781830214895308
297 0 0.0024945063050836325
297 80 0.0015136732254177332
297 160 0.0015604420332238078
297 240 0.002266222843900323
297 320 0.001720427768304944
297 400 0.0010039637563750148
298 0 0.0036349568981677294
298 80 0.002595001831650734
298 160 0.0018883285811170936
298 240 0.0018631851999089122
298 320 0.0020952224731445312
298 400 0.0011857544304803014
299 0 0.001646667718887329
299 80 0.0016648249002173543
299 160 0.002194767352193594
299 240 0.002158314920961857
299 320 0.0012692250311374664
299 400 0.0015272250166162848
300 0 0.0019485816592350602
300 80 0.000818051106762141
300 160 0.0020883576944470406
300 240 0.0009785735746845603
300 320 0.002054295502603054
300 400 0.0018409477779641747
