1 0.42708096009836016 0.8774666666666666
2 0.23771546897031606 0.9328166666666666
3 0.19635811942154918 0.9458666666666666
4 0.17124385394648448 0.95235
5 0.15307349898318237 0.9584
6 0.13939811450554362 0.9620166666666666
7 0.12812212559142347 0.9652166666666666
8 0.11879160046291504 0.96785
9 0.1109216749620463 0.9698333333333333
10 0.10408563417459983 0.9720166666666666
11 0.0981987202281891 0.9735333333333334
12 0.09284845130371132 0.97525
13 0.0878398700682784 0.9765333333333334
14 0.08381381319927127 0.9780166666666666
15 0.07982986341756798 0.9793333333333333
16 0.07616781771802572 0.98
17 0.07299184161367447 0.98095
18 0.06991191883918954 0.9821333333333333
19 0.06709046877110436 0.9824333333333334
20 0.06452265000546664 0.9836333333333334
21 0.062118954702353936 0.9844333333333334
22 0.05967569065246501 0.9851666666666666
23 0.057551087422379806 0.98585
24 0.055618411059112055 0.98635
25 0.05370897251659873 0.9866666666666667
26 0.051943368212913656 0.9872666666666666
27 0.05029922332177793 0.9877333333333334
28 0.04863992310575903 0.9883666666666666
29 0.047130916988465194 0.9885833333333334
30 0.04565933041536668 0.9891333333333333
31 0.044324993034765156 0.9894166666666667
32 0.04302019500203415 0.9898333333333333
33 0.04177118119185985 0.9903666666666666
34 0.040621427586798604 0.9904333333333334
35 0.03944490913317592 0.9908666666666667
36 0.03842300457208713 0.9913
37 0.03727990700634939 0.9912
38 0.03625872623183326 0.9920666666666667
39 0.035363838088506065 0.9920833333333333
40 0.034405160325962594 0.9923333333333333
41 0.03351495748977544 0.9928
42 0.032610080202918314 0.9929333333333333
43 0.03182472595607421 0.9934
44 0.031031495820023992 0.9937
45 0.03021579791408485 0.9938333333333333
46 0.029564693522478726 0.9942
47 0.028826805367779883 0.9943333333333333
48 0.028133473044305024 0.9948
49 0.02751502565054624 0.9949
50 0.02683879284541617 0.995
51 0.0262040783669045 0.99535
52 0.02563275226147603 0.9953666666666666
53 0.025049760917833112 0.9956666666666667
54 0.024467209351064362 0.9957833333333334
55 0.02396193431265382 0.996
56 0.023455858520512133 0.9962166666666666
57 0.0229290792607327 0.9962166666666666
58 0.022446082929756913 0.9963166666666666
59 0.02194060163417541 0.9965666666666667
60 0.02151731211247284 0.99675
61 0.021037915988620728 0.9970666666666667
62 0.02062954245679287 0.9970166666666667
63 0.02019408679823441 0.9969833333333333
64 0.019813024656358622 0.9972833333333333
65 0.01941680002000445 0.9972333333333333
66 0.018988132622760178 0.99745
67 0.01859875287967863 0.9976666666666667
68 0.018296194616268312 0.9977166666666667
69 0.017906277487153757 0.99775
70 0.01760016024601199 0.99785
71 0.017245695987807664 0.9979
72 0.016916927001846115 0.9980333333333333
73 0.016591324004779525 0.9981
74 0.016288394113379057 0.9981333333333333
75 0.015974899360747224 0.9982333333333333
76 0.015713842632844727 0.9981833333333333
77 0.015427935287666155 0.9984166666666666
78 0.015170456942861904 0.9984833333333333
79 0.014891425388426319 0.99845
80 0.014628529312339291 0.99865
81 0.014383097735743946 0.9986666666666667
82 0.01414682712507194 0.99875
83 0.01389434134541973 0.9988
84 0.013654563302940716 0.9988333333333334
85 0.013441687345063921 0.9987833333333334
86 0.013192607897089552 0.9989333333333333
87 0.012992706481438836 0.999
88 0.012763606108375576 0.9989666666666667
89 0.012588865118228328 0.9989833333333333
90 0.012385735426272856 0.9990333333333333
91 0.012157854732813072 0.9991
92 0.011972797761506428 0.9990833333333333
93 0.011803151613701063 0.9991166666666667
94 0.01160624179977185 0.9991833333333333
95 0.011434998534528463 0.99915
96 0.01126460151981189 0.9992166666666666
97 0.011080062906714533 0.9991833333333333
98 0.010922987974171381 0.9992833333333333
99 0.010763563882948747 0.9992666666666666
100 0.010615208654849132 0.9993166666666666
101 0.010448502309159684 0.9992666666666666
102 0.010296750242319474 0.9993
103 0.010148343108127763 0.9993666666666666
104 0.009997254679861194 0.9994
105 0.00986076320416288 0.9994833333333333
106 0.009740319910214972 0.9994666666666666
107 0.009613640107232323 0.99945
108 0.00947746726126273 0.9994833333333333
109 0.009322918167135227 0.9995666666666667
110 0.009207431943828998 0.9995
111 0.009096046054819182 0.9995333333333334
112 0.008954080125775688 0.9995666666666667
113 0.008858315843735327 0.9995666666666667
114 0.008726697380362606 0.99955
115 0.008618870753048262 0.9996
116 0.008505586573460908 0.9996833333333334
117 0.008387901950806284 0.99965
118 0.008301497046361123 0.9997
119 0.008187177348514594 0.9996833333333334
120 0.00807955834209355 0.9997666666666667
121 0.00799804940588399 0.9997166666666667
122 0.007891178443364656 0.9997166666666667
123 0.007781096609003509 0.9997166666666667
124 0.007690699763600029 0.9997666666666667
125 0.0076056722256698526 0.9997666666666667
126 0.0075151832359257155 0.9997666666666667
127 0.007428042975856043 0.9997666666666667
128 0.007338991104218084 0.9997666666666667
129 0.007250193186275073 0.9998
130 0.007169389160725274 0.9997666666666667
131 0.007084855933917928 0.9998333333333334
132 0.007019162531008821 0.9998333333333334
133 0.006926957887958791 0.9997833333333334
134 0.006853934434770759 0.9998333333333334
135 0.0067675722470538794 0.9998666666666667
136 0.006713094094942914 0.99985
137 0.006619582687423174 0.9998333333333334
138 0.00656472269727636 0.99985
139 0.0064862967354120385 0.9998833333333333
140 0.006415340562672741 0.9998833333333333
141 0.006342999614538875 0.9999
142 0.006281585817330523 0.9998833333333333
143 0.006221239597274503 0.9998833333333333
144 0.006151293131109796 0.9999
145 0.006089677878800454 0.9999166666666667
146 0.006019072312273895 0.9998833333333333
147 0.0059660942683905874 0.9999166666666667
148 0.005903627073862897 0.9999166666666667
149 0.0058389347958078645 0.9999166666666667
150 0.005785468821056378 0.99995
151 0.005731078539428903 0.9999
152 0.005654949676751821 0.9999666666666667
153 0.005618533076120735 0.99995
154 0.005562162755785991 0.9999333333333333
155 0.0055076115616241785 0.99995
156 0.005445650338616246 0.9999666666666667
157 0.005405291896323358 0.9999333333333333
158 0.0053514341279161355 0.99995
159 0.005300864599633223 0.9999166666666667
160 0.005258307087548903 0.9999666666666667
161 0.005205539320764352 0.9999666666666667
162 0.005153785432144793 0.9999666666666667
163 0.005108252438261851 0.9999666666666667
164 0.005063869876227082 0.9999666666666667
165 0.005012001232631298 0.9999666666666667
166 0.004976170577867421 0.9999666666666667
167 0.0049272460519457295 0.9999666666666667
168 0.004886408211978109 0.9999666666666667
169 0.004834932078774184 0.99995
170 0.004799477933749144 0.9999833333333333
171 0.004754525634632913 0.9999833333333333
172 0.004715497063885905 0.9999833333333333
173 0.004678008786495973 0.9999833333333333
174 0.004633528292119535 0.9999833333333333
175 0.004603063342904151 0.9999833333333333
176 0.004562785406894823 0.9999666666666667
177 0.004527272856873728 0.9999833333333333
178 0.0044840281756757605 0.9999833333333333
179 0.004445097992010018 0.9999833333333333
180 0.004413811286150821 0.9999833333333333
181 0.004376017870302044 0.9999833333333333
182 0.004341996420842053 0.9999833333333333
183 0.004300592521921412 0.9999833333333333
184 0.004274588530269592 0.9999833333333333
185 0.004239453641233096 0.9999833333333333
186 0.004202770660378174 0.9999833333333333
187 0.0041730808183999615 0.9999833333333333
188 0.004134167800657451 0.9999833333333333
189 0.0041093553784045216 0.9999833333333333
190 0.004072515125414218 0.9999833333333333
191 0.00404856267617519 0.9999833333333333
192 0.004016214731841414 1.0
193 0.003982456055591935 0.9999833333333333
194 0.003947947602738926 1.0
195 0.003925677221481885 0.9999833333333333
196 0.00389746101540841 0.9999833333333333
197 0.0038706710821996603 0.9999833333333333
198 0.0038381973568197172 1.0
199 0.0038121053262669315 1.0
200 0.0037813776673854336 1.0
201 0.003757365389482807 1.0
202 0.003726917663529547 1.0
203 0.0037023910005559036 1.0
204 0.0036751932257524274 0.9999833333333333
205 0.003650701833146213 1.0
206 0.00362190719197955 1.0
207 0.0035953492473270784 1.0
208 0.003570855464359352 1.0
209 0.0035466974601646 1.0
210 0.003523395154630142 1.0
211 0.0034967518310054643 1.0
212 0.0034756055809180143 1.0
213 0.003452518012752927 1.0
214 0.003427757014548267 1.0
215 0.003394825461651705 1.0
216 0.003385522266301805 1.0
217 0.003359846833687244 1.0
218 0.003335783604099584 1.0
219 0.00331554488963517 1.0
220 0.0032959775981813003 1.0
221 0.0032724174958810625 1.0
222 0.0032518716323733537 1.0
223 0.0032292132556035334 1.0
224 0.0032070509031730723 1.0
225 0.0031877501269748833 1.0
226 0.003172030004966599 1.0
227 0.0031487523544101175 1.0
228 0.003129657184052815 1.0
229 0.0031121393299794625 1.0
230 0.003091084867043655 1.0
231 0.0030738952084889276 1.0
232 0.0030523292274265957 1.0
233 0.003037033109009258 1.0
234 0.003015628132819216 1.0
235 0.0029959562873747795 1.0
236 0.0029817308402999535 1.0
237 0.0029579565966072908 1.0
238 0.0029442140629995605 1.0
239 0.0029279199625695074 1.0
240 0.0029090659243356525 1.0
241 0.0028939744870144645 1.0
242 0.0028762337514636185 1.0
243 0.0028582177247041896 1.0
244 0.0028424574185593695 1.0
245 0.0028245088219620794 1.0
246 0.00280886733118119 1.0
247 0.002787600190483971 1.0
248 0.002779439864888676 1.0
249 0.0027591648241276664 1.0
250 0.002747148214561392 1.0
251 0.0027283965235155054 1.0
252 0.00270877095725713 1.0
253 0.00269843318769192 1.0
254 0.002686477935329866 1.0
255 0.0026717925225066812 1.0
256 0.0026541519444684054 1.0
257 0.0026389684678037473 1.0
258 0.002624614316268143 1.0
259 0.002610858870240282 1.0
260 0.0025965899477518204 1.0
261 0.0025820977137441924 1.0
262 0.0025683219994116486 1.0
263 0.002555286832107132 1.0
264 0.0025438891289614714 1.0
265 0.002527562972120464 1.0
266 0.002513364328990883 1.0
267 0.0025006306937524377 1.0
268 0.0024882268831024628 1.0
269 0.002474932660927563 1.0
270 0.0024600762280393273 1.0
271 0.002448726387352927 1.0
272 0.0024377092528444872 1.0
273 0.0024208827456806913 1.0
274 0.002411904372721672 1.0
275 0.002396920412557442 1.0
276 0.0023869793738118374 1.0
277 0.0023759694408569763 1.0
278 0.002362842570547499 1.0
279 0.002351610267511023 1.0
280 0.002337504466407315 1.0
281 0.0023266069019766355 1.0
282 0.0023166605298455033 1.0
283 0.002306187472396544 1.0
284 0.0022928180796817055 1.0
285 0.0022817940491168245 1.0
286 0.0022712503884435454 1.0
287 0.002260706806331992 1.0
288 0.0022474086300076756 1.0
289 0.00223757130595774 1.0
290 0.002225711857696483 1.0
291 0.0022163007559546674 1.0
292 0.0022046512379042945 1.0
293 0.0021942456652259412 1.0
294 0.002183548099835957 1.0
295 0.0021744349356820143 1.0
296 0.002164496271473878 1.0
297 0.002154752859589594 1.0
298 0.002143846626809514 1.0
299 0.0021337214223136986 1.0
300 0.002124865282960395 1.0
9999 0.0020944932475686073 1.0
