1 0 2.8594424724578857
1 80 0.5388246178627014
1 160 0.4215645492076874
1 240 0.27559712529182434
1 320 0.3484259843826294
1 400 0.34592676162719727
2 0 0.3412850797176361
2 80 0.24711214005947113
2 160 0.3569440245628357
2 240 0.26375076174736023
2 320 0.19818457961082458
2 400 0.2150471955537796
3 0 0.3269760012626648
3 80 0.20530468225479126
3 160 0.27951815724372864
3 240 0.2918141186237335
3 320 0.20372320711612701
3 400 0.1543353796005249
4 0 0.15065644681453705
4 80 0.1694362908601761
4 160 0.24498304724693298
4 240 0.14575111865997314
4 320 0.09514744579792023
4 400 0.08406800776720047
5 0 0.20572589337825775
5 80 0.10723733901977539
5 160 0.13377103209495544
5 240 0.12971408665180206
5 320 0.0766151025891304
5 400 0.15119391679763794
6 0 0.14432582259178162
6 80 0.17792761325836182
6 160 0.13953153789043427
6 240 0.09780915826559067
6 320 0.19172696769237518
6 400 0.17550967633724213
7 0 0.12341095507144928
7 80 0.12082353979349136
7 160 0.1130177453160286
7 240 0.20892371237277985
7 320 0.12016916275024414
7 400 0.08669529110193253
8 0 0.11336273699998856
8 80 0.15667188167572021
8 160 0.12473414093255997
8 240 0.07972218096256256
8 320 0.11052514612674713
8 400 0.07274077832698822
9 0 0.0877111554145813
9 80 0.13030937314033508
9 160 0.0478968545794487
9 240 0.1653592437505722
9 320 0.12886664271354675
9 400 0.0666603222489357
10 0 0.11677369475364685
10 80 0.11476470530033112
10 160 0.08173336088657379
10 240 0.10003629326820374
10 320 0.16784682869911194
10 400 0.0442490316927433
11 0 0.07613057643175125
11 80 0.09219430387020111
11 160 0.06486194580793381
11 240 0.06734883785247803
11 320 0.11316234618425369
11 400 0.0442500002682209
12 0 0.09648346900939941
12 80 0.11012828350067139
12 160 0.1436452865600586
12 240 0.07331811636686325
12 320 0.12237366288900375
12 400 0.10156064480543137
13 0 0.08593680709600449
13 80 0.04289804771542549
13 160 0.10931555181741714
13 240 0.04144413024187088
13 320 0.07297354936599731
13 400 0.07960418611764908
14 0 0.08589726686477661
14 80 0.016411911696195602
14 160 0.052110325545072556
14 240 0.058014124631881714
14 320 0.09742145240306854
14 400 0.1721348762512207
15 0 0.06039721146225929
15 80 0.07570656388998032
15 160 0.04278315231204033
15 240 0.07540585845708847
15 320 0.17845553159713745
15 400 0.0494234561920166
16 0 0.07848513126373291
16 80 0.07483877241611481
16 160 0.053360577672719955
16 240 0.0724235251545906
16 320 0.10754887759685516
16 400 0.047102782875299454
17 0 0.09650611877441406
17 80 0.08072347193956375
17 160 0.03751438856124878
17 240 0.057345785200595856
17 320 0.05962316691875458
17 400 0.09217842668294907
18 0 0.05348392203450203
18 80 0.04724198579788208
18 160 0.051030147820711136
18 240 0.030146105214953423
18 320 0.06663108617067337
18 400 0.04072902351617813
19 0 0.06267499178647995
19 80 0.018089061602950096
19 160 0.12169145047664642
19 240 0.04636003077030182
19 320 0.06800996512174606
19 400 0.06760486215353012
20 0 0.054245058447122574
20 80 0.036996990442276
20 160 0.09573560953140259
20 240 0.13047659397125244
20 320 0.06928750872612
20 400 0.04074779525399208
21 0 0.04891645163297653
21 80 0.1355515718460083
21 160 0.03998998925089836
21 240 0.08185844868421555
21 320 0.04413853585720062
21 400 0.03594118729233742
22 0 0.057551465928554535
22 80 0.044517625123262405
22 160 0.06160416454076767
22 240 0.07104939222335815
22 320 0.060244929045438766
22 400 0.04412452131509781
23 0 0.04218210652470589
23 80 0.07452620565891266
23 160 0.10404752194881439
23 240 0.03219118341803551
23 320 0.11934814602136612
23 400 0.06231134757399559
24 0 0.0373302698135376
24 80 0.02642112970352173
24 160 0.09111055731773376
24 240 0.031676825135946274
24 320 0.06675077229738235
24 400 0.05671852082014084
25 0 0.036413297057151794
25 80 0.06274797022342682
25 160 0.060574647039175034
25 240 0.03180161863565445
25 320 0.037918299436569214
25 400 0.09130749851465225
26 0 0.04037909209728241
26 80 0.06117120385169983
26 160 0.045409031212329865
26 240 0.09044771641492844
26 320 0.07367374002933502
26 400 0.031337302178144455
27 0 0.07533805817365646
27 80 0.051014482975006104
27 160 0.05508948117494583
27 240 0.03513898700475693
27 320 0.03327694907784462
27 400 0.05605291575193405
28 0 0.05546766147017479
28 80 0.015280555933713913
28 160 0.0452270433306694
28 240 0.025598300620913506
28 320 0.07585205137729645
28 400 0.05860225483775139
29 0 0.07178580015897751
29 80 0.026511097326874733
29 160 0.038940973579883575
29 240 0.032997798174619675
29 320 0.04251707345247269
29 400 0.05495716631412506
30 0 0.04317562282085419
30 80 0.024962831288576126
30 160 0.042540788650512695
30 240 0.06430204957723618
30 320 0.05260433256626129
30 400 0.10965950787067413
31 0 0.03573010489344597
31 80 0.06094652786850929
31 160 0.04664924368262291
31 240 0.02259417064487934
31 320 0.05260780081152916
31 400 0.05815377086400986
32 0 0.028172481805086136
32 80 0.07229520380496979
32 160 0.02847074717283249
32 240 0.03912283107638359
32 320 0.028229322284460068
32 400 0.013738571666181087
33 0 0.03285283222794533
33 80 0.024409372359514236
33 160 0.026751311495900154
33 240 0.01909385435283184
33 320 0.025506753474473953
33 400 0.052203547209501266
34 0 0.030342092737555504
34 80 0.055421389639377594
34 160 0.03254035487771034
34 240 0.021985536441206932
34 320 0.058461252599954605
34 400 0.03648992255330086
35 0 0.04202059656381607
35 80 0.06617014110088348
35 160 0.027293778955936432
35 240 0.03695864975452423
35 320 0.03712999075651169
35 400 0.022706765681505203
36 0 0.025306081399321556
36 80 0.015674374997615814
36 160 0.05864284560084343
36 240 0.028645923361182213
36 320 0.05403469130396843
36 400 0.031766705214977264
37 0 0.054585833102464676
37 80 0.019566603004932404
37 160 0.030058305710554123
37 240 0.03804752603173256
37 320 0.023322900757193565
37 400 0.05631030350923538
38 0 0.021492935717105865
38 80 0.06506051123142242
38 160 0.014003780670464039
38 240 0.030672289431095123
38 320 0.05754391476511955
38 400 0.01921614073216915
39 0 0.0306535717099905
39 80 0.039085663855075836
39 160 0.01941339112818241
39 240 0.01994618959724903
39 320 0.03881942108273506
39 400 0.0673905611038208
40 0 0.016903329640626907
40 80 0.028255784884095192
40 160 0.03647106885910034
40 240 0.08485373854637146
40 320 0.022227400913834572
40 400 0.014189138077199459
41 0 0.06120981276035309
41 80 0.027985598891973495
41 160 0.03344569727778435
41 240 0.02169431932270527
41 320 0.04544949531555176
41 400 0.012063850648701191
42 0 0.021876974031329155
42 80 0.016601325944066048
42 160 0.03872375562787056
42 240 0.04741578549146652
42 320 0.02584167942404747
42 400 0.02996991015970707
43 0 0.01589338481426239
43 80 0.04012301564216614
43 160 0.03301830589771271
43 240 0.028740931302309036
43 320 0.06309399008750916
43 400 0.045432932674884796
44 0 0.03528418019413948
44 80 0.050711747258901596
44 160 0.023949533700942993
44 240 0.02168598584830761
44 320 0.02387165278196335
44 400 0.023161152377724648
45 0 0.010699448175728321
45 80 0.03333982080221176
45 160 0.060953207314014435
45 240 0.034535810351371765
45 320 0.0369589626789093
45 400 0.04216356202960014
46 0 0.028894755989313126
46 80 0.023247798904776573
46 160 0.018617549911141396
46 240 0.03401922062039375
46 320 0.026323774829506874
46 400 0.025766557082533836
47 0 0.027684547007083893
47 80 0.014444876462221146
47 160 0.017610521987080574
47 240 0.028787722811102867
47 320 0.04453260079026222
47 400 0.04115276038646698
48 0 0.05095100402832031
48 80 0.010407968424260616
48 160 0.02277233637869358
48 240 0.04304500296711922
48 320 0.013431222178041935
48 400 0.015332264825701714
49 0 0.0333348885178566
49 80 0.038932230323553085
49 160 0.028904970735311508
49 240 0.007506540976464748
49 320 0.03250730037689209
49 400 0.009967359714210033
50 0 0.04293264076113701
50 80 0.014445008710026741
50 160 0.027576252818107605
50 240 0.03282711282372475
50 320 0.0205525029450655
50 400 0.017510883510112762
51 0 0.01953350007534027
51 80 0.02074558660387993
51 160 0.0318857803940773
51 240 0.01749260537326336
51 320 0.04966163635253906
51 400 0.027553923428058624
52 0 0.016697991639375687
52 80 0.026633702218532562
52 160 0.01570090465247631
52 240 0.03819182515144348
52 320 0.01168550830334425
52 400 0.014156554825603962
53 0 0.026844093576073647
53 80 0.011802293360233307
53 160 0.043688926845788956
53 240 0.023751620203256607
53 320 0.02141670323908329
53 400 0.01257757656276226
54 0 0.024183910340070724
54 80 0.017719680443406105
54 160 0.013756182044744492
54 240 0.027784543111920357
54 320 0.014767400920391083
54 400 0.01500695664435625
55 0 0.021701209247112274
55 80 0.023589707911014557
55 160 0.026700595393776894
55 240 0.01217530108988285
55 320 0.028503479436039925
55 400 0.01960010454058647
56 0 0.027133626863360405
56 80 0.013554413802921772
56 160 0.042357202619314194
56 240 0.028442757204174995
56 320 0.023486370220780373
56 400 0.028362900018692017
57 0 0.016502004116773605
57 80 0.022343067452311516
57 160 0.03196101635694504
57 240 0.013630874454975128
57 320 0.04402925819158554
57 400 0.007975556887686253
58 0 0.016636576503515244
58 80 0.02187572605907917
58 160 0.014349445700645447
58 240 0.010979937389492989
58 320 0.027304859831929207
58 400 0.02543354220688343
59 0 0.015455445274710655
59 80 0.015768636018037796
59 160 0.010036494582891464
59 240 0.02965952269732952
59 320 0.022295668721199036
59 400 0.012732865288853645
60 0 0.00852877739816904
60 80 0.01927049458026886
60 160 0.02061571180820465
60 240 0.023196907714009285
60 320 0.0439143180847168
60 400 0.020052563399076462
61 0 0.012395312078297138
61 80 0.005372271873056889
61 160 0.012588881887495518
61 240 0.022163035348057747
61 320 0.01538744755089283
61 400 0.019673874601721764
62 0 0.012016947381198406
62 80 0.017097020521759987
62 160 0.016790859401226044
62 240 0.010671429336071014
62 320 0.03263213485479355
62 400 0.02051001414656639
63 0 0.013188082724809647
63 80 0.009097099304199219
63 160 0.014359950087964535
63 240 0.010572252795100212
63 320 0.04121294617652893
63 400 0.028213050216436386
64 0 0.021722085773944855
64 80 0.018563587218523026
64 160 0.013638532720506191
64 240 0.017233960330486298
64 320 0.03580009192228317
64 400 0.020486438646912575
65 0 0.017357122153043747
65 80 0.031084982678294182
65 160 0.020384635776281357
65 240 0.031875982880592346
65 320 0.02167392335832119
65 400 0.012555682100355625
66 0 0.02790936827659607
66 80 0.014983505941927433
66 160 0.05645361542701721
66 240 0.01623413898050785
66 320 0.026776112616062164
66 400 0.012876763008534908
67 0 0.02984226495027542
67 80 0.024477828294038773
67 160 0.011923175305128098
67 240 0.027837440371513367
67 320 0.017246875911951065
67 400 0.017669739201664925
68 0 0.01450198795646429
68 80 0.01728278398513794
68 160 0.014804643578827381
68 240 0.02044263854622841
68 320 0.02620459720492363
68 400 0.014089028351008892
69 0 0.025898681953549385
69 80 0.014243974350392818
69 160 0.01649889163672924
69 240 0.006460695993155241
69 320 0.009579670615494251
69 400 0.009897965006530285
70 0 0.018953831866383553
70 80 0.022556504234671593
70 160 0.025005143135786057
70 240 0.009356493130326271
70 320 0.007277251221239567
70 400 0.010960225947201252
71 0 0.009811229072511196
71 80 0.02437448687851429
71 160 0.019715923815965652
71 240 0.03444061428308487
71 320 0.017152629792690277
71 400 0.017167825251817703
72 0 0.007584745995700359
72 80 0.011562464758753777
72 160 0.020360417664051056
72 240 0.01587465964257717
72 320 0.013391003012657166
72 400 0.012053622864186764
73 0 0.05617504566907883
73 80 0.012694250792264938
73 160 0.009830869734287262
73 240 0.01795230805873871
73 320 0.017648620530962944
73 400 0.00913921371102333
74 0 0.010199529118835926
74 80 0.01582847349345684
74 160 0.02066889777779579
74 240 0.010979519225656986
74 320 0.024173136800527573
74 400 0.017909202724695206
75 0 0.015788966789841652
75 80 0.011401772499084473
75 160 0.015267608687281609
75 240 0.03211554139852524
75 320 0.010607372969388962
75 400 0.01626269519329071
76 0 0.028858257457613945
76 80 0.014765013940632343
76 160 0.02086319401860237
76 240 0.014521889388561249
76 320 0.02311927080154419
76 400 0.01661343313753605
77 0 0.012969467788934708
77 80 0.024070948362350464
77 160 0.007071762345731258
77 240 0.016511697322130203
77 320 0.018324995413422585
77 400 0.010697313584387302
78 0 0.02107895538210869
78 80 0.00989862997084856
78 160 0.01601889170706272
78 240 0.005415167193859816
78 320 0.00943217147141695
78 400 0.022024327889084816
79 0 0.013471192680299282
79 80 0.01282163243740797
79 160 0.02354058437049389
79 240 0.01658111996948719
79 320 0.013914457522332668
79 400 0.0066981990821659565
80 0 0.01182741578668356
80 80 0.020090924575924873
80 160 0.009986831806600094
80 240 0.007741202134639025
80 320 0.01752961240708828
80 400 0.014436755329370499
81 0 0.012256826274096966
81 80 0.01272557396441698
81 160 0.011037846095860004
81 240 0.019194724038243294
81 320 0.020596157759428024
81 400 0.007428095210343599
82 0 0.01805003546178341
82 80 0.00612633815035224
82 160 0.009635094553232193
82 240 0.016230855137109756
82 320 0.010052639991044998
82 400 0.006325404159724712
83 0 0.010796678252518177
83 80 0.017444416880607605
83 160 0.012870065867900848
83 240 0.004114243201911449
83 320 0.00933839287608862
83 400 0.00828405562788248
84 0 0.010858597233891487
84 80 0.013663943856954575
84 160 0.005655127577483654
84 240 0.012205968610942364
84 320 0.01615910604596138
84 400 0.020863540470600128
85 0 0.011313819326460361
85 80 0.013849524781107903
85 160 0.01892303116619587
85 240 0.006444243714213371
85 320 0.0168529711663723
85 400 0.007342166267335415
86 0 0.01571078971028328
86 80 0.005211946554481983
86 160 0.013746218755841255
86 240 0.0040873088873922825
86 320 0.009306632913649082
86 400 0.01720588468015194
87 0 0.008288031443953514
87 80 0.004333135671913624
87 160 0.014350752346217632
87 240 0.009063958190381527
87 320 0.011940766125917435
87 400 0.014768622815608978
88 0 0.008514693938195705
88 80 0.013658346608281136
88 160 0.01135665737092495
88 240 0.005849901121109724
88 320 0.019656486809253693
88 400 0.022970015183091164
89 0 0.01332438550889492
89 80 0.009768558666110039
89 160 0.009113921783864498
89 240 0.01989671401679516
89 320 0.031068196520209312
89 400 0.021281208842992783
90 0 0.006425147410482168
90 80 0.01223588827997446
90 160 0.015645965933799744
90 240 0.01357274316251278
90 320 0.013936035335063934
90 400 0.009152207523584366
91 0 0.008874049410223961
91 80 0.004003501962870359
91 160 0.014126378111541271
91 240 0.01786922849714756
91 320 0.011103549040853977
91 400 0.013835486024618149
92 0 0.004612266551703215
92 80 0.02363196387887001
92 160 0.012896236032247543
92 240 0.006807542871683836
92 320 0.008291062898933887
92 400 0.006367751397192478
93 0 0.011775256134569645
93 80 0.01209517102688551
93 160 0.02328525111079216
93 240 0.00928505603224039
93 320 0.020130619406700134
93 400 0.00808385293930769
94 0 0.011019264347851276
94 80 0.007360844407230616
94 160 0.010107695125043392
94 240 0.016494616866111755
94 320 0.00717725045979023
94 400 0.015254875645041466
95 0 0.012242388911545277
95 80 0.010438238270580769
95 160 0.006867614109069109
95 240 0.018671128898859024
95 320 0.015071961097419262
95 400 0.028946897014975548
96 0 0.01216301042586565
96 80 0.012475814670324326
96 160 0.009453946724534035
96 240 0.02066102996468544
96 320 0.0040958113968372345
96 400 0.010520621202886105
97 0 0.02188456803560257
97 80 0.014538925141096115
97 160 0.009337120689451694
97 240 0.012275819666683674
97 320 0.0110468789935112
97 400 0.011155720800161362
98 0 0.008686474524438381
98 80 0.007211350370198488
98 160 0.00668118242174387
98 240 0.009932378306984901
98 320 0.016782794147729874
98 400 0.003943935036659241
99 0 0.013672108761966228
99 80 0.006512898951768875
99 160 0.004822298418730497
99 240 0.007759486325085163
99 320 0.011414138600230217
99 400 0.006141031160950661
100 0 0.008618602529168129
100 80 0.016295041888952255
100 160 0.006994115188717842
100 240 0.0072705307975411415
100 320 0.020249249413609505
100 400 0.01683255285024643
101 0 0.007175444159656763
101 80 0.006575427018105984
101 160 0.013859243132174015
101 240 0.004967887420207262
101 320 0.010737462900578976
101 400 0.010142592713236809
102 0 0.013290970586240292
102 80 0.015679648146033287
102 160 0.013610118068754673
102 240 0.01125020906329155
102 320 0.010728389956057072
102 400 0.006705869920551777
103 0 0.028532616794109344
103 80 0.015656888484954834
103 160 0.013501228764653206
103 240 0.015849437564611435
103 320 0.008919250220060349
103 400 0.009917447343468666
104 0 0.006985437124967575
104 80 0.006334852427244186
104 160 0.011199197731912136
104 240 0.009648825973272324
104 320 0.01199037954211235
104 400 0.010907517746090889
105 0 0.014579497277736664
105 80 0.009570003487169743
105 160 0.003920229617506266
105 240 0.007564456667751074
105 320 0.013378210365772247
105 400 0.006631987635046244
106 0 0.008419206365942955
106 80 0.011843224987387657
106 160 0.009248164482414722
106 240 0.008225793018937111
106 320 0.013226400129497051
106 400 0.008761785924434662
107 0 0.012336569838225842
107 80 0.014850609935820103
107 160 0.005619590636342764
107 240 0.0019437429727986455
107 320 0.009537716396152973
107 400 0.00749649154022336
108 0 0.010800252668559551
108 80 0.01013678964227438
108 160 0.009332697838544846
108 240 0.006510602775961161
108 320 0.008790618740022182
108 400 0.006271381862461567
109 0 0.007868822664022446
109 80 0.008923649787902832
109 160 0.01230307575315237
109 240 0.004311128985136747
109 320 0.005052118096500635
109 400 0.008042100816965103
110 0 0.01043213065713644
110 80 0.0051042865961790085
110 160 0.00967407040297985
110 240 0.009510102681815624
110 320 0.004904075060039759
110 400 0.014627980068325996
111 0 0.015314356423914433
111 80 0.007982149720191956
111 160 0.006922029424458742
111 240 0.010870212689042091
111 320 0.012003409676253796
111 400 0.007192077115178108
112 0 0.008011887781322002
112 80 0.009532328695058823
112 160 0.01053628884255886
112 240 0.005944546777755022
112 320 0.009793303906917572
112 400 0.005774328019469976
113 0 0.019552016630768776
113 80 0.01051260158419609
113 160 0.009212351404130459
113 240 0.00884950440376997
113 320 0.007924351841211319
113 400 0.006350706331431866
114 0 0.009157604537904263
114 80 0.003709563985466957
114 160 0.007338379975408316
114 240 0.0071363504976034164
114 320 0.007093869615346193
114 400 0.013572752475738525
115 0 0.0065583898685872555
115 80 0.005893442779779434
115 160 0.010305186733603477
115 240 0.00619178032502532
115 320 0.004533861298114061
115 400 0.008494454436004162
116 0 0.006067089270800352
116 80 0.005204976536333561
116 160 0.011639432981610298
116 240 0.009490378201007843
116 320 0.005742025561630726
116 400 0.01618865504860878
117 0 0.005271822679787874
117 80 0.003962032962590456
117 160 0.008144360966980457
117 240 0.005572539288550615
117 320 0.0077812559902668
117 400 0.013708275742828846
118 0 0.008970094844698906
118 80 0.013400157913565636
118 160 0.008184170350432396
118 240 0.006397762335836887
118 320 0.015090794302523136
118 400 0.006403804756700993
119 0 0.012073906138539314
119 80 0.019330985844135284
119 160 0.009124471805989742
119 240 0.006487904116511345
119 320 0.011960428208112717
119 400 0.004445390775799751
120 0 0.006237560883164406
120 80 0.007955195382237434
120 160 0.00847300048917532
120 240 0.006015383638441563
120 320 0.008407828398048878
120 400 0.011365347541868687
121 0 0.004995808936655521
121 80 0.005153735168278217
121 160 0.007248605135828257
121 240 0.005654869135469198
121 320 0.013291994109749794
121 400 0.00941904541105032
122 0 0.03841236233711243
122 80 0.007869334891438484
122 160 0.010126220993697643
122 240 0.011453451588749886
122 320 0.007349140476435423
122 400 0.009763676673173904
123 0 0.01134125329554081
123 80 0.014901231043040752
123 160 0.008351653814315796
123 240 0.006404950749129057
123 320 0.007745123002678156
123 400 0.005769419018179178
124 0 0.006574591156095266
124 80 0.003002881770953536
124 160 0.0036062870640307665
124 240 0.010007130913436413
124 320 0.0020125636365264654
124 400 0.004648752044886351
125 0 0.002704452956095338
125 80 0.005470979958772659
125 160 0.010622802190482616
125 240 0.008388170041143894
125 320 0.007502198684960604
125 400 0.005825353786349297
126 0 0.004106511827558279
126 80 0.005224940367043018
126 160 0.0029470911249518394
126 240 0.0062684714794158936
126 320 0.002901746891438961
126 400 0.004046209156513214
127 0 0.011161238886415958
127 80 0.007892098277807236
127 160 0.009185727685689926
127 240 0.013121837750077248
127 320 0.003197443438693881
127 400 0.005750203970819712
128 0 0.008366558700799942
128 80 0.005904798861593008
128 160 0.004747755825519562
128 240 0.003836399409919977
128 320 0.008756701834499836
128 400 0.010853883810341358
129 0 0.008217433467507362
129 80 0.007587216794490814
129 160 0.008102474734187126
129 240 0.006237061228603125
129 320 0.005420380271971226
129 400 0.006425197701901197
130 0 0.00845927745103836
130 80 0.005243545863777399
130 160 0.007484559901058674
130 240 0.006311151664704084
130 320 0.007981977425515652
130 400 0.013042164035141468
131 0 0.010672933422029018
131 80 0.005303604062646627
131 160 0.009068178944289684
131 240 0.006338871084153652
131 320 0.003390986006706953
131 400 0.0035521972458809614
132 0 0.00801995862275362
132 80 0.008427022024989128
132 160 0.005207319278270006
132 240 0.006968283094465733
132 320 0.006349063478410244
132 400 0.0051613678224384785
133 0 0.005682878661900759
133 80 0.004454770125448704
133 160 0.008528843522071838
133 240 0.006472116801887751
133 320 0.00947511475533247
133 400 0.009403117932379246
134 0 0.007444972638040781
134 80 0.01161149237304926
134 160 0.008487527258694172
134 240 0.00860011950135231
134 320 0.006351976189762354
134 400 0.0052641816437244415
135 0 0.0046423994936048985
135 80 0.006369059439748526
135 160 0.007658090442419052
135 240 0.003045652760192752
135 320 0.0069415271282196045
135 400 0.018277062103152275
136 0 0.00901592243462801
136 80 0.006209916900843382
136 160 0.005965687800198793
136 240 0.003310258500277996
136 320 0.003998331259936094
136 400 0.009685919620096684
137 0 0.005732593592256308
137 80 0.00660951342433691
137 160 0.004598573781549931
137 240 0.015734082087874413
137 320 0.012402698397636414
137 400 0.0046981205232441425
138 0 0.004296556115150452
138 80 0.010314861312508583
138 160 0.004489169921725988
138 240 0.01087488979101181
138 320 0.005663113668560982
138 400 0.006345369387418032
139 0 0.0031490835826843977
139 80 0.00605363305658102
139 160 0.005238495301455259
139 240 0.008665313012897968
139 320 0.004616870079189539
139 400 0.007415864150971174
140 0 0.005240234546363354
140 80 0.0038314079865813255
140 160 0.005945313721895218
140 240 0.006422987207770348
140 320 0.006506407167762518
140 400 0.008363385684788227
141 0 0.0032608266919851303
141 80 0.002086360938847065
141 160 0.004245584364980459
141 240 0.004227631725370884
141 320 0.007176047191023827
141 400 0.004137146286666393
142 0 0.0057099987752735615
142 80 0.006443896796554327
142 160 0.011235705576837063
142 240 0.0028728789184242487
142 320 0.004512108862400055
142 400 0.00527432793751359
143 0 0.003966955468058586
143 80 0.0071503776125609875
143 160 0.006263831630349159
143 240 0.004735574591904879
143 320 0.004622554872184992
143 400 0.007070826832205057
144 0 0.006022758316248655
144 80 0.005318513140082359
144 160 0.008883693255484104
144 240 0.008782933466136456
144 320 0.002993491943925619
144 400 0.006752951070666313
145 0 0.004076026845723391
145 80 0.0049227443523705006
145 160 0.0017807697877287865
145 240 0.003518375102430582
145 320 0.0069536613300442696
145 400 0.0029907000716775656
146 0 0.005486263893544674
146 80 0.003253310453146696
146 160 0.004200132098048925
146 240 0.008266079239547253
146 320 0.006511369254440069
146 400 0.006529136095196009
147 0 0.004744225647300482
147 80 0.004067972302436829
147 160 0.008878856897354126
147 240 0.004304792266339064
147 320 0.007815209217369556
147 400 0.0035913418978452682
148 0 0.005382949952036142
148 80 0.0025432168040424585
148 160 0.0044786506332457066
148 240 0.003947719931602478
148 320 0.007558474782854319
148 400 0.004005332477390766
149 0 0.003692116355523467
149 80 0.0032790065743029118
149 160 0.0047044577077031136
149 240 0.0027135235723108053
149 320 0.007306256797164679
149 400 0.003083211602643132
150 0 0.003796136938035488
150 80 0.005366251803934574
150 160 0.0060610296204686165
150 240 0.005564386956393719
150 320 0.003685146104544401
150 400 0.006754232104867697
151 0 0.008870675228536129
151 80 0.005865784827619791
151 160 0.0036464326549321413
151 240 0.0047017112374305725
151 320 0.0032394900918006897
151 400 0.0020636175759136677
152 0 0.0057806228287518024
152 80 0.003917991183698177
152 160 0.003706490620970726
152 240 0.003266178769990802
152 320 0.006771961692720652
152 400 0.0037198399659246206
153 0 0.0068267411552369595
153 80 0.005557962227612734
153 160 0.0031494086142629385
153 240 0.0036518338602036238
153 320 0.004921406041830778
153 400 0.006539506372064352
154 0 0.004969526547938585
154 80 0.005081333220005035
154 160 0.007307957857847214
154 240 0.0072786337696015835
154 320 0.0018110377714037895
154 400 0.001958548091351986
155 0 0.006744271609932184
155 80 0.0028906038496643305
155 160 0.004602620843797922
155 240 0.0059244027361273766
155 320 0.002447923645377159
155 400 0.00435082521289587
156 0 0.0030701502691954374
156 80 0.01459625456482172
156 160 0.003500728402286768
156 240 0.007106083445250988
156 320 0.0036640255711972713
156 400 0.006603363901376724
157 0 0.007549233268946409
157 80 0.0067894612438976765
157 160 0.00378890591673553
157 240 0.007877938449382782
157 320 0.002198118017986417
157 400 0.004385988228023052
158 0 0.0026958370581269264
158 80 0.002755744382739067
158 160 0.003466259688138962
158 240 0.00495879165828228
158 320 0.0059969983994960785
158 400 0.0030581385362893343
159 0 0.003409631084650755
159 80 0.008147140964865685
159 160 0.0057091377675533295
159 240 0.0015075537376105785
159 320 0.007186132483184338
159 400 0.009886193089187145
160 0 0.009314743801951408
160 80 0.007849632762372494
160 160 0.0022655115462839603
160 240 0.004773079417645931
160 320 0.008478977717459202
160 400 0.007808349095284939
161 0 0.005229702219367027
161 80 0.007492633070796728
161 160 0.0063777766190469265
161 240 0.004754921421408653
161 320 0.00402722368016839
161 400 0.0025678137317299843
162 0 0.0041457051411271095
162 80 0.003943291958421469
162 160 0.0109011922031641
162 240 0.004896895959973335
162 320 0.006210761610418558
162 400 0.005706414580345154
163 0 0.0015049594221636653
163 80 0.007526432164013386
163 160 0.0033071471843868494
163 240 0.009812643751502037
163 320 0.007041622884571552
163 400 0.00667941477149725
164 0 0.002533292630687356
164 80 0.006736332084983587
164 160 0.008344192989170551
164 240 0.0026828248519450426
164 320 0.004385168664157391
164 400 0.00584569713100791
165 0 0.004633566364645958
165 80 0.002473431872203946
165 160 0.006837120279669762
165 240 0.002180336508899927
165 320 0.006938107777386904
165 400 0.004757116548717022
166 0 0.0036215989384800196
166 80 0.004204106517136097
166 160 0.0022948039695620537
166 240 0.012033655308187008
166 320 0.0044944495894014835
166 400 0.007047357968986034
167 0 0.0036831919569522142
167 80 0.007690589874982834
167 160 0.0067987279035151005
167 240 0.004112926311790943
167 320 0.006019296124577522
167 400 0.0014660671586170793
168 0 0.003809332847595215
168 80 0.0025354197714477777
168 160 0.0039669000543653965
168 240 0.0035057622008025646
168 320 0.0037214611656963825
168 400 0.0063489084132015705
169 0 0.0029801924247294664
169 80 0.010143245570361614
169 160 0.002995664021000266
169 240 0.006283636670559645
169 320 0.002604477573186159
169 400 0.0030291383154690266
170 0 0.006655589677393436
170 80 0.005049443803727627
170 160 0.004669201094657183
170 240 0.003648541634902358
170 320 0.0043994225561618805
170 400 0.00511098001152277
171 0 0.0035793243441730738
171 80 0.004446003586053848
171 160 0.00458229286596179
171 240 0.0065122866071760654
171 320 0.004871001001447439
171 400 0.0031191741582006216
172 0 0.005756661295890808
172 80 0.006240616086870432
172 160 0.007539328187704086
172 240 0.004696139134466648
172 320 0.006003577262163162
172 400 0.0017224947223439813
173 0 0.005002250894904137
173 80 0.00466754799708724
173 160 0.005650380626320839
173 240 0.004126301500946283
173 320 0.008406447246670723
173 400 0.006590620614588261
174 0 0.004278660286217928
174 80 0.003872621338814497
174 160 0.005371555685997009
174 240 0.006380647420883179
174 320 0.004518609493970871
174 400 0.005345343612134457
175 0 0.004995732568204403
175 80 0.002498650923371315
175 160 0.0026544963475316763
175 240 0.00717992102727294
175 320 0.004715676419436932
175 400 0.0031222342513501644
176 0 0.004278382286429405
176 80 0.007043734192848206
176 160 0.00558434845879674
176 240 0.00322239869274199
176 320 0.0017331509152427316
176 400 0.0018218798795714974
177 0 0.005127915646880865
177 80 0.003078268375247717
177 160 0.004618435632437468
177 240 0.002504321513697505
177 320 0.004503033123910427
177 400 0.004655228927731514
178 0 0.0033481738064438105
178 80 0.00711376266553998
178 160 0.0025751155335456133
178 240 0.004988190717995167
178 320 0.005342005752027035
178 400 0.0025349678471684456
179 0 0.002392510185018182
179 80 0.0025768845807760954
179 160 0.00514333788305521
179 240 0.004761475138366222
179 320 0.00274098152294755
179 400 0.010260076262056828
180 0 0.003333581844344735
180 80 0.004908739123493433
180 160 0.003196719102561474
180 240 0.006079819053411484
180 320 0.0036604469642043114
180 400 0.007082403637468815
181 0 0.005453684367239475
181 80 0.004238474182784557
181 160 0.003837701166048646
181 240 0.002642344916239381
181 320 0.002149333478882909
181 400 0.0064820111729204655
182 0 0.002531269332394004
182 80 0.004568794742226601
182 160 0.0016153836622834206
182 240 0.007517014630138874
182 320 0.0056632570922374725
182 400 0.0029015701729804277
183 0 0.004680873826146126
183 80 0.002835265826433897
183 160 0.003605725010856986
183 240 0.003189361421391368
183 320 0.002262623980641365
183 400 0.004437349271029234
184 0 0.0030631988774985075
184 80 0.004025871399790049
184 160 0.0024281442165374756
184 240 0.005872419103980064
184 320 0.006762980483472347
184 400 0.006194411776959896
185 0 0.005583334248512983
185 80 0.0010392768308520317
185 160 0.0038111850153654814
185 240 0.006294708698987961
185 320 0.005071405787020922
185 400 0.0022273852955549955
186 0 0.004397502169013023
186 80 0.00838533416390419
186 160 0.004738568793982267
186 240 0.005592883564531803
186 320 0.0024599723983556032
186 400 0.005127542186528444
187 0 0.003714399877935648
187 80 0.0020708751399070024
187 160 0.005159864667803049
187 240 0.003055086825042963
187 320 0.006197615526616573
187 400 0.002272070152685046
188 0 0.0038053891621530056
188 80 0.005859279073774815
188 160 0.00221674470230937
188 240 0.0030557990539819
188 320 0.006343192886561155
188 400 0.0040777684189379215
189 0 0.003952210769057274
189 80 0.006068768445402384
189 160 0.002797513734549284
189 240 0.0023762104101479053
189 320 0.006327448878437281
189 400 0.00458076037466526
190 0 0.005080638453364372
190 80 0.008042054250836372
190 160 0.0050985924899578094
190 240 0.0013377881841734052
190 320 0.00604820903390646
190 400 0.006859995424747467
191 0 0.004871945362538099
191 80 0.004164974205195904
191 160 0.0033362351823598146
191 240 0.005779950879514217
191 320 0.006285833660513163
191 400 0.002533938502892852
192 0 0.0018190073315054178
192 80 0.0031886890064924955
192 160 0.00600716657936573
192 240 0.004463271703571081
192 320 0.0030871699564158916
192 400 0.0032071606256067753
193 0 0.002707730047404766
193 80 0.005699171219021082
193 160 0.003675569547340274
193 240 0.0031869204249233007
193 320 0.004615309648215771
193 400 0.007623523008078337
194 0 0.0035324583295732737
194 80 0.0021469336934387684
194 160 0.002963850973173976
194 240 0.0005843533435836434
194 320 0.001855057547800243
194 400 0.0026801659259945154
195 0 0.0030954729299992323
195 80 0.002320267492905259
195 160 0.0038179736584424973
195 240 0.0021305480040609837
195 320 0.0040999725461006165
195 400 0.0029305615462362766
196 0 0.0031423205509781837
196 80 0.004274929407984018
196 160 0.0035844212397933006
196 240 0.0030266770627349615
196 320 0.0036847067531198263
196 400 0.003292856039479375
197 0 0.0042186337523162365
197 80 0.0041537098586559296
197 160 0.0010513890301808715
197 240 0.006834274157881737
197 320 0.005698075518012047
197 400 0.0035767145454883575
198 0 0.0058612097054719925
198 80 0.004279201850295067
198 160 0.002087719039991498
198 240 0.0030266877729445696
198 320 0.004656990524381399
198 400 0.00420647906139493
199 0 0.0030430809129029512
199 80 0.004564003087580204
199 160 0.004598618950694799
199 240 0.002781921299174428
199 320 0.0038140469696372747
199 400 0.005165462382137775
200 0 0.002361565362662077
200 80 0.0028614553157240152
200 160 0.0028193886391818523
200 240 0.0015365042490884662
200 320 0.0048773279413580894
200 400 0.00589903024956584
201 0 0.0038716676644980907
201 80 0.005904328543692827
201 160 0.003997995983809233
201 240 0.003013942390680313
201 320 0.005375304725021124
201 400 0.0050628879107534885
202 0 0.0036313929595053196
202 80 0.0025687848683446646
202 160 0.0027423591818660498
202 240 0.004043822642415762
202 320 0.0028709075413644314
202 400 0.0018702989909797907
203 0 0.004327385686337948
203 80 0.002798642497509718
203 160 0.004087977577000856
203 240 0.0030451740603893995
203 320 0.003481250489130616
203 400 0.005177108105272055
204 0 0.004855741746723652
204 80 0.004013063386082649
204 160 0.005606021732091904
204 240 0.0025108237750828266
204 320 0.002516547217965126
204 400 0.0025416165590286255
205 0 0.0038186695892363787
205 80 0.0026795866433531046
205 160 0.002920754486694932
205 240 0.0013073176378384233
205 320 0.004113778006285429
205 400 0.004581497050821781
206 0 0.0015757277142256498
206 80 0.0061331866309046745
206 160 0.0023716564755886793
206 240 0.003222721628844738
206 320 0.0046801576390862465
206 400 0.0044747875072062016
207 0 0.006822184193879366
207 80 0.004218040965497494
207 160 0.0033241380006074905
207 240 0.0039381771348416805
207 320 0.0017059181118384004
207 400 0.004987562540918589
208 0 0.004289178177714348
208 80 0.003930611070245504
208 160 0.004430609289556742
208 240 0.005061225965619087
208 320 0.0019256968516856432
208 400 0.002639023121446371
209 0 0.0019169709412381053
209 80 0.001540878787636757
209 160 0.004519375041127205
209 240 0.00643783388659358
209 320 0.005840884987264872
209 400 0.003505917266011238
210 0 0.0028058935422450304
210 80 0.004688532557338476
210 160 0.00356814987026155
210 240 0.007014256902039051
210 320 0.004758354742079973
210 400 0.0031366762705147266
211 0 0.0024369184393435717
211 80 0.004164562094956636
211 160 0.0018444402376189828
211 240 0.0026797838509082794
211 320 0.006375410594046116
211 400 0.00281246704980731
212 0 0.003783476073294878
212 80 0.00250818207859993
212 160 0.003000555792823434
212 240 0.0016482521314173937
212 320 0.0037259969394654036
212 400 0.0029813298024237156
213 0 0.00376343191601336
213 80 0.0015071025118231773
213 160 0.0020573183428496122
213 240 0.0015119314193725586
213 320 0.004495686385780573
213 400 0.006877174135297537
214 0 0.005222204141318798
214 80 0.002824331633746624
214 160 0.004202754702419043
214 240 0.0031554042361676693
214 320 0.00346442055888474
214 400 0.0067146653309464455
215 0 0.0015800191322341561
215 80 0.0036751856096088886
215 160 0.001742250518873334
215 240 0.003343713702633977
215 320 0.006529200356453657
215 400 0.0039420826360583305
216 0 0.00455293757840991
216 80 0.0018586170626804233
216 160 0.005425282288342714
216 240 0.002301796805113554
216 320 0.0021321361418813467
216 400 0.004839302971959114
217 0 0.001476226607337594
217 80 0.0027256484609097242
217 160 0.003270810702815652
217 240 0.00446529733017087
217 320 0.002967205597087741
217 400 0.002389575820416212
218 0 0.003930391278117895
218 80 0.0026913336478173733
218 160 0.0026402072980999947
218 240 0.00739251310005784
218 320 0.0012040435103699565
218 400 0.0050577400252223015
219 0 0.003648552345111966
219 80 0.003725130343809724
219 160 0.002595001133158803
219 240 0.002442976227030158
219 320 0.007616749033331871
219 400 0.002927622525021434
220 0 0.002227167598903179
220 80 0.0026201072614639997
220 160 0.004389673005789518
220 240 0.0028151869773864746
220 320 0.0010659281397238374
220 400 0.0024677005130797625
221 0 0.0020588256884366274
221 80 0.004422374535351992
221 160 0.0027210719417780638
221 240 0.003912109881639481
221 320 0.0025314977392554283
221 400 0.0019758197013288736
222 0 0.0025965715758502483
222 80 0.0046120076440274715
222 160 0.0022342256270349026
222 240 0.003976255189627409
222 320 0.0022749800700694323
222 400 0.005148455034941435
223 0 0.0026408028788864613
223 80 0.001870855805464089
223 160 0.0036008688621222973
223 240 0.005527523811906576
223 320 0.004438037518411875
223 400 0.002079867757856846
224 0 0.0015262637753039598
224 80 0.004061670042574406
224 160 0.0034350096248090267
224 240 0.004046998918056488
224 320 0.0016167211579158902
224 400 0.001404386479407549
225 0 0.006330395583063364
225 80 0.003365556476637721
225 160 0.0033601487521082163
225 240 0.0018518277211114764
225 320 0.0017540107946842909
225 400 0.005945182405412197
226 0 0.003282969119027257
226 80 0.0026270002126693726
226 160 0.0022833100520074368
226 240 0.0026326002553105354
226 320 0.0015895483084022999
226 400 0.002749695209786296
227 0 0.005332736298441887
227 80 0.00575097044929862
227 160 0.003989626187831163
227 240 0.0031307940371334553
227 320 0.002059393795207143
227 400 0.003340698080137372
228 0 0.004609562456607819
228 80 0.0026029497385025024
228 160 0.0016516807954758406
228 240 0.004557552747428417
228 320 0.004832017235457897
228 400 0.0033174713607877493
229 0 0.004487386904656887
229 80 0.004172774963080883
229 160 0.003389650722965598
229 240 0.004085076041519642
229 320 0.004467071034014225
229 400 0.0031135587487369776
230 0 0.0033305720426142216
230 80 0.002428164705634117
230 160 0.0028161003720015287
230 240 0.0042248014360666275
230 320 0.002227049320936203
230 400 0.0024483874440193176
231 0 0.001842950819991529
231 80 0.002909043338149786
231 160 0.002122285543009639
231 240 0.001490056631155312
231 320 0.001688874908722937
231 400 0.002958876546472311
232 0 0.002782052382826805
232 80 0.004608085844665766
232 160 0.002117650816217065
232 240 0.002057936741039157
232 320 0.0019273004727438092
232 400 0.002554419217631221
233 0 0.002594543853774667
233 80 0.005565546452999115
233 160 0.003848512889817357
233 240 0.0019010868854820728
233 320 0.0015401289565488696
233 400 0.00229243328794837
234 0 0.0033389078453183174
234 80 0.00329518667422235
234 160 0.0017361869104206562
234 240 0.001954499166458845
234 320 0.003028256120160222
234 400 0.0034019057638943195
235 0 0.005047848913818598
235 80 0.0052382564172148705
235 160 0.0018966838251799345
235 240 0.002379936631768942
235 320 0.004745284095406532
235 400 0.002143861958757043
236 0 0.004283398389816284
236 80 0.0034199694637209177
236 160 0.003018751973286271
236 240 0.004718503914773464
236 320 0.002921772887930274
236 400 0.003307458944618702
237 0 0.0022932207211852074
237 80 0.0059619564563035965
237 160 0.0035224799066781998
237 240 0.002345594111829996
237 320 0.0032588704489171505
237 400 0.003072765888646245
238 0 0.0014433382311835885
238 80 0.002744968980550766
238 160 0.0013740949798375368
238 240 0.0014572982909157872
238 320 0.0029928218573331833
238 400 0.002458257833495736
239 0 0.0018166422378271818
239 80 0.004938194528222084
239 160 0.0018465362954884768
239 240 0.0008757125469855964
239 320 0.00272278836928308
239 400 0.003291053930297494
240 0 0.0024086006451398134
240 80 0.0035725070629268885
240 160 0.00424776179715991
240 240 0.003145094495266676
240 320 0.002337912330403924
240 400 0.001996780978515744
241 0 0.002607176313176751
241 80 0.003011290216818452
241 160 0.0036407229490578175
241 240 0.0021303945686668158
241 320 0.0013499865308403969
241 400 0.002251939382404089
242 0 0.002232280094176531
242 80 0.0030176201835274696
242 160 0.0016328681958839297
242 240 0.0019549247808754444
242 320 0.0013539104256778955
242 400 0.002126520499587059
243 0 0.0024398567620664835
243 80 0.0036856166552752256
243 160 0.002653401345014572
243 240 0.0014410101575776935
243 320 0.006128376349806786
243 400 0.005307604093104601
244 0 0.0026357611641287804
244 80 0.0008656727732159197
244 160 0.0015785970026627183
244 240 0.0020889553707093
244 320 0.003049248130992055
244 400 0.0014658152358606458
245 0 0.0024778563529253006
245 80 0.0026757230516523123
245 160 0.003441823646426201
245 240 0.003526469226926565
245 320 0.0033500760328024626
245 400 0.0032847649417817593
246 0 0.0030483875889331102
246 80 0.0020665759220719337
246 160 0.0023790791165083647
246 240 0.002652169903740287
246 320 0.005228245165199041
246 400 0.0016263463767245412
247 0 0.0030961772426962852
247 80 0.002522864378988743
247 160 0.0031817175913602114
247 240 0.0033116850536316633
247 320 0.0036676034796983004
247 400 0.002877142746001482
248 0 0.0030950570944696665
248 80 0.001932721585035324
248 160 0.001980561064556241
248 240 0.002316994359716773
248 320 0.0027472844813019037
248 400 0.0023022526875138283
249 0 0.002909967442974448
249 80 0.0034912540577352047
249 160 0.003676943015307188
249 240 0.0026014260947704315
249 320 0.002922594314441085
249 400 0.0030588447116315365
250 0 0.002752369735389948
250 80 0.003159231273457408
250 160 0.0017730009276419878
250 240 0.0037368997000157833
250 320 0.003063615644350648
250 400 0.0021054449025541544
251 0 0.002645657164976001
251 80 0.001934093190357089
251 160 0.003280788194388151
251 240 0.003039091592654586
251 320 0.002141180681064725
251 400 0.0032897505443543196
252 0 0.00451613450422883
252 80 0.0011932875495404005
252 160 0.0029654288664460182
252 240 0.002599409082904458
252 320 0.0031979079358279705
252 400 0.0035722975153476
253 0 0.002709656488150358
253 80 0.003225464839488268
253 160 0.0015188688412308693
253 240 0.00286444672383368
253 320 0.001919246162287891
253 400 0.0021194880828261375
254 0 0.0011979531263932586
254 80 0.0012630682904273272
254 160 0.0026386629324406385
254 240 0.0015067420899868011
254 320 0.002652655588462949
254 400 0.0024712393060326576
255 0 0.0029143551364541054
255 80 0.0025922958739101887
255 160 0.0025945634115487337
255 240 0.002507321070879698
255 320 0.0009265184635296464
255 400 0.0029361641500145197
256 0 0.0019882197957485914
256 80 0.0027544484473764896
256 160 0.0024801120162010193
256 240 0.0021147362422198057
256 320 0.006174969486892223
256 400 0.0011394692119210958
257 0 0.0016689742915332317
257 80 0.0028567463159561157
257 160 0.0010544104734435678
257 240 0.0032821905333548784
257 320 0.0027000587433576584
257 400 0.00213627889752388
258 0 0.0027922748122364283
258 80 0.0014631947269663215
258 160 0.001734399702399969
258 240 0.0017336171586066484
258 320 0.00243127322755754
258 400 0.004642019979655743
259 0 0.0028558517806231976
259 80 0.003794489661231637
259 160 0.0028629405423998833
259 240 0.0020418171770870686
259 320 0.0012250790605321527
259 400 0.0014278849121183157
260 0 0.004141439683735371
260 80 0.0026772378478199244
260 160 0.0045136213302612305
260 240 0.0037096617743372917
260 320 0.003480536863207817
260 400 0.0028014439158141613
261 0 0.002832198515534401
261 80 0.003283886006101966
261 160 0.0018286759732291102
261 240 0.002220187336206436
261 320 0.005318904761224985
261 400 0.002777673536911607
262 0 0.0014314582804217935
262 80 0.0020770877599716187
262 160 0.00520529318600893
262 240 0.003342126961797476
262 320 0.001598625211045146
262 400 0.001186851179227233
263 0 0.002244239905849099
263 80 0.002670977497473359
263 160 0.002591583877801895
263 240 0.002683761063963175
263 320 0.0021303226239979267
263 400 0.001339166541583836
264 0 0.0027249862905591726
264 80 0.003313492052257061
264 160 0.0032210841309279203
264 240 0.004201165866106749
264 320 0.002466315869241953
264 400 0.0019789920188486576
265 0 0.003962181508541107
265 80 0.003692729165777564
265 160 0.004326899070292711
265 240 0.003389888210222125
265 320 0.0029568574391305447
265 400 0.0036925608292222023
266 0 0.0026217561680823565
266 80 0.002939702244475484
266 160 0.0044948686845600605
266 240 0.0018577008740976453
266 320 0.002959674224257469
266 400 0.0018389500910416245
267 0 0.00202462961897254
267 80 0.003786984831094742
267 160 0.0031183939427137375
267 240 0.002600283594802022
267 320 0.002002257388085127
267 400 0.001584124518558383
268 0 0.002544873859733343
268 80 0.0023484104312956333
268 160 0.0041234297677874565
268 240 0.0013240983244031668
268 320 0.0028217576909810305
268 400 0.004132531117647886
269 0 0.002560998545959592
269 80 0.003105815500020981
269 160 0.0021524084731936455
269 240 0.00160870305262506
269 320 0.0015431205974891782
269 400 0.0025432915426790714
270 0 0.00489123584702611
270 80 0.004278363659977913
270 160 0.0019080976489931345
270 240 0.0021797132212668657
270 320 0.00248177838511765
270 400 0.0027941919397562742
271 0 0.002486592624336481
271 80 0.001937540015205741
271 160 0.0022942624054849148
271 240 0.0012010716600343585
271 320 0.0016826300416141748
271 400 0.0012262942036613822
272 0 0.001964528812095523
272 80 0.0029131739865988493
272 160 0.001994737656787038
272 240 0.0013816237915307283
272 320 0.003986270632594824
272 400 0.001191380200907588
273 0 0.0028901039622724056
273 80 0.001505435910075903
273 160 0.0019233154598623514
273 240 0.004194999113678932
273 320 0.002515107626095414
273 400 0.001943468116223812
274 0 0.0038286233320832253
274 80 0.0008541855495423079
274 160 0.002692893613129854
274 240 0.001823910279199481
274 320 0.0034433449618518353
274 400 0.0036604709457606077
275 0 0.0031648080330342054
275 80 0.0032916078343987465
275 160 0.003141213208436966
275 240 0.0020529860630631447
275 320 0.0009490091470070183
275 400 0.002129946369677782
276 0 0.0027874030638486147
276 80 0.00277973641641438
276 160 0.003971018362790346
276 240 0.0025844930205494165
276 320 0.003407035954296589
276 400 0.005832138936966658
277 0 0.002424238482490182
277 80 0.0027608098462224007
277 160 0.0027654683217406273
277 240 0.0034957651514559984
277 320 0.0028683629352599382
277 400 0.0030008405447006226
278 0 0.0017751926789060235
278 80 0.003326569916680455
278 160 0.0013830706011503935
278 240 0.0006730845780111849
278 320 0.001614370383322239
278 400 0.0018147454829886556
279 0 0.0009796348167583346
279 80 0.0016682774294167757
279 160 0.002214538399130106
279 240 0.0021287265699356794
279 320 0.0016830686945468187
279 400 0.0019409824162721634
280 0 0.0023042866960167885
280 80 0.0028401119634509087
280 160 0.001932639512233436
280 240 0.0016230999026447535
280 320 0.0009536438737995923
280 400 0.002496088622137904
281 0 0.0024295395705848932
281 80 0.002942655235528946
281 160 0.002268161391839385
281 240 0.003453335026279092
281 320 0.0016666232841089368
281 400 0.0017255253624171019
282 0 0.0018245147075504065
282 80 0.001664656214416027
282 160 0.0014889390440657735
282 240 0.0026411833241581917
282 320 0.002092387992888689
282 400 0.0033503107260912657
283 0 0.002205716911703348
283 80 0.0016900820191949606
283 160 0.0021168114617466927
283 240 0.002032189629971981
283 320 0.0013774557737633586
283 400 0.002661386737599969
284 0 0.0012687456328421831
284 80 0.0031241034157574177
284 160 0.002796223619952798
284 240 0.001854579895734787
284 320 0.002443641657009721
284 400 0.002503355033695698
285 0 0.0011360413627699018
285 80 0.0018486302578821778
285 160 0.0015697801718488336
285 240 0.0047445883974432945
285 320 0.0015956539427861571
285 400 0.00458205072209239
286 0 0.0023324426729232073
286 80 0.0016994248144328594
286 160 0.0023944033309817314
286 240 0.0014915395295247436
286 320 0.0029276914428919554
286 400 0.0009030112414620817
287 0 0.0019947653636336327
287 80 0.0015489687211811543
287 160 0.0016692907083779573
287 240 0.0010984105756506324
287 320 0.001982602057978511
287 400 0.004718915093690157
288 0 0.002046123379841447
288 80 0.0015877624973654747
288 160 0.0012076342245563865
288 240 0.0016760914586484432
288 320 0.0013731492217630148
288 400 0.001593192806467414
289 0 0.0026177249383181334
289 80 0.0010028170654550195
289 160 0.0019851992838084698
289 240 0.0016762654995545745
289 320 0.00270387576892972
289 400 0.0011772594880312681
290 0 0.0011204425245523453
290 80 0.0037481416948139668
290 160 0.002154841786250472
290 240 0.0017927497392520308
290 320 0.0011916484218090773
290 400 0.002203078242018819
291 0 0.0015060550067573786
291 80 0.0022795062977820635
291 160 0.003174802288413048
291 240 0.002334780991077423
291 320 0.0017478150548413396
291 400 0.0025024048518389463
292 0 0.002003676723688841
292 80 0.0016384577611461282
292 160 0.0023570717312395573
292 240 0.0024358213413506746
292 320 0.0023260884918272495
292 400 0.0020845893304795027
293 0 0.001955777872353792
293 80 0.001605523400940001
293 160 0.0019053327850997448
293 240 0.0040541356429457664
293 320 0.0018920606235042214
293 400 0.0017460704548284411
294 0 0.0012854505330324173
294 80 0.0015461845323443413
294 160 0.0022820287849754095
294 240 0.003162053879350424
294 320 0.0015580423641949892
294 400 0.002238659653812647
295 0 0.0015947096981108189
295 80 0.0020794826559722424
295 160 0.0010035209124907851
295 240 0.0018347632139921188
295 320 0.001743208384141326
295 400 0.0024730926379561424
296 0 0.0019290420459583402
296 80 0.0021037664264440536
296 160 0.0016769088106229901
296 240 0.0015586824156343937
296 320 0.0012286793207749724
296 400 0.0024310187436640263
297 0 0.0010764871258288622
297 80 0.0016062413342297077
297 160 0.002100373152643442
297 240 0.0033003271091729403
297 320 0.0018352264305576682
297 400 0.00133013806771487
298 0 0.0027056282851845026
298 80 0.001537781790830195
298 160 0.0020907826256006956
298 240 0.0019550761207938194
298 320 0.002154738875105977
298 400 0.0023113004863262177
299 0 0.0021426372695714235
299 80 0.003081732429563999
299 160 0.0025134016759693623
299 240 0.0029200378339737654
299 320 0.0009658922208473086
299 400 0.0013532215962186456
300 0 0.003904509823769331
300 80 0.002288553863763809
300 160 0.002065201522782445
300 240 0.0016003241762518883
300 320 0.0023193222004920244
300 400 0.0017282747430726886
