1 0.41432833102847466 0.8789
2 0.2443191212123391 0.93045
3 0.20634013344484098 0.9413833333333333
4 0.18224302604635642 0.9487
5 0.16488175816945175 0.9539
6 0.15099387373656098 0.9585166666666667
7 0.13995749912441158 0.9619666666666666
8 0.13052710126648578 0.9641166666666666
9 0.12245771754731628 0.9657666666666667
10 0.11564646715294323 0.9684
11 0.10918206596838385 0.9698333333333333
12 0.1040594749557756 0.9712666666666666
13 0.09869236340210127 0.9729666666666666
14 0.09433960161610708 0.9742166666666666
15 0.09006409588526053 0.9756
16 0.08631343229302466 0.9766166666666667
17 0.08277194875516872 0.9772833333333333
18 0.0794362700951379 0.9791333333333333
19 0.07623589471347932 0.9796
20 0.07325640244127464 0.9807666666666667
21 0.07062170617997265 0.9818666666666667
22 0.06806571778060912 0.98215
23 0.0656054060377959 0.9829666666666667
24 0.06339020806469961 0.984
25 0.061324657890191085 0.9841166666666666
26 0.059151144191892796 0.9849666666666667
27 0.057119552437255756 0.9857
28 0.05533449384354071 0.9861
29 0.053553207132067765 0.9867666666666667
30 0.05199036131829405 0.9873666666666666
31 0.05036135876118374 0.9877666666666667
32 0.04869251166865515 0.9880333333333333
33 0.04714926572115437 0.9885666666666667
34 0.04575095814801673 0.9890666666666666
35 0.044442609699168946 0.9896333333333334
36 0.043058843713309335 0.9899333333333333
37 0.041997227847560256 0.9903666666666666
38 0.04068787609820745 0.9908166666666667
39 0.0395552298999322 0.9909833333333333
40 0.03834917730907959 0.9916666666666667
41 0.03724105326907594 0.9917166666666667
42 0.03621318627363329 0.9920333333333333
43 0.035271480715255744 0.9925
44 0.03433051129687887 0.99275
45 0.03340978896829175 0.99305
46 0.03260416674938029 0.9933833333333333
47 0.031676877350576206 0.9935666666666667
48 0.030787324324361424 0.9937833333333334
49 0.029974701870947695 0.9943166666666666
50 0.029214243110674405 0.9944166666666666
51 0.028541617058733825 0.9946333333333334
52 0.027776997585072002 0.99495
53 0.02707756729002224 0.9952333333333333
54 0.026319906585164733 0.9954666666666667
55 0.025705245663044548 0.9958166666666667
56 0.025138760860294485 0.9959166666666667
57 0.024451031493567137 0.9962333333333333
58 0.023868726728273542 0.9961166666666667
59 0.023346421018894167 0.9964833333333334
60 0.022759177686293115 0.9963833333333333
61 0.022177957982293516 0.9968666666666667
62 0.021791294927019745 0.9968166666666667
63 0.02120017953145542 0.9971333333333333
64 0.020759038913097463 0.9972666666666666
65 0.02025375271768077 0.99725
66 0.019798686867877682 0.9973333333333333
67 0.019408836997529145 0.9974333333333333
68 0.01899622725461846 0.99745
69 0.018541630435941505 0.9976
70 0.018151217369612917 0.9978
71 0.017754743642199523 0.9978166666666667
72 0.017393455410729657 0.998
73 0.016999458603219372 0.9980666666666667
74 0.016643320162619737 0.9981333333333333
75 0.016301233787089586 0.9981666666666666
76 0.016049619333179138 0.9983666666666666
77 0.01566216487066149 0.9984333333333333
78 0.015347268421457075 0.99835
79 0.015037819870741669 0.9984666666666666
80 0.014734627112551635 0.9987166666666667
81 0.014427427749540696 0.9986166666666667
82 0.014114515256704584 0.9987166666666667
83 0.013941086569070213 0.9987833333333334
84 0.013625943743840241 0.9989
85 0.013394136420155226 0.9989833333333333
86 0.013128149198062385 0.9988833333333333
87 0.012879110184678836 0.99895
88 0.012592928462238836 0.9991333333333333
89 0.012411752210826731 0.9991166666666667
90 0.012188190740269066 0.9991166666666667
91 0.011953482541865281 0.9992166666666666
92 0.011731849494340545 0.9992166666666666
93 0.01152869596281079 0.9993
94 0.011340820699679986 0.9993166666666666
95 0.01115469441218957 0.9993833333333333
96 0.010956297377879018 0.9993333333333333
97 0.01076514895773058 0.9993833333333333
98 0.010592170740301008 0.9994666666666666
99 0.010432485658834293 0.9994
100 0.010243054506664814 0.9995
101 0.01007986159028132 0.9994666666666666
102 0.009913012900921916 0.9995333333333334
103 0.009760794915389944 0.9995833333333334
104 0.00959416376109094 0.9995333333333334
105 0.009452897248599035 0.9996166666666667
106 0.009278248352155502 0.9996333333333334
107 0.009155407678514624 0.9996166666666667
108 0.009007395641790874 0.99965
109 0.008869582507163604 0.9996666666666667
110 0.008739053995521275 0.9996666666666667
111 0.008618734659565521 0.99975
112 0.008478318380543403 0.9997166666666667
113 0.008355400048202273 0.99975
114 0.008238687327425522 0.9997666666666667
115 0.008119803787306396 0.9997666666666667
116 0.007999827699320736 0.9998166666666667
117 0.007887125636802427 0.9997833333333334
118 0.007796516953739149 0.9998166666666667
119 0.007662228245818332 0.9998
120 0.007563226916608827 0.9998166666666667
121 0.007468968417360457 0.99985
122 0.00735593729539276 0.9998333333333334
123 0.007265471685767126 0.9998666666666667
124 0.0071765569027271 0.9998666666666667
125 0.007080714516431046 0.9998666666666667
126 0.006977617073663151 0.9998666666666667
127 0.006895690308466776 0.9998666666666667
128 0.006800347694388426 0.9998833333333333
129 0.006711224932521423 0.9999166666666667
130 0.006636686719654164 0.9999166666666667
131 0.006577224246532058 0.9999
132 0.0064535921368537455 0.9999166666666667
133 0.0063891223098622016 0.9999166666666667
134 0.006298273716788135 0.99995
135 0.006242310712938068 0.99995
136 0.006144886627035744 0.9999333333333333
137 0.006083807195358074 0.9999166666666667
138 0.005995022824534507 0.99995
139 0.005927926466079441 0.9999333333333333
140 0.00587691891310947 0.99995
141 0.00579997211538835 0.99995
142 0.005731620497679882 0.99995
143 0.005663177071721045 0.99995
144 0.005603190049030649 0.9999666666666667
145 0.005541924574126456 0.9999666666666667
146 0.005480389661544851 0.9999666666666667
147 0.005427359753518677 0.9999666666666667
148 0.0053556569554566984 0.9999666666666667
149 0.005299909777794359 0.9999666666666667
150 0.005244834479495589 0.9999666666666667
151 0.005184498317450333 0.9999666666666667
152 0.005127484551759989 0.9999666666666667
153 0.005071855965566867 0.9999666666666667
154 0.005033570369318334 0.9999666666666667
155 0.004974376752789913 0.9999666666666667
156 0.004920625911235237 0.9999666666666667
157 0.004872053094120867 0.9999833333333333
158 0.004819989826695036 0.9999666666666667
159 0.0047746060626096785 0.9999666666666667
160 0.004731326351569755 0.9999666666666667
161 0.004683235246412107 0.9999666666666667
162 0.00463419615341696 0.9999833333333333
163 0.004591656984316546 0.9999666666666667
164 0.004550116890639281 0.9999666666666667
165 0.004504143205562682 1.0
166 0.004458358055596222 0.9999833333333333
167 0.004414625968143685 1.0
168 0.004373439065148947 0.9999833333333333
169 0.004334726525015875 1.0
170 0.004291126886551489 1.0
171 0.004255874534082938 1.0
172 0.00421346918762183 1.0
173 0.0041694572448098995 1.0
174 0.004140382016033951 1.0
175 0.00410443043367548 0.9999833333333333
176 0.00407151576230374 1.0
177 0.004026876477304218 1.0
178 0.003994842112036561 1.0
179 0.003961616292916564 1.0
180 0.003925343195516576 1.0
181 0.0038936840214415084 1.0
182 0.0038592878524075025 1.0
183 0.0038257444412437584 1.0
184 0.0037951542332377245 1.0
185 0.0037631650811740395 1.0
186 0.0037304742858985437 1.0
187 0.0037029361933656434 1.0
188 0.003669674757486785 1.0
189 0.003641075978024817 1.0
190 0.003609277041150388 1.0
191 0.003581480508712905 1.0
192 0.0035545903685336895 1.0
193 0.0035219883355351767 1.0
194 0.0035021542546663014 1.0
195 0.0034693176961138545 1.0
196 0.0034457651323883103 1.0
197 0.003413556586714712 1.0
198 0.0033897150367218406 1.0
199 0.0033637591689052596 1.0
200 0.003338408774198857 1.0
201 0.0033109737175411537 1.0
202 0.0032883348490254506 1.0
203 0.003264408243987868 1.0
204 0.0032398307323406165 1.0
205 0.0032162719787453917 1.0
206 0.003194630985259454 1.0
207 0.003168193017145488 1.0
208 0.0031459242998332438 1.0
209 0.003121683238518994 1.0
210 0.0031011002920150977 1.0
211 0.0030802542597913284 1.0
212 0.0030577515018855666 1.0
213 0.003035701772839482 1.0
214 0.0030128843621906837 1.0
215 0.002992668150882445 1.0
216 0.002971050041322626 1.0
217 0.0029454096371848097 1.0
218 0.002932985374547128 1.0
219 0.0029116821796027646 1.0
220 0.0028923965931218713 1.0
221 0.0028702741639484077 1.0
222 0.0028564946159153485 1.0
223 0.002829981393300926 1.0
224 0.00281580152642379 1.0
225 0.0027966890995428442 1.0
226 0.002779516213978611 1.0
227 0.002758474120108693 1.0
228 0.002741522503582868 1.0
229 0.002726036898751082 1.0
230 0.0027067218997777857 1.0
231 0.002687145031612319 1.0
232 0.0026693893282531277 1.0
233 0.0026573538256467566 1.0
234 0.0026366380759443382 1.0
235 0.002622809080627443 1.0
236 0.0026054122587735417 1.0
237 0.0025885628555208317 1.0
238 0.0025730318719221316 1.0
239 0.0025610048636627285 1.0
240 0.002541460397058546 1.0
241 0.002528235705734205 1.0
242 0.0025119967782236477 1.0
243 0.002496636060100279 1.0
244 0.002482553422666971 1.0
245 0.002466988939814754 1.0
246 0.002454917445078369 1.0
247 0.002434643429405153 1.0
248 0.00242397902587524 1.0
249 0.002407158479287621 1.0
250 0.0023926392557280167 1.0
251 0.002379729374890714 1.0
252 0.0023669266797997344 1.0
253 0.0023539757032368354 1.0
254 0.002340765429292319 1.0
255 0.0023253590661857617 1.0
256 0.002315094640010845 1.0
257 0.0023020446260294905 1.0
258 0.0022880722741796962 1.0
259 0.0022738762832840466 1.0
260 0.0022624386093472 1.0
261 0.0022505865822214067 1.0
262 0.002236091080672745 1.0
263 0.002223593757367695 1.0
264 0.0022146231350255634 1.0
265 0.0021989943650387316 1.0
266 0.002187128676705237 1.0
267 0.002176749259993029 1.0
268 0.002164658606372603 1.0
269 0.00215357400961955 1.0
270 0.0021401823165445233 1.0
271 0.002129130051913125 1.0
272 0.002119965300568119 1.0
273 0.0021076232088414 1.0
274 0.0020940543080656244 1.0
275 0.002086694069481743 1.0
276 0.002074926968853571 1.0
277 0.0020653760061412653 1.0
278 0.002053061518684101 1.0
279 0.0020425016690826994 1.0
280 0.0020326722708931847 1.0
281 0.0020222997146178046 1.0
282 0.0020130203790721425 1.0
283 0.0020018206578048905 1.0
284 0.0019917398996984782 1.0
285 0.0019821397336408386 1.0
286 0.001970873600038797 1.0
287 0.0019595633507388504 1.0
288 0.0019513216435110994 1.0
289 0.0019415443048758833 1.0
290 0.0019321855386472873 1.0
291 0.0019249455013653951 1.0
292 0.0019149924040774999 1.0
293 0.0019049509934810941 1.0
294 0.0018967414413318673 1.0
295 0.001886272324628429 1.0
296 0.0018785258569915507 1.0
297 0.001869601264684352 1.0
