1 0 3.5205538272857666
1 80 0.4210365116596222
1 160 0.20426045358181
1 240 0.3091913163661957
1 320 0.3002745807170868
1 400 0.30933094024658203
2 0 0.32656145095825195
2 80 0.17226554453372955
2 160 0.28464949131011963
2 240 0.2620759904384613
2 320 0.18203097581863403
2 400 0.23416151106357574
3 0 0.18581654131412506
3 80 0.18414336442947388
3 160 0.1308281123638153
3 240 0.20742201805114746
3 320 0.30173635482788086
3 400 0.16093531250953674
4 0 0.2398999035358429
4 80 0.23428095877170563
4 160 0.15953458845615387
4 240 0.25058072805404663
4 320 0.10253730416297913
4 400 0.13225537538528442
5 0 0.14066362380981445
5 80 0.22659918665885925
5 160 0.18752610683441162
5 240 0.2127004861831665
5 320 0.11035072058439255
5 400 0.1266675889492035
6 0 0.17190314829349518
6 80 0.15219584107398987
6 160 0.07829014956951141
6 240 0.149034783244133
6 320 0.06291525065898895
6 400 0.12378382682800293
7 0 0.13624612987041473
7 80 0.13357926905155182
7 160 0.10192982852458954
7 240 0.12964269518852234
7 320 0.18256527185440063
7 400 0.14270123839378357
8 0 0.10227327793836594
8 80 0.11213498562574387
8 160 0.23864981532096863
8 240 0.08695240318775177
8 320 0.1447104513645172
8 400 0.1939203292131424
9 0 0.1261182576417923
9 80 0.07371438294649124
9 160 0.13068324327468872
9 240 0.09720248728990555
9 320 0.09185604751110077
9 400 0.154628723859787
10 0 0.10492312908172607
10 80 0.2621113657951355
10 160 0.12443052232265472
10 240 0.1978999823331833
10 320 0.1321495771408081
10 400 0.0795014426112175
11 0 0.09526915103197098
11 80 0.07472389191389084
11 160 0.17686331272125244
11 240 0.0588790588080883
11 320 0.08974537253379822
11 400 0.10938513278961182
12 0 0.06508541107177734
12 80 0.1357898861169815
12 160 0.10443263500928879
12 240 0.13721038401126862
12 320 0.15662755072116852
12 400 0.10292954742908478
13 0 0.09085479378700256
13 80 0.0863339900970459
13 160 0.10540659725666046
13 240 0.07159192115068436
13 320 0.10191135853528976
13 400 0.09792498499155045
14 0 0.1410893201828003
14 80 0.10606604069471359
14 160 0.10053988546133041
14 240 0.06869889050722122
14 320 0.05849829316139221
14 400 0.16634120047092438
15 0 0.12398884445428848
15 80 0.08715604245662689
15 160 0.07837624847888947
15 240 0.07533419132232666
15 320 0.12717297673225403
15 400 0.17532013356685638
16 0 0.04881681874394417
16 80 0.14690634608268738
16 160 0.07203958928585052
16 240 0.11475861817598343
16 320 0.05401574820280075
16 400 0.06981295347213745
17 0 0.04810583218932152
17 80 0.038372673094272614
17 160 0.08463970571756363
17 240 0.05006963759660721
17 320 0.06533916294574738
17 400 0.12986122071743011
18 0 0.046681299805641174
18 80 0.050764087587594986
18 160 0.06242752447724342
18 240 0.09460942447185516
18 320 0.06586924940347672
18 400 0.06522637605667114
19 0 0.11934413760900497
19 80 0.0903647318482399
19 160 0.07613328099250793
19 240 0.08369605243206024
19 320 0.07821234315633774
19 400 0.054716888815164566
20 0 0.05724425986409187
20 80 0.0313090980052948
20 160 0.07363910228013992
20 240 0.08422525227069855
20 320 0.28464606404304504
20 400 0.06577429920434952
21 0 0.044569630175828934
21 80 0.05842093005776405
21 160 0.03857763111591339
21 240 0.05619223415851593
21 320 0.040505751967430115
21 400 0.07745280861854553
22 0 0.07223758846521378
22 80 0.16352801024913788
22 160 0.04871319979429245
22 240 0.024417763575911522
22 320 0.06685154139995575
22 400 0.06255906820297241
23 0 0.03788825124502182
23 80 0.04946461692452431
23 160 0.07769345492124557
23 240 0.08283379673957825
23 320 0.029652995988726616
23 400 0.03570712357759476
24 0 0.05747600644826889
24 80 0.06290014833211899
24 160 0.10499163717031479
24 240 0.11617837101221085
24 320 0.06279049813747406
24 400 0.0907123014330864
25 0 0.06460254639387131
25 80 0.039877042174339294
25 160 0.0809982642531395
25 240 0.04453134164214134
25 320 0.0868273600935936
25 400 0.08277013152837753
26 0 0.04461193084716797
26 80 0.03359895199537277
26 160 0.039777323603630066
26 240 0.06628849357366562
26 320 0.07839132845401764
26 400 0.10327260196208954
27 0 0.027170753106474876
27 80 0.038540489971637726
27 160 0.04357804358005524
27 240 0.041919413954019547
27 320 0.0469193197786808
27 400 0.050710875540971756
28 0 0.0386442132294178
28 80 0.06144474446773529
28 160 0.050329264253377914
28 240 0.04619107022881508
28 320 0.07225367426872253
28 400 0.10425617545843124
29 0 0.03133636340498924
29 80 0.07380202412605286
29 160 0.042600858956575394
29 240 0.05182013288140297
29 320 0.03628631681203842
29 400 0.05031777545809746
30 0 0.04693806543946266
30 80 0.10333956032991409
30 160 0.08629489690065384
30 240 0.024205436930060387
30 320 0.03834417834877968
30 400 0.08105210214853287
31 0 0.04439752176403999
31 80 0.022355588153004646
31 160 0.039334699511528015
31 240 0.02367028221487999
31 320 0.06377098709344864
31 400 0.08478932827711105
32 0 0.033658966422080994
32 80 0.08489115536212921
32 160 0.056142669171094894
32 240 0.050994474440813065
32 320 0.03322500362992287
32 400 0.05028867721557617
33 0 0.02651062048971653
33 80 0.03240080177783966
33 160 0.05504440516233444
33 240 0.06459420919418335
33 320 0.05733751878142357
33 400 0.12336317449808121
34 0 0.04164866730570793
34 80 0.049358610063791275
34 160 0.04175069183111191
34 240 0.015620053745806217
34 320 0.036567073315382004
34 400 0.03848271816968918
35 0 0.05620812252163887
35 80 0.020559219643473625
35 160 0.022520318627357483
35 240 0.035271767526865005
35 320 0.03987618908286095
35 400 0.058405764400959015
36 0 0.052169524133205414
36 80 0.05603296309709549
36 160 0.07092519104480743
36 240 0.043276578187942505
36 320 0.019941452890634537
36 400 0.029609182849526405
37 0 0.01846517249941826
37 80 0.008671156130731106
37 160 0.02226235345005989
37 240 0.07678896188735962
37 320 0.0601576492190361
37 400 0.03680586442351341
38 0 0.0411493182182312
38 80 0.022416722029447556
38 160 0.0645981952548027
38 240 0.02975481003522873
38 320 0.025737082585692406
38 400 0.020119208842515945
39 0 0.0381663553416729
39 80 0.03922681510448456
39 160 0.02866489067673683
39 240 0.0204886794090271
39 320 0.037819623947143555
39 400 0.047325339168310165
40 0 0.02931864745914936
40 80 0.050168439745903015
40 160 0.03797745704650879
40 240 0.024868767708539963
40 320 0.030727915465831757
40 400 0.029342573136091232
41 0 0.03060619719326496
41 80 0.034825924783945084
41 160 0.02275802195072174
41 240 0.04504233971238136
41 320 0.03226453810930252
41 400 0.03360913693904877
42 0 0.01736161671578884
42 80 0.029078740626573563
42 160 0.023680785670876503
42 240 0.01413633394986391
42 320 0.019606178626418114
42 400 0.0606391616165638
43 0 0.038512226194143295
43 80 0.0235105212777853
43 160 0.03688941150903702
43 240 0.028243383392691612
43 320 0.023582886904478073
43 400 0.05672605335712433
44 0 0.038527607917785645
44 80 0.03431997820734978
44 160 0.03942692652344704
44 240 0.014120124280452728
44 320 0.03125976771116257
44 400 0.026976291090250015
45 0 0.01333041861653328
45 80 0.019448326900601387
45 160 0.045016925781965256
45 240 0.07924177497625351
45 320 0.02167455479502678
45 400 0.0192324910312891
46 0 0.05534598231315613
46 80 0.022074289619922638
46 160 0.037775084376335144
46 240 0.014171736314892769
46 320 0.03673122078180313
46 400 0.019388077780604362
47 0 0.08773370087146759
47 80 0.02840438112616539
47 160 0.020805777981877327
47 240 0.024762291461229324
47 320 0.025160258635878563
47 400 0.05557641386985779
48 0 0.041981980204582214
48 80 0.018001995980739594
48 160 0.023738306015729904
48 240 0.025562463328242302
48 320 0.04277290031313896
48 400 0.05063649266958237
49 0 0.015311419032514095
49 80 0.034477755427360535
49 160 0.011239941231906414
49 240 0.015513937920331955
49 320 0.05983796343207359
49 400 0.050413087010383606
50 0 0.026086315512657166
50 80 0.03801562637090683
50 160 0.03004767931997776
50 240 0.02578728459775448
50 320 0.011376175098121166
50 400 0.030654756352305412
51 0 0.022303076460957527
51 80 0.028595561161637306
51 160 0.017167266458272934
51 240 0.04719340428709984
51 320 0.03861706703901291
51 400 0.04894630238413811
52 0 0.03100690245628357
52 80 0.04052731394767761
52 160 0.037100572139024734
52 240 0.037837639451026917
52 320 0.010423392988741398
52 400 0.04302821680903435
53 0 0.038820039480924606
53 80 0.01214160118252039
53 160 0.026679208502173424
53 240 0.04303601384162903
53 320 0.039921656250953674
53 400 0.025262262672185898
54 0 0.019303418695926666
54 80 0.034933801740407944
54 160 0.02375170961022377
54 240 0.05322718620300293
54 320 0.04121354594826698
54 400 0.02997763641178608
55 0 0.02223585918545723
55 80 0.07811020314693451
55 160 0.009947290644049644
55 240 0.04509981349110603
55 320 0.03221889212727547
55 400 0.030832603573799133
56 0 0.026812434196472168
56 80 0.054685138165950775
56 160 0.017939481884241104
56 240 0.023616498336195946
56 320 0.01605234667658806
56 400 0.01376350037753582
57 0 0.016022775322198868
57 80 0.017985176295042038
57 160 0.038131698966026306
57 240 0.012309789657592773
57 320 0.052843205630779266
57 400 0.02332429401576519
58 0 0.015205470845103264
58 80 0.021427888423204422
58 160 0.012711885385215282
58 240 0.018356725573539734
58 320 0.019606206566095352
58 400 0.034278079867362976
59 0 0.019318653270602226
59 80 0.011457107961177826
59 160 0.019425436854362488
59 240 0.017027052119374275
59 320 0.033124733716249466
59 400 0.02698928862810135
60 0 0.018069520592689514
60 80 0.0124597679823637
60 160 0.020264077931642532
60 240 0.021531743928790092
60 320 0.01957327499985695
60 400 0.032768238335847855
61 0 0.013532598502933979
61 80 0.02328762412071228
61 160 0.032154396176338196
61 240 0.026558231562376022
61 320 0.011995715089142323
61 400 0.028824619948863983
62 0 0.016578787937760353
62 80 0.01919904351234436
62 160 0.011137722060084343
62 240 0.012718153186142445
62 320 0.007903218269348145
62 400 0.025499504059553146
63 0 0.009555794298648834
63 80 0.08254122734069824
63 160 0.02562742494046688
63 240 0.018225939944386482
63 320 0.00923622865229845
63 400 0.011098167859017849
64 0 0.02024424448609352
64 80 0.022815432399511337
64 160 0.024618981406092644
64 240 0.034060560166835785
64 320 0.03058168850839138
64 400 0.016342557966709137
65 0 0.015296081081032753
65 80 0.017318813130259514
65 160 0.009655065834522247
65 240 0.016322456300258636
65 320 0.026867419481277466
65 400 0.02549717389047146
66 0 0.0312548466026783
66 80 0.02932332642376423
66 160 0.018814412876963615
66 240 0.0186870526522398
66 320 0.027754826471209526
66 400 0.011393273249268532
67 0 0.01963604800403118
67 80 0.014123155735433102
67 160 0.02215876616537571
67 240 0.014366709627211094
67 320 0.003856359515339136
67 400 0.019200297072529793
68 0 0.02174360863864422
68 80 0.018870888277888298
68 160 0.008899250999093056
68 240 0.012106242589652538
68 320 0.02393309958279133
68 400 0.01098375953733921
69 0 0.02004595473408699
69 80 0.02090044692158699
69 160 0.010871348902583122
69 240 0.015338093042373657
69 320 0.01362770888954401
69 400 0.013091850094497204
70 0 0.011747690849006176
70 80 0.04795265942811966
70 160 0.011584709398448467
70 240 0.017506038770079613
70 320 0.01054282858967781
70 400 0.016051331534981728
71 0 0.012808241881430149
71 80 0.01220859307795763
71 160 0.012012170627713203
71 240 0.005762971006333828
71 320 0.022649042308330536
71 400 0.012315976433455944
72 0 0.01333001907914877
72 80 0.02132594585418701
72 160 0.015427869744598866
72 240 0.011061355471611023
72 320 0.014534823596477509
72 400 0.01178495679050684
73 0 0.01813778281211853
73 80 0.03440479934215546
73 160 0.014001845382153988
73 240 0.022742854431271553
73 320 0.015317688696086407
73 400 0.014747020788490772
74 0 0.0054892185144126415
74 80 0.026859790086746216
74 160 0.022448593750596046
74 240 0.009450574405491352
74 320 0.016908060759305954
74 400 0.006124491803348064
75 0 0.014243806712329388
75 80 0.016110092401504517
75 160 0.017187925055623055
75 240 0.012935033068060875
75 320 0.01425867062062025
75 400 0.00976129062473774
76 0 0.020292052999138832
76 80 0.02087009884417057
76 160 0.021706415340304375
76 240 0.011279258877038956
76 320 0.015677055343985558
76 400 0.015171913430094719
77 0 0.012799086980521679
77 80 0.011201651766896248
77 160 0.009006130509078503
77 240 0.011428025551140308
77 320 0.019413359463214874
77 400 0.010900645516812801
78 0 0.005047514569014311
78 80 0.009888699278235435
78 160 0.010240797884762287
78 240 0.01542992889881134
78 320 0.01393380481749773
78 400 0.0075086560100317
79 0 0.011138631962239742
79 80 0.014820924960076809
79 160 0.013520373031497002
79 240 0.0074901217594742775
79 320 0.01401086151599884
79 400 0.006687082815915346
80 0 0.01020945142954588
80 80 0.007230882067233324
80 160 0.023016231134533882
80 240 0.015372755005955696
80 320 0.0121069410815835
80 400 0.020640891045331955
81 0 0.018088242039084435
81 80 0.010080328211188316
81 160 0.015356974676251411
81 240 0.008632839657366276
81 320 0.011572754010558128
81 400 0.009366483427584171
82 0 0.00934795755892992
82 80 0.006007165648043156
82 160 0.007308227475732565
82 240 0.00925504695624113
82 320 0.02155807800590992
82 400 0.010053983889520168
83 0 0.021314134821295738
83 80 0.005212706048041582
83 160 0.012905548326671124
83 240 0.01730884239077568
83 320 0.011833114549517632
83 400 0.014556667767465115
84 0 0.012095245532691479
84 80 0.012390210293233395
84 160 0.006093215197324753
84 240 0.01106456108391285
84 320 0.019001569598913193
84 400 0.009772345423698425
85 0 0.010850525461137295
85 80 0.022153843194246292
85 160 0.01102075632661581
85 240 0.013525628484785557
85 320 0.009429550729691982
85 400 0.011196969076991081
86 0 0.00580041715875268
86 80 0.013224897906184196
86 160 0.009655251167714596
86 240 0.014683100394904613
86 320 0.008403166197240353
86 400 0.017919261008501053
87 0 0.0069711776450276375
87 80 0.013375498354434967
87 160 0.04382076486945152
87 240 0.022752679884433746
87 320 0.010648944415152073
87 400 0.011313519440591335
88 0 0.01524272095412016
88 80 0.009280589409172535
88 160 0.011217184364795685
88 240 0.01815197244286537
88 320 0.016436653211712837
88 400 0.014539159834384918
89 0 0.018364474177360535
89 80 0.02112491801381111
89 160 0.009466594085097313
89 240 0.006647021044045687
89 320 0.0030434413347393274
89 400 0.019336430355906487
90 0 0.010069144889712334
90 80 0.010607035830616951
90 160 0.006595245096832514
90 240 0.007087702862918377
90 320 0.01512959972023964
90 400 0.007939050905406475
91 0 0.013981403782963753
91 80 0.015054818242788315
91 160 0.017194904386997223
91 240 0.006487412378191948
91 320 0.01326588075608015
91 400 0.011874211020767689
92 0 0.004697366151958704
92 80 0.01208136323839426
92 160 0.005642618052661419
92 240 0.007869794964790344
92 320 0.007637786213308573
92 400 0.007868178188800812
93 0 0.0063712140545248985
93 80 0.013311615213751793
93 160 0.010764433071017265
93 240 0.005802138242870569
93 320 0.007825884968042374
93 400 0.00699783256277442
94 0 0.006023289170116186
94 80 0.0073794955387711525
94 160 0.008261775597929955
94 240 0.01175803691148758
94 320 0.014474378898739815
94 400 0.005478973034769297
95 0 0.005894212052226067
95 80 0.008737802505493164
95 160 0.008970278315246105
95 240 0.010648961178958416
95 320 0.009391732513904572
95 400 0.009546550922095776
96 0 0.010828094556927681
96 80 0.004718718584626913
96 160 0.010871310718357563
96 240 0.01737450435757637
96 320 0.006951183546334505
96 400 0.011991661041975021
97 0 0.06912922859191895
97 80 0.009194559417665005
97 160 0.008266490884125233
97 240 0.004130283370614052
97 320 0.013039880432188511
97 400 0.016244767233729362
98 0 0.014570476487278938
98 80 0.00993563886731863
98 160 0.011935010552406311
98 240 0.009123532101511955
98 320 0.009156323038041592
98 400 0.012656626291573048
99 0 0.012679193168878555
99 80 0.008167637512087822
99 160 0.014095335267484188
99 240 0.007920846343040466
99 320 0.008837372064590454
99 400 0.013528374023735523
100 0 0.006525127682834864
100 80 0.008052956312894821
100 160 0.016206195577979088
100 240 0.010477276518940926
100 320 0.004343376494944096
100 400 0.01151886023581028
101 0 0.01288938894867897
101 80 0.005518434569239616
101 160 0.010238689370453358
101 240 0.01839972846210003
101 320 0.007483092602342367
101 400 0.025508631020784378
102 0 0.019232826307415962
102 80 0.011419408023357391
102 160 0.006146351806819439
102 240 0.0065522282384335995
102 320 0.005908902268856764
102 400 0.013654327020049095
103 0 0.005092452745884657
103 80 0.017711590975522995
103 160 0.011960810981690884
103 240 0.009099768474698067
103 320 0.02042129635810852
103 400 0.0037916076835244894
104 0 0.005091281607747078
104 80 0.010721027851104736
104 160 0.007938195019960403
104 240 0.005415492225438356
104 320 0.013401190750300884
104 400 0.012088068760931492
105 0 0.012200931087136269
105 80 0.012456778436899185
105 160 0.010419290512800217
105 240 0.005477390252053738
105 320 0.011861600913107395
105 400 0.00379445543512702
106 0 0.006469372194260359
106 80 0.007028538733720779
106 160 0.006768466904759407
106 240 0.008510805666446686
106 320 0.008198954164981842
106 400 0.009139765053987503
107 0 0.006489244289696217
107 80 0.014993785880506039
107 160 0.005029745865613222
107 240 0.00733589194715023
107 320 0.00720216054469347
107 400 0.008448612876236439
108 0 0.009056934155523777
108 80 0.008315217681229115
108 160 0.008431891910731792
108 240 0.006768812891095877
108 320 0.005972379818558693
108 400 0.00588856590911746
109 0 0.005499826744198799
109 80 0.005961504764854908
109 160 0.007894013077020645
109 240 0.01050219964236021
109 320 0.005346110090613365
109 400 0.00883208867162466
110 0 0.004372295457869768
110 80 0.006812133360654116
110 160 0.006737975403666496
110 240 0.013503811322152615
110 320 0.0042579504661262035
110 400 0.006656051613390446
111 0 0.0100876959040761
111 80 0.006947495974600315
111 160 0.008033164776861668
111 240 0.006376659031957388
111 320 0.014312553219497204
111 400 0.004053078126162291
112 0 0.005228679161518812
112 80 0.0053574987687170506
112 160 0.007193119265139103
112 240 0.003918635658919811
112 320 0.011313489638268948
112 400 0.009062301367521286
113 0 0.01295740157365799
113 80 0.05357957258820534
113 160 0.012387004680931568
113 240 0.006519636604934931
113 320 0.006075659301131964
113 400 0.01108609326183796
114 0 0.006629195995628834
114 80 0.007195997051894665
114 160 0.008047963492572308
114 240 0.010258933529257774
114 320 0.008024415001273155
114 400 0.005837058648467064
115 0 0.006999630015343428
115 80 0.011240353807806969
115 160 0.0055252742022275925
115 240 0.008471626788377762
115 320 0.00365811656229198
115 400 0.007131402380764484
116 0 0.005385054275393486
116 80 0.007032237481325865
116 160 0.0037493023555725813
116 240 0.014712885953485966
116 320 0.00613108417019248
116 400 0.0033441914711147547
117 0 0.009518399834632874
117 80 0.006042287684977055
117 160 0.002730998443439603
117 240 0.015226395800709724
117 320 0.009843837469816208
117 400 0.004647677298635244
118 0 0.006171365734189749
118 80 0.019119521602988243
118 160 0.006367327179759741
118 240 0.008194719441235065
118 320 0.007255904376506805
118 400 0.007386898156255484
119 0 0.0035899225622415543
119 80 0.00866166315972805
119 160 0.004785019904375076
119 240 0.0055541545152664185
119 320 0.005585290491580963
119 400 0.007845205254852772
120 0 0.005119796376675367
120 80 0.04666169360280037
120 160 0.00589824328199029
120 240 0.005321526899933815
120 320 0.0052648442797362804
120 400 0.006560966372489929
121 0 0.007970975711941719
121 80 0.0039061454590409994
121 160 0.005650921259075403
121 240 0.008409485220909119
121 320 0.011320278979837894
121 400 0.007001133169978857
122 0 0.00869247131049633
122 80 0.008406867273151875
122 160 0.008039819076657295
122 240 0.01171936746686697
122 320 0.010142246261239052
122 400 0.007227856665849686
123 0 0.004901770036667585
123 80 0.004214517306536436
123 160 0.00521825673058629
123 240 0.005956481676548719
123 320 0.006603698246181011
123 400 0.005500471219420433
124 0 0.003737813327461481
124 80 0.0043450016528368
124 160 0.010141571052372456
124 240 0.0082536106929183
124 320 0.007204674184322357
124 400 0.010527092032134533
125 0 0.0016911603743210435
125 80 0.009327140636742115
125 160 0.0038408858235925436
125 240 0.009348210878670216
125 320 0.005690727848559618
125 400 0.00705743208527565
126 0 0.0032762952614575624
126 80 0.007179074455052614
126 160 0.006984872743487358
126 240 0.005377828609198332
126 320 0.00646068062633276
126 400 0.007013660855591297
127 0 0.008942045271396637
127 80 0.0043011317029595375
127 160 0.005756607744842768
127 240 0.00949295423924923
127 320 0.01026807352900505
127 400 0.007252339273691177
128 0 0.005180987063795328
128 80 0.005686918739229441
128 160 0.012133144773542881
128 240 0.009437466971576214
128 320 0.00884825550019741
128 400 0.003944672644138336
129 0 0.00518893962725997
129 80 0.0026788590475916862
129 160 0.011518175713717937
129 240 0.006198731251060963
129 320 0.006385741289705038
129 400 0.004776127636432648
130 0 0.011688582599163055
130 80 0.005733742378652096
130 160 0.005059703718870878
130 240 0.008677377365529537
130 320 0.003642252180725336
130 400 0.0029007119592279196
131 0 0.003322239965200424
131 80 0.00881402287632227
131 160 0.002876854967325926
131 240 0.005527609959244728
131 320 0.005537088960409164
131 400 0.01006564125418663
132 0 0.008408674970269203
132 80 0.0033981832675635815
132 160 0.0016052258433774114
132 240 0.004498010966926813
132 320 0.005769376643002033
132 400 0.002170960884541273
133 0 0.0028443201445043087
133 80 0.007037662900984287
133 160 0.00821640808135271
133 240 0.004709514789283276
133 320 0.006777636706829071
133 400 0.007459242362529039
134 0 0.009264667518436909
134 80 0.007242915220558643
134 160 0.004548484925180674
134 240 0.00429075863212347
134 320 0.0034505289513617754
134 400 0.004744432866573334
135 0 0.006456308998167515
135 80 0.0060448115691542625
135 160 0.005071164108812809
135 240 0.008313894271850586
135 320 0.004020264837890863
135 400 0.0074505796656012535
136 0 0.0032491085585206747
136 80 0.00633531529456377
136 160 0.007123504765331745
136 240 0.006201517768204212
136 320 0.006772149819880724
136 400 0.004583429079502821
137 0 0.003797714365646243
137 80 0.0047543966211378574
137 160 0.004477945622056723
137 240 0.007554992567747831
137 320 0.014509299769997597
137 400 0.005213806871324778
138 0 0.006392895244061947
138 80 0.007476132363080978
138 160 0.005010893568396568
138 240 0.0037450960371643305
138 320 0.007476215250790119
138 400 0.007344055455178022
139 0 0.007304141763597727
139 80 0.0057763829827308655
139 160 0.00578679796308279
139 240 0.007722288370132446
139 320 0.014287849888205528
139 400 0.009671428240835667
140 0 0.004618044476956129
140 80 0.003870484884828329
140 160 0.004255292937159538
140 240 0.004576230421662331
140 320 0.006280079949647188
140 400 0.0037734336219727993
141 0 0.005503942724317312
141 80 0.00788820069283247
141 160 0.010668491944670677
141 240 0.005014140158891678
141 320 0.0059886774979531765
141 400 0.002816836815327406
142 0 0.005713638383895159
142 80 0.0036755818873643875
142 160 0.0031161506194621325
142 240 0.0038303760811686516
142 320 0.006127673666924238
142 400 0.006496756803244352
143 0 0.003059627255424857
143 80 0.005014829337596893
143 160 0.010423533618450165
143 240 0.0038231387734413147
143 320 0.003045586636289954
143 400 0.009339315816760063
144 0 0.007554525509476662
144 80 0.003905956167727709
144 160 0.004038456827402115
144 240 0.005320393946021795
144 320 0.002576628467068076
144 400 0.004884962923824787
145 0 0.008075283840298653
145 80 0.003578987205401063
145 160 0.004377197939902544
145 240 0.00596807524561882
145 320 0.0042411088943481445
145 400 0.007443527225404978
146 0 0.0068721105344593525
146 80 0.009441820904612541
146 160 0.0035707138013094664
146 240 0.006061668507754803
146 320 0.005479280836880207
146 400 0.00454877782613039
147 0 0.002885104389861226
147 80 0.009835874661803246
147 160 0.004187688697129488
147 240 0.006363196298480034
147 320 0.004954156000167131
147 400 0.0024395037908107042
148 0 0.007513520307838917
148 80 0.007367925718426704
148 160 0.002153303474187851
148 240 0.006288673263043165
148 320 0.0031654429621994495
148 400 0.0038461042568087578
149 0 0.0030894973315298557
149 80 0.0044581471011042595
149 160 0.007215386256575584
149 240 0.005238721612840891
149 320 0.006771858781576157
149 400 0.0056482842192053795
150 0 0.005030829459428787
150 80 0.007306795101612806
150 160 0.006820200011134148
150 240 0.0065810056403279305
150 320 0.00987253524363041
150 400 0.004856429994106293
151 0 0.004514602478593588
151 80 0.00399676151573658
151 160 0.003167644375935197
151 240 0.005284452810883522
151 320 0.00642774673178792
151 400 0.003245716681703925
152 0 0.006426236592233181
152 80 0.005320744123309851
152 160 0.00334013975225389
152 240 0.0026112552732229233
152 320 0.005335729103535414
152 400 0.005791645497083664
153 0 0.0019945986568927765
153 80 0.01014920137822628
153 160 0.0032495642080903053
153 240 0.004320853389799595
153 320 0.004099223297089338
153 400 0.00552864745259285
154 0 0.004160070791840553
154 80 0.003210973460227251
154 160 0.0032166249584406614
154 240 0.004205490928143263
154 320 0.004855674225836992
154 400 0.004683384671807289
155 0 0.0070347958244383335
155 80 0.0051287501119077206
155 160 0.0036843742709606886
155 240 0.0036248371470719576
155 320 0.00576492166146636
155 400 0.015830647200345993
156 0 0.004958838690072298
156 80 0.005843040999025106
156 160 0.004159574396908283
156 240 0.0028365354519337416
156 320 0.006145838648080826
156 400 0.003930995706468821
157 0 0.00415460579097271
157 80 0.002193740801885724
157 160 0.0027043994050472975
157 240 0.005274193827062845
157 320 0.004763050936162472
157 400 0.004861876834183931
158 0 0.0027041584253311157
158 80 0.005383611191064119
158 160 0.003051143605262041
158 240 0.0020688490476459265
158 320 0.005042617674916983
158 400 0.005122992675751448
159 0 0.0035208554472774267
159 80 0.00311334989964962
159 160 0.006994206458330154
159 240 0.0030189133249223232
159 320 0.00588357774540782
159 400 0.005260004196316004
160 0 0.004387690685689449
160 80 0.0020020301453769207
160 160 0.004630700219422579
160 240 0.00616344204172492
160 320 0.0030428667087107897
160 400 0.00662822462618351
161 0 0.0018714931793510914
161 80 0.0023000093642622232
161 160 0.010982409119606018
161 240 0.003980337176471949
161 320 0.0043629007413983345
161 400 0.005749543663114309
162 0 0.0065861777402460575
162 80 0.0028207304421812296
162 160 0.002626380417495966
162 240 0.006959778722375631
162 320 0.002180797513574362
162 400 0.004099870566278696
163 0 0.005231825634837151
163 80 0.003952051512897015
163 160 0.004916529171168804
163 240 0.006781527306884527
163 320 0.003852325025945902
163 400 0.0036731273867189884
164 0 0.005818807054311037
164 80 0.0029126019217073917
164 160 0.004919569008052349
164 240 0.0035472954623401165
164 320 0.003226995235309005
164 400 0.002969147404655814
165 0 0.0024619027972221375
165 80 0.0031032331753522158
165 160 0.004808239638805389
165 240 0.0033313059248030186
165 320 0.004139375872910023
165 400 0.004040815401822329
166 0 0.0015899763675406575
166 80 0.005815102718770504
166 160 0.005291883833706379
166 240 0.0015871960204094648
166 320 0.003316901158541441
166 400 0.005550056230276823
167 0 0.0031883330084383488
167 80 0.003706555813550949
167 160 0.005613449960947037
167 240 0.0043006595224142075
167 320 0.006213715299963951
167 400 0.004471810534596443
168 0 0.003324646269902587
168 80 0.0026595008093863726
168 160 0.005395375657826662
168 240 0.003918033558875322
168 320 0.0030184753704816103
168 400 0.009073399007320404
169 0 0.004145417828112841
169 80 0.004654433578252792
169 160 0.0035521797835826874
169 240 0.007103867828845978
169 320 0.003780532628297806
169 400 0.002560471650213003
170 0 0.004047701135277748
170 80 0.002802381757646799
170 160 0.004567648284137249
170 240 0.0075704907067120075
170 320 0.004965682979673147
170 400 0.0046249870210886
171 0 0.0038004866801202297
171 80 0.0025379157159477472
171 160 0.006356924772262573
171 240 0.0037009106017649174
171 320 0.0027497189585119486
171 400 0.004442169331014156
172 0 0.003283777739852667
172 80 0.005105503834784031
172 160 0.0013643179554492235
172 240 0.002991009270772338
172 320 0.007040063384920359
172 400 0.002454842207953334
173 0 0.003820596029981971
173 80 0.0037381474394351244
173 160 0.0028634495101869106
173 240 0.005202939733862877
173 320 0.0035467972047626972
173 400 0.003114395309239626
174 0 0.004525206051766872
174 80 0.003977566491812468
174 160 0.0031781953293830156
174 240 0.0021553603000938892
174 320 0.003866596845909953
174 400 0.005217218305915594
175 0 0.004597191698849201
175 80 0.004981011152267456
175 160 0.003472354728728533
175 240 0.005930920131504536
175 320 0.008007323369383812
175 400 0.003065273631364107
176 0 0.0021880341228097677
176 80 0.004456334747374058
176 160 0.0048994505777955055
176 240 0.003658822737634182
176 320 0.002815681742504239
176 400 0.0027235315646976233
177 0 0.0033979290165007114
177 80 0.0043681529350578785
177 160 0.002963061910122633
177 240 0.004032700322568417
177 320 0.0029709567315876484
177 400 0.00325755518861115
178 0 0.00314471498131752
178 80 0.002977121854200959
178 160 0.004783579148352146
178 240 0.003268303582444787
178 320 0.005247707944363356
178 400 0.0021941049490123987
179 0 0.002380063757300377
179 80 0.0029963611159473658
179 160 0.0016666259616613388
179 240 0.002082877792418003
179 320 0.0029023250099271536
179 400 0.002373659750446677
180 0 0.004566905554383993
180 80 0.004489554557949305
180 160 0.0031437096185982227
180 240 0.003594829933717847
180 320 0.0023330303374677896
180 400 0.0031093237921595573
181 0 0.006683530751615763
181 80 0.004215137101709843
181 160 0.0035320622846484184
181 240 0.0023531862534582615
181 320 0.0042769270949065685
181 400 0.005410543642938137
182 0 0.0036154757253825665
182 80 0.0016179291997104883
182 160 0.0027622191701084375
182 240 0.002710784785449505
182 320 0.0024575330317020416
182 400 0.00439579039812088
183 0 0.0036082593724131584
183 80 0.0030959313735365868
183 160 0.002682589227333665
183 240 0.003327086567878723
183 320 0.0024475394748151302
183 400 0.004505837801843882
184 0 0.0017157947877421975
184 80 0.005431046709418297
184 160 0.0025767351035028696
184 240 0.0021864234004169703
184 320 0.0035479040816426277
184 400 0.0048613958060741425
185 0 0.002021740423515439
185 80 0.00089781463611871
185 160 0.004955729935318232
185 240 0.005743730813264847
185 320 0.00282235792838037
185 400 0.0038445983082056046
186 0 0.0027120194863528013
186 80 0.0017491759499534965
186 160 0.003483436070382595
186 240 0.004691791720688343
186 320 0.0037319085095077753
186 400 0.005167469382286072
187 0 0.004063731525093317
187 80 0.004409853368997574
187 160 0.005191246513277292
187 240 0.001770737930200994
187 320 0.005433743819594383
187 400 0.002426791237667203
188 0 0.0018167359521612525
188 80 0.0042571392841637135
188 160 0.0038896482437849045
188 240 0.002485644770786166
188 320 0.0031190633308142424
188 400 0.00332952500320971
189 0 0.005765411537140608
189 80 0.006924953777343035
189 160 0.003786296583712101
189 240 0.002998440293595195
189 320 0.0028953568544238806
189 400 0.0025186098646372557
190 0 0.005311158951371908
190 80 0.0014116611564531922
190 160 0.0018906176555901766
190 240 0.003154696198180318
190 320 0.003378035733476281
190 400 0.0034600780345499516
191 0 0.002216276014223695
191 80 0.0030086038168519735
191 160 0.0026038922369480133
191 240 0.005386661272495985
191 320 0.006736953742802143
191 400 0.003143683774396777
192 0 0.004644262138754129
192 80 0.005430502351373434
192 160 0.005025924649089575
192 240 0.00367979914881289
192 320 0.0021458726841956377
192 400 0.004600003361701965
193 0 0.003051281441003084
193 80 0.0062482599169015884
193 160 0.002568862633779645
193 240 0.003960639704018831
193 320 0.0021282329689711332
193 400 0.0044531673192977905
194 0 0.005452103912830353
194 80 0.0041854362934827805
194 160 0.0031204037368297577
194 240 0.0032838168554008007
194 320 0.002527437638491392
194 400 0.001774496864527464
195 0 0.004456206690520048
195 80 0.002325942274183035
195 160 0.0033933736849576235
195 240 0.00421125115826726
195 320 0.0022464522626250982
195 400 0.0022884670179337263
196 0 0.005801379680633545
196 80 0.005977944936603308
196 160 0.00404722336679697
196 240 0.004812674596905708
196 320 0.006508553866297007
196 400 0.00230061961337924
197 0 0.004006115719676018
197 80 0.002693771617487073
197 160 0.004066977184265852
197 240 0.0013265670277178288
197 320 0.006318091414868832
197 400 0.005320746451616287
198 0 0.0030413323547691107
198 80 0.005166350398212671
198 160 0.0024816892109811306
198 240 0.0023165573365986347
198 320 0.0073885018937289715
198 400 0.0025509686674922705
199 0 0.002143802121281624
199 80 0.0027944212779402733
199 160 0.003170277690514922
199 240 0.00487526785582304
199 320 0.0035943789407610893
199 400 0.002199387876316905
200 0 0.0018430195050314069
200 80 0.003388727782294154
200 160 0.00317274103872478
200 240 0.0020927651785314083
200 320 0.001046859659254551
200 400 0.0011879956582561135
201 0 0.005914600566029549
201 80 0.002538165543228388
201 160 0.0028520377818495035
201 240 0.005714781582355499
201 320 0.001556522212922573
201 400 0.003580840304493904
202 0 0.002694793976843357
202 80 0.0033900581765919924
202 160 0.004809584002941847
202 240 0.0046273949556052685
202 320 0.0047098430804908276
202 400 0.00220858003012836
203 0 0.0021025333553552628
203 80 0.0024565248750150204
203 160 0.004705879371613264
203 240 0.003349786391481757
203 320 0.004769790917634964
203 400 0.0026070557069033384
204 0 0.003210240276530385
204 80 0.003284101840108633
204 160 0.003735286183655262
204 240 0.001955074490979314
204 320 0.0013808897929266095
204 400 0.004356252495199442
205 0 0.0027724045794457197
205 80 0.0028577966149896383
205 160 0.003957015462219715
205 240 0.0022678414825350046
205 320 0.002750121057033539
205 400 0.003200314939022064
206 0 0.003379287663847208
206 80 0.0032058933284133673
206 160 0.005087248980998993
206 240 0.003135313279926777
206 320 0.0029514136258512735
206 400 0.002420540666207671
207 0 0.004753821063786745
207 80 0.002373292576521635
207 160 0.0027277267072349787
207 240 0.0035432344302535057
207 320 0.0026918682269752026
207 400 0.002482175827026367
208 0 0.0030978680588304996
208 80 0.002720981603488326
208 160 0.004908394534140825
208 240 0.002164809964597225
208 320 0.003940558061003685
208 400 0.00248444895260036
209 0 0.009022053331136703
209 80 0.0029003601521253586
209 160 0.005078211426734924
209 240 0.0033707395195961
209 320 0.0036014390643686056
209 400 0.003244232153519988
210 0 0.001255804905667901
210 80 0.0034790378995239735
210 160 0.002567111048847437
210 240 0.0037389874923974276
210 320 0.002166897989809513
210 400 0.0052049411460757256
211 0 0.002170814434066415
211 80 0.0027283886447548866
211 160 0.004717112053185701
211 240 0.002266271272674203
211 320 0.002194706816226244
211 400 0.00416458398103714
212 0 0.0033436862286180258
212 80 0.0031490542460232973
212 160 0.003193238051608205
212 240 0.003571965964511037
212 320 0.003181051230058074
212 400 0.002885324414819479
213 0 0.0029513745103031397
213 80 0.0033265354577451944
213 160 0.001615770161151886
213 240 0.002450523665174842
213 320 0.0019095009192824364
213 400 0.002534247701987624
214 0 0.0023172725923359394
214 80 0.002775653498247266
214 160 0.00476837670430541
214 240 0.0023580393753945827
214 320 0.003410225035622716
214 400 0.0027775627095252275
215 0 0.0012630309211090207
215 80 0.0021596376318484545
215 160 0.0029446007683873177
215 240 0.003801691811531782
215 320 0.006747609935700893
215 400 0.0024030671920627356
216 0 0.0034148762933909893
216 80 0.0023825904354453087
216 160 0.0030828567687422037
216 240 0.003584727179259062
216 320 0.006189319305121899
216 400 0.0026155817322432995
217 0 0.00489905197173357
217 80 0.001905043376609683
217 160 0.00431413110345602
217 240 0.003503811312839389
217 320 0.0068040164187550545
217 400 0.006409879308193922
218 0 0.0025401771999895573
218 80 0.0030453582294285297
218 160 0.0039361934177577496
218 240 0.0028732435312122107
218 320 0.004933330696076155
218 400 0.0035163089632987976
219 0 0.0033994652330875397
219 80 0.0037226835265755653
219 160 0.0038479052018374205
219 240 0.003337944159284234
219 320 0.00241176993586123
219 400 0.002321026287972927
220 0 0.0026617564726620913
220 80 0.003796963719651103
220 160 0.0028404416516423225
220 240 0.0022045797668397427
220 320 0.0034516016021370888
220 400 0.002030253177508712
221 0 0.0027004035655409098
221 80 0.00391351105645299
221 160 0.003039613598957658
221 240 0.003564552403986454
221 320 0.002292011398822069
221 400 0.00353450421243906
222 0 0.0030651860870420933
222 80 0.003374717431142926
222 160 0.002448772080242634
222 240 0.0029545000288635492
222 320 0.002676459029316902
222 400 0.003821364138275385
223 0 0.0024544019252061844
223 80 0.0033682750072330236
223 160 0.002683010185137391
223 240 0.00559576041996479
223 320 0.0013371482491493225
223 400 0.0029667506460100412
224 0 0.003223635256290436
224 80 0.0024174244608730078
224 160 0.0043609230779111385
224 240 0.002257435116916895
224 320 0.004183153621852398
224 400 0.0026792590506374836
225 0 0.006723027676343918
225 80 0.004288782365620136
225 160 0.00191757851280272
225 240 0.0015919905854389071
225 320 0.0037422107998281717
225 400 0.0026555974036455154
226 0 0.0031601169612258673
226 80 0.0021810331381857395
226 160 0.004064999055117369
226 240 0.001797486562281847
226 320 0.002788939978927374
226 400 0.002857004525139928
227 0 0.002834165235981345
227 80 0.004053981974720955
227 160 0.0026734143029898405
227 240 0.002989238826557994
227 320 0.0023338324390351772
227 400 0.003688463242724538
228 0 0.002441484946757555
228 80 0.0025734025985002518
228 160 0.00485781067982316
228 240 0.0038521040696650743
228 320 0.002491965191438794
228 400 0.002493326785042882
229 0 0.00103572232183069
229 80 0.003231506794691086
229 160 0.0026101816911250353
229 240 0.00559129798784852
229 320 0.0026424448005855083
229 400 0.0028451024554669857
230 0 0.002709791762754321
230 80 0.001494486117735505
230 160 0.0017717654118314385
230 240 0.003821644466370344
230 320 0.0018344307318329811
230 400 0.001613040454685688
231 0 0.002710773842409253
231 80 0.0034168774727731943
231 160 0.0026452282909303904
231 240 0.002138420706614852
231 320 0.0028235604986548424
231 400 0.0014833045424893498
232 0 0.002714165486395359
232 80 0.0037182702217251062
232 160 0.0021821933332830667
232 240 0.004679359029978514
232 320 0.0017295930301770568
232 400 0.0026270339731127024
233 0 0.002369858091697097
233 80 0.003174163168296218
233 160 0.0014222714817151427
233 240 0.002580221276730299
233 320 0.0025006511714309454
233 400 0.001630885060876608
234 0 0.002234521321952343
234 80 0.0025872152764350176
234 160 0.002854038728401065
234 240 0.0017882123356685042
234 320 0.0024008427280932665
234 400 0.0012295591877773404
235 0 0.0016185056883841753
235 80 0.002732801716774702
235 160 0.001663664006628096
235 240 0.0016446680529043078
235 320 0.0019202129915356636
235 400 0.002249438315629959
236 0 0.0019996154587715864
236 80 0.0029509079176932573
236 160 0.002710039960220456
236 240 0.0030383961275219917
236 320 0.002193134045228362
236 400 0.0023646398913115263
237 0 0.0023841802030801773
237 80 0.002057022647932172
237 160 0.002086461056023836
237 240 0.004046276211738586
237 320 0.003880466101691127
237 400 0.0032137944363057613
238 0 0.0026123474817723036
238 80 0.002372713992372155
238 160 0.00125996267888695
238 240 0.0018062421586364508
238 320 0.001575031434185803
238 400 0.0030202860943973064
239 0 0.002813691506162286
239 80 0.0015563970664516091
239 160 0.001674239058047533
239 240 0.0033292861189693213
239 320 0.0032146729063242674
239 400 0.0024270513094961643
240 0 0.002414169954136014
240 80 0.00507584260776639
240 160 0.003832004265859723
240 240 0.0022008155938237906
240 320 0.003585347207263112
240 400 0.0015649289125576615
241 0 0.0017384454840794206
241 80 0.0035394784063100815
241 160 0.003162047592923045
241 240 0.002081215614452958
241 320 0.0017146734753623605
241 400 0.0025207556318491697
242 0 0.0031839364673942327
242 80 0.0026541557163000107
242 160 0.0025143891107290983
242 240 0.00319589558057487
242 320 0.0029009098652750254
242 400 0.0027715153992176056
243 0 0.0013589623849838972
243 80 0.001955445157364011
243 160 0.0019603304099291563
243 240 0.0030537573620676994
243 320 0.0021413699723780155
243 400 0.0017445526318624616
244 0 0.001793144503608346
244 80 0.0017507454613223672
244 160 0.0012381024425849319
244 240 0.0034198113717138767
244 320 0.002193191321566701
244 400 0.0030102920718491077
245 0 0.004272650461643934
245 80 0.0020365752279758453
245 160 0.002097535179927945
245 240 0.0031259062234312296
245 320 0.0023392904549837112
245 400 0.0024297202471643686
246 0 0.003116090316325426
246 80 0.0014683238696306944
246 160 0.0018122813198715448
246 240 0.0015797049272805452
246 320 0.0035510470625013113
246 400 0.0025735092349350452
247 0 0.0030279974453151226
247 80 0.0021206431556493044
247 160 0.00500128697603941
247 240 0.0033512103836983442
247 320 0.0020473359618335962
247 400 0.0023174204397946596
248 0 0.002488608006387949
248 80 0.0020373743027448654
248 160 0.0020452537573873997
248 240 0.0028022276237607002
248 320 0.002669943030923605
248 400 0.0007482370710931718
249 0 0.001972717698663473
249 80 0.0026771787088364363
249 160 0.0033325087279081345
249 240 0.003245593048632145
249 320 0.0025684491265565157
249 400 0.002146743703633547
250 0 0.002667661989107728
250 80 0.002117060823366046
250 160 0.0027907968033105135
250 240 0.0025022090412676334
250 320 0.0016841785982251167
250 400 0.001953270984813571
251 0 0.0025772713124752045
251 80 0.001555221388116479
251 160 0.0009718997753225267
251 240 0.0021911496296525
251 320 0.0013401415199041367
251 400 0.0008375046891160309
252 0 0.0032727678772062063
252 80 0.0031702194828540087
252 160 0.002243657363578677
252 240 0.002119565149769187
252 320 0.004504767246544361
252 400 0.003537416458129883
253 0 0.0017955310177057981
253 80 0.0033169654197990894
253 160 0.0021281603258103132
253 240 0.0019290705677121878
253 320 0.002309889066964388
253 400 0.0032342730555683374
254 0 0.0032559693790972233
254 80 0.001845603110268712
254 160 0.0032724663615226746
254 240 0.004178609699010849
254 320 0.002870350144803524
254 400 0.0018930427031591535
255 0 0.002596574602648616
255 80 0.002378847450017929
255 160 0.0017783112125471234
255 240 0.0021733359899371862
255 320 0.003869693260639906
255 400 0.001138670719228685
256 0 0.0024386474397033453
256 80 0.0036385711282491684
256 160 0.002129343105480075
256 240 0.0014492168556898832
256 320 0.0015360048273578286
256 400 0.002622204599902034
257 0 0.0028367273043841124
257 80 0.0028924692887812853
257 160 0.00184903503395617
257 240 0.004382817540317774
257 320 0.0021716321352869272
257 400 0.002976968651637435
258 0 0.002365333493798971
258 80 0.0027219229377806187
258 160 0.00346200168132782
258 240 0.0027072487864643335
258 320 0.0020107540767639875
258 400 0.001881180563941598
259 0 0.0011617866111919284
259 80 0.001804077997803688
259 160 0.0022922493517398834
259 240 0.003992287442088127
259 320 0.0015987188089638948
259 400 0.0023914435878396034
260 0 0.0015387940220534801
260 80 0.0014799473574385047
260 160 0.0034581529907882214
260 240 0.0027481825090944767
260 320 0.001318435650318861
260 400 0.0019951958674937487
261 0 0.0009270345326513052
261 80 0.0010932005243375897
261 160 0.0011103413999080658
261 240 0.002109504770487547
261 320 0.0019469298422336578
261 400 0.0016544829122722149
262 0 0.0012133871205151081
262 80 0.0026383716613054276
262 160 0.002180599607527256
262 240 0.0024822354316711426
262 320 0.001710230833850801
262 400 0.005266650579869747
263 0 0.0026800045743584633
263 80 0.001435137470252812
263 160 0.003232278861105442
263 240 0.00177929422352463
263 320 0.0027777780778706074
263 400 0.001094390987418592
264 0 0.0013353934045881033
264 80 0.0015060261357575655
264 160 0.0016244538128376007
264 240 0.0017313684802502394
264 320 0.001708135474473238
264 400 0.0011845979606732726
265 0 0.0030918032862246037
265 80 0.0030398492235690355
265 160 0.0032054975163191557
265 240 0.0017596341203898191
265 320 0.001087875571101904
265 400 0.0018335547065362334
266 0 0.0016427332302555442
266 80 0.0028512212447822094
266 160 0.003086572280153632
266 240 0.0030484709423035383
266 320 0.002746789250522852
266 400 0.0013123637763783336
267 0 0.002294674515724182
267 80 0.0025786422193050385
267 160 0.0033739341888576746
267 240 0.002767812693491578
267 320 0.002140374155715108
267 400 0.0029251868836581707
268 0 0.0024202526547014713
268 80 0.0020285791251808405
268 160 0.0019281958229839802
268 240 0.003867159830406308
268 320 0.0016706438036635518
268 400 0.0020095950458198786
269 0 0.0014503762358799577
269 80 0.0030573196709156036
269 160 0.002070116577669978
269 240 0.0021500836592167616
269 320 0.002541335765272379
269 400 0.0012992003466933966
270 0 0.0007430088007822633
270 80 0.003762683365494013
270 160 0.0016205530846491456
270 240 0.00165058602578938
270 320 0.001114388694986701
270 400 0.00334574724547565
271 0 0.0030125093180686235
271 80 0.002623761771246791
271 160 0.002926295157521963
271 240 0.0017717932350933552
271 320 0.003128782147541642
271 400 0.002352209063246846
272 0 0.001880401629023254
272 80 0.003447488183155656
272 160 0.0007421046611852944
272 240 0.0026161603163927794
272 320 0.0014269765233621001
272 400 0.002512111561372876
273 0 0.002017770428210497
273 80 0.002415616996586323
273 160 0.0013496711617335677
273 240 0.00240251119248569
273 320 0.002248502569273114
273 400 0.0022306195460259914
274 0 0.0018087498610839248
274 80 0.002882772358134389
274 160 0.003466197522357106
274 240 0.0024140793830156326
274 320 0.0012583406642079353
274 400 0.0016930463025346398
275 0 0.0010916077299043536
275 80 0.0011358488118276
275 160 0.0015342974802479148
275 240 0.0011518686078488827
275 320 0.0017725775251165032
275 400 0.0006839070119895041
276 0 0.0015934791881591082
276 80 0.00239655957557261
276 160 0.0025963892694562674
276 240 0.001961145782843232
276 320 0.0021954879630357027
276 400 0.0008306367672048509
277 0 0.0011703986674547195
277 80 0.002182976109907031
277 160 0.002714162925258279
277 240 0.0015369800385087729
277 320 0.0024500556755810976
277 400 0.002072738017886877
278 0 0.0023560025729238987
278 80 0.0013366250786930323
278 160 0.003062305971980095
278 240 0.003801021259278059
278 320 0.002473842818289995
278 400 0.0010749291395768523
279 0 0.0029790156986564398
279 80 0.0021935829427093267
279 160 0.002616392681375146
279 240 0.003252357942983508
279 320 0.001672934042289853
279 400 0.0041098748333752155
280 0 0.0013137654168531299
280 80 0.001492657931521535
280 160 0.0017353157745674253
280 240 0.0009394671651534736
280 320 0.0010573093313723803
280 400 0.0021939340513199568
281 0 0.00258808140642941
281 80 0.0022965336684137583
281 160 0.002238598885014653
281 240 0.0024773902259767056
281 320 0.002520719077438116
281 400 0.0010050226701423526
282 0 0.0016168872825801373
282 80 0.0011539499973878264
282 160 0.0031607921700924635
282 240 0.0017535542137920856
282 320 0.0017567696049809456
282 400 0.0021789344027638435
283 0 0.001275045215152204
283 80 0.002048400929197669
283 160 0.0019441723125055432
283 240 0.0018108196090906858
283 320 0.001160098472610116
283 400 0.0029875892214477062
284 0 0.000991511857137084
284 80 0.0025162792298942804
284 160 0.001994425430893898
284 240 0.002620906103402376
284 320 0.002210902515798807
284 400 0.002223348943516612
285 0 0.0015362573321908712
285 80 0.0030697984620928764
285 160 0.0029385508969426155
285 240 0.003263509599491954
285 320 0.0015453577507287264
285 400 0.0026806783862411976
286 0 0.0016548816347494721
286 80 0.0020002201199531555
286 160 0.0016921935603022575
286 240 0.001907310914248228
286 320 0.001881132833659649
286 400 0.0014029464218765497
287 0 0.0008673504344187677
287 80 0.0017251071985810995
287 160 0.0017255833372473717
287 240 0.002583377296105027
287 320 0.0014377539046108723
287 400 0.0021494857501238585
288 0 0.00182914431206882
288 80 0.002113713650032878
288 160 0.0015740537783131003
288 240 0.0016620485112071037
288 320 0.002635564422234893
288 400 0.002210692036896944
289 0 0.0015881978906691074
289 80 0.0019761279691010714
289 160 0.002786218421533704
289 240 0.0034318219404667616
289 320 0.0012408825568854809
289 400 0.0023429603315889835
290 0 0.002123825019225478
290 80 0.0021488473284989595
290 160 0.0021497292909771204
290 240 0.002249220386147499
290 320 0.001184661639854312
290 400 0.0019126483239233494
291 0 0.001762611442245543
291 80 0.002731378423050046
291 160 0.0013198420638218522
291 240 0.001398216700181365
291 320 0.00098603090737015
291 400 0.0014298195019364357
292 0 0.002150337677448988
292 80 0.0018992855912074447
292 160 0.0010185764404013753
292 240 0.0018236003816127777
292 320 0.0022291166242212057
292 400 0.001702187699265778
293 0 0.0014897554647177458
293 80 0.0019363337196409702
293 160 0.0019623918924480677
293 240 0.0020014960318803787
293 320 0.0019430735846981406
293 400 0.0035650995559990406
294 0 0.002480380469933152
294 80 0.001912272535264492
294 160 0.0026342463679611683
294 240 0.003165509318932891
294 320 0.0014341003261506557
294 400 0.002810620702803135
295 0 0.002056477591395378
295 80 0.0015311461174860597
295 160 0.0018160189501941204
295 240 0.0020698592998087406
295 320 0.0022873710840940475
295 400 0.002828414784744382
296 0 0.0014127109898254275
296 80 0.002330564660951495
296 160 0.0010776598937809467
296 240 0.0024561546742916107
296 320 0.00238429824821651
296 400 0.0027315341867506504
297 0 0.00108804099727422
297 80 0.0020933528430759907
297 160 0.0013648549793288112
297 240 0.00238132756203413
297 320 0.001606080448254943
297 400 0.003267950378358364
298 0 0.0013386865612119436
298 80 0.0011590227950364351
298 160 0.00273883412592113
298 240 0.0024159522727131844
298 320 0.002822504611685872
