1 1.3319388902358917 0.8653333333333333
2 0.33094607591470165 0.9261833333333334
3 0.27977912523535525 0.9349
4 0.21241763158083787 0.9469333333333333
5 0.16670309003990597 0.9553333333333334
6 0.13651964109319487 0.9590166666666666
7 0.14202630800653748 0.9597833333333333
8 0.10886850180640531 0.9663
9 0.10284135309157214 0.9680833333333333
10 0.0972091392474944 0.9689666666666666
11 0.09421883738919426 0.9714
12 0.09004165154141086 0.9715833333333334
13 0.08121025323200581 0.9739833333333333
14 0.07662501210755886 0.97525
15 0.07304505079682828 0.9762
16 0.07095451939152057 0.9768166666666667
17 0.06703531956955441 0.9783833333333334
18 0.06424262791451042 0.9794666666666667
19 0.061676567577238654 0.9799833333333333
20 0.05884144020610368 0.9811166666666666
21 0.05658850600041433 0.9820333333333333
22 0.05322007318116677 0.9826333333333334
23 0.05204368852126573 0.9827666666666667
24 0.04972002623793381 0.9833333333333333
25 0.04760044712080821 0.9847
26 0.046405947864500446 0.9853
27 0.04334523736624353 0.9862333333333333
28 0.04196610411247814 0.98645
29 0.04012058801186492 0.9873333333333333
30 0.038344504964003746 0.9878333333333333
31 0.03730308485410012 0.98855
32 0.03629749896886474 0.9888666666666667
33 0.03429766742687331 0.9898833333333333
34 0.03373468608043389 0.9896833333333334
35 0.03167996030282984 0.9908666666666667
36 0.030654425954203934 0.991
37 0.02917949557264667 0.9916666666666667
38 0.029075291999149076 0.9916
39 0.02769454597715916 0.9922833333333333
40 0.026361099459719397 0.9933
41 0.026170155635155214 0.9929833333333333
42 0.02446146072126798 0.9938
43 0.02382143132829431 0.9940333333333333
44 0.023041251260461585 0.9944666666666667
45 0.02205903754099957 0.9949
46 0.021547497553961365 0.9949833333333333
47 0.021001219340383626 0.99515
48 0.020344901762938482 0.9954
49 0.019021708572378705 0.9959666666666667
50 0.018401197695445373 0.9964333333333333
51 0.01837503713722438 0.9964666666666666
52 0.017696982979881707 0.9966333333333334
53 0.017320604869293602 0.9968166666666667
54 0.016156490526295135 0.9975166666666667
55 0.01626694694346091 0.9973166666666666
56 0.015402433985192924 0.9975166666666667
57 0.014916345498451134 0.9977833333333334
58 0.014584404017740507 0.9980166666666667
59 0.014028192264462775 0.9981
60 0.01380698533325609 0.9979333333333333
61 0.01308039472555555 0.9984666666666666
62 0.012964940791739139 0.9984666666666666
63 0.012355592530488825 0.9989833333333333
64 0.012233434461190231 0.9986666666666667
65 0.011908353904067581 0.9988
66 0.011520035346465578 0.9989333333333333
67 0.011356284136453005 0.9989
68 0.011159407530925166 0.9989666666666667
69 0.010859095801744285 0.9991166666666667
70 0.01049483072127837 0.9992833333333333
71 0.010223288947134528 0.99935
72 0.010099852949366975 0.9993166666666666
73 0.009711293631227318 0.99925
74 0.009470128162360904 0.9995166666666667
75 0.009317753192877322 0.9995
76 0.009170772469064383 0.99955
77 0.008825704872634 0.9996166666666667
78 0.00873221201610678 0.99965
79 0.00843025892248143 0.9996
80 0.008303506181204021 0.9996166666666667
81 0.008185065796733823 0.9996666666666667
82 0.008000557385841761 0.9996666666666667
83 0.007833021695662076 0.9997333333333334
84 0.007693477737993351 0.9997166666666667
85 0.007465275361198686 0.9998333333333334
86 0.00731801421968326 0.9998333333333334
87 0.007204016231979404 0.9998666666666667
88 0.007080413176239268 0.9998833333333333
89 0.006996215824266153 0.9998166666666667
90 0.0068656947212551896 0.9998833333333333
91 0.006646278224436681 0.9999
92 0.006641230847029242 0.9998666666666667
93 0.006487261681908817 0.9999
94 0.006344383987444225 0.9999
95 0.006282913686235005 0.9999333333333333
96 0.006156491115937498 0.9999166666666667
97 0.006060112424359631 0.9999333333333333
98 0.005902609375091012 0.99995
99 0.005841568689237335 0.9999333333333333
100 0.0057663464255239775 0.9999333333333333
101 0.00564274547009993 0.99995
102 0.005584807909239751 0.99995
103 0.005447361079394134 0.99995
104 0.0054131053457123985 0.99995
105 0.005334319471856202 0.9999666666666667
106 0.005258338293681211 0.9999666666666667
107 0.005188016451523899 0.9999833333333333
108 0.005101935605385474 0.9999833333333333
109 0.005039025221450894 0.9999666666666667
110 0.004947484850432716 0.9999833333333333
111 0.00492644507357521 0.9999833333333333
112 0.004829303192437442 0.9999833333333333
113 0.004753565601160579 0.9999666666666667
114 0.004711164357408738 0.9999666666666667
115 0.004639723301946576 0.9999833333333333
116 0.004561783504862982 0.9999833333333333
117 0.004524816757689581 0.9999833333333333
118 0.004469898743688989 0.9999833333333333
119 0.004409577686097354 1.0
120 0.004344882968471134 0.9999833333333333
121 0.004280213567826437 0.9999833333333333
122 0.004255291713805778 1.0
123 0.004187190173211684 0.9999833333333333
124 0.004125297420036628 0.9999833333333333
125 0.004081226271780224 0.9999833333333333
126 0.004062912816470707 0.9999833333333333
127 0.004005676549204043 0.9999833333333333
128 0.003977104930876336 0.9999833333333333
129 0.00390182766930085 0.9999833333333333
130 0.003860374455770124 1.0
131 0.003815983762782909 1.0
132 0.003782253704224425 1.0
133 0.003743544236686367 0.9999833333333333
134 0.003703538153662102 1.0
135 0.0036601895979766464 0.9999833333333333
136 0.003615748831259607 1.0
137 0.003577532131038209 1.0
138 0.0035374912202233142 1.0
139 0.003516636562095816 0.9999833333333333
140 0.0034814686336959682 1.0
141 0.003458174742581541 1.0
142 0.0034043443299132956 1.0
143 0.003363520814180831 1.0
144 0.003338671867241229 1.0
145 0.003303067095434742 1.0
146 0.0032750437176897566 1.0
147 0.0032578061568364104 0.9999833333333333
148 0.00321672696966245 1.0
149 0.0031848011711147674 1.0
150 0.003149141964347743 0.9999833333333333
151 0.003119641573909027 1.0
152 0.003087976190106653 1.0
153 0.00307577572413472 0.9999833333333333
154 0.0030317051456059648 1.0
155 0.0030039983088158565 1.0
156 0.0029747251244728514 1.0
157 0.0029529768761112365 1.0
158 0.0029258310016907893 1.0
159 0.0028990159773809917 1.0
160 0.0028793351030471656 1.0
161 0.0028480227602504767 1.0
162 0.0028197587243587114 1.0
163 0.0027996356841544115 1.0
164 0.0027823586413797652 1.0
165 0.002761936327417705 1.0
166 0.0027275488668206784 1.0
167 0.0026984771364616717 1.0
168 0.0026766753430093036 1.0
169 0.0026710222834901913 1.0
170 0.0026329099129923164 1.0
171 0.0026230685611956443 1.0
172 0.0026158384853668176 1.0
173 0.0025834835871412698 1.0
174 0.0025548220699978695 1.0
175 0.002544489347434013 1.0
176 0.0025161205816255417 1.0
177 0.0024975703636766163 1.0
178 0.0024849387821056315 1.0
179 0.00246075161866524 1.0
180 0.002442236953496393 1.0
181 0.0024353142205709175 1.0
182 0.0024139812587996696 1.0
183 0.0023938042089603206 1.0
184 0.0023616843041219214 1.0
185 0.002360735626542258 1.0
186 0.0023317556237620212 1.0
187 0.0023205248672621393 1.0
188 0.002300604689754109 1.0
189 0.002285568525385199 1.0
190 0.0022664448301712953 1.0
191 0.0022653043688362295 1.0
192 0.0022372120300303898 1.0
193 0.0022250368163785907 1.0
194 0.0022072665180379487 1.0
195 0.0021939815965536704 1.0
196 0.0021705862391230737 1.0
197 0.002158000406849859 1.0
198 0.002140781906275039 1.0
199 0.0021346454531687106 1.0
200 0.0021094838847348623 1.0
201 0.0021014205621444244 1.0
202 0.0020893172085804466 1.0
203 0.002070951815158415 1.0
204 0.00206525388733744 1.0
205 0.0020506022421559736 1.0
206 0.0020365783665974592 1.0
207 0.002026792804237459 1.0
208 0.00200904662385017 1.0
209 0.002002717888996458 1.0
210 0.001982827174679827 1.0
211 0.0019740747827252172 1.0
212 0.001961060823115117 1.0
213 0.0019474067411366612 1.0
214 0.001934184416034408 1.0
215 0.0019229209254200913 1.0
216 0.0019099979571052896 1.0
217 0.0018916527910936456 1.0
218 0.0018824865227502618 1.0
219 0.0018746258202207479 1.0
220 0.0018686501742792385 1.0
221 0.001848762841157512 1.0
222 0.0018466393681623335 1.0
223 0.0018271458672676315 1.0
224 0.0018200429819419043 1.0
225 0.0018162793371387558 1.0
226 0.0017939877756156409 1.0
227 0.0017877982296138953 1.0
228 0.001779241450026687 1.0
229 0.0017693656912969073 1.0
230 0.0017620896613265056 1.0
231 0.001743630518354148 1.0
232 0.0017358025108753985 1.0
233 0.0017282902299096859 1.0
234 0.0017175655109561614 1.0
235 0.0017096029354015123 1.0
236 0.0016994407794662693 1.0
237 0.0016884256305961388 1.0
238 0.0016802959774905291 1.0
239 0.0016696809377493476 1.0
240 0.001665539619860861 1.0
241 0.0016508113600557912 1.0
242 0.0016457984989845574 1.0
243 0.0016366877288223486 1.0
244 0.0016244799898404167 1.0
245 0.0016167573983903163 1.0
246 0.0016067738081070421 1.0
247 0.001601338502640691 1.0
248 0.001592634055926812 1.0
249 0.0015801050449420673 1.0
250 0.0015768420567655605 1.0
251 0.0015602245473110281 1.0
252 0.00155898000940612 1.0
253 0.001552181482289745 1.0
254 0.0015409624003974009 1.0
255 0.0015337108360749406 1.0
256 0.0015243763320777477 1.0
257 0.001515243611949335 1.0
258 0.001508379194226219 1.0
259 0.0015031077293008923 1.0
260 0.0014944907834084193 1.0
261 0.001485223379130088 1.0
262 0.001480485903249849 1.0
263 0.001470127623458244 1.0
264 0.0014649137433470367 1.0
265 0.0014558851062732219 1.0
266 0.0014508238211442936 1.0
267 0.0014433513625960813 1.0
268 0.001437228059766989 1.0
269 0.0014328035543477143 1.0
270 0.0014234051442340706 1.0
271 0.0014116734961670304 1.0
272 0.001409757305554716 1.0
273 0.0014022785275037697 1.0
274 0.0014000863210036994 1.0
275 0.0013879252129049698 1.0
276 0.0013846706504425182 1.0
277 0.0013780514815145098 1.0
278 0.0013709208176065205 1.0
279 0.0013646411660215708 1.0
280 0.001356462475567955 1.0
281 0.0013485165399266903 1.0
282 0.0013441448750868955 1.0
283 0.001340239805959737 1.0
284 0.0013325975765151453 1.0
285 0.0013267905425449371 1.0
286 0.001320396454869283 1.0
287 0.0013103969889119078 1.0
288 0.0013083525570799538 1.0
289 0.0013059076608227156 1.0
290 0.0012987556505892704 1.0
291 0.0012907463022004337 1.0
292 0.0012875287416281858 1.0
293 0.0012792891107012096 1.0
294 0.0012730430390724022 1.0
295 0.0012678198217511622 1.0
296 0.0012639487323079155 1.0
297 0.0012550257417663282 1.0
298 0.001253394098559728 1.0
299 0.0012453145001020069 1.0
300 0.0012410801119180515 1.0
9999 0.0012241106014698744 1.0
