1 0 2.853128671646118
1 80 1.3429430723190308
1 160 0.23855328559875488
1 240 0.26653265953063965
1 320 0.6048769950866699
1 400 0.8875592947006226
2 0 0.20365208387374878
2 80 0.4484083652496338
2 160 0.35861533880233765
2 240 0.30298033356666565
2 320 0.24612869322299957
2 400 0.21795445680618286
3 0 0.26113903522491455
3 80 0.18941260874271393
3 160 0.3026435673236847
3 240 0.2616095542907715
3 320 0.17071770131587982
3 400 0.1383727341890335
4 0 0.12126456946134567
4 80 0.14271090924739838
4 160 0.2160976231098175
4 240 0.16415056586265564
4 320 0.17249560356140137
4 400 0.14431054890155792
5 0 0.2603799104690552
5 80 0.032459765672683716
5 160 0.29286661744117737
5 240 0.18694601953029633
5 320 0.10696164518594742
5 400 0.3430599868297577
6 0 0.028523210436105728
6 80 0.14626266062259674
6 160 0.08951430022716522
6 240 0.07223239541053772
6 320 0.11059769243001938
6 400 0.2864796817302704
7 0 0.35457244515419006
7 80 0.06558007746934891
7 160 0.21350502967834473
7 240 0.1266326904296875
7 320 0.1962067037820816
7 400 0.139491468667984
8 0 0.18319907784461975
8 80 0.06160871312022209
8 160 0.09220697730779648
8 240 0.2586189806461334
8 320 0.053126152604818344
8 400 0.022683465853333473
9 0 0.055246107280254364
9 80 0.0551820732653141
9 160 0.08251970261335373
9 240 0.11961806565523148
9 320 0.1421913206577301
9 400 0.07693838328123093
10 0 0.08384804427623749
10 80 0.06464070826768875
10 160 0.0955720916390419
10 240 0.06894709169864655
10 320 0.06862470507621765
10 400 0.16003009676933289
11 0 0.05608572065830231
11 80 0.1883440911769867
11 160 0.042402420192956924
11 240 0.12023379653692245
11 320 0.08194094896316528
11 400 0.047667648643255234
12 0 0.09733020514249802
12 80 0.04345516115427017
12 160 0.17156897485256195
12 240 0.10948523879051208
12 320 0.12338612973690033
12 400 0.10297825932502747
13 0 0.03127018362283707
13 80 0.05517583340406418
13 160 0.07717742025852203
13 240 0.040871188044548035
13 320 0.08772579580545425
13 400 0.026440070942044258
14 0 0.12371636927127838
14 80 0.0953417494893074
14 160 0.07645749300718307
14 240 0.13347303867340088
14 320 0.0672328770160675
14 400 0.09834688901901245
15 0 0.027943328022956848
15 80 0.08084876835346222
15 160 0.012030457146465778
15 240 0.03261762112379074
15 320 0.0619412437081337
15 400 0.08180017024278641
16 0 0.06058736518025398
16 80 0.03908915817737579
16 160 0.02683943882584572
16 240 0.06427916884422302
16 320 0.16488441824913025
16 400 0.07682842761278152
17 0 0.05342786759138107
17 80 0.07950440049171448
17 160 0.018221592530608177
17 240 0.017364628612995148
17 320 0.018602540716528893
17 400 0.02641219273209572
18 0 0.04344123974442482
18 80 0.022310666739940643
18 160 0.021984487771987915
18 240 0.03466179594397545
18 320 0.05211646109819412
18 400 0.027325067669153214
19 0 0.03312502056360245
19 80 0.07103802263736725
19 160 0.055974118411540985
19 240 0.04005909711122513
19 320 0.03357239440083504
19 400 0.03970831260085106
20 0 0.05631198361515999
20 80 0.02832852117717266
20 160 0.12671206891536713
20 240 0.09593794494867325
20 320 0.08247514814138412
20 400 0.061716146767139435
21 0 0.02875523641705513
21 80 0.0936676561832428
21 160 0.023453498259186745
21 240 0.06625058501958847
21 320 0.02122223936021328
21 400 0.05934334918856621
22 0 0.09197086840867996
22 80 0.06735432147979736
22 160 0.05086072161793709
22 240 0.08948521316051483
22 320 0.02033148892223835
22 400 0.04403553903102875
23 0 0.009837434627115726
23 80 0.046275269240140915
23 160 0.046171728521585464
23 240 0.05206277221441269
23 320 0.05957059562206268
23 400 0.04917483404278755
24 0 0.020619211718440056
24 80 0.02797451615333557
24 160 0.036531802266836166
24 240 0.05259082466363907
24 320 0.042763400822877884
24 400 0.053903572261333466
25 0 0.0953751727938652
25 80 0.024039100855588913
25 160 0.042837999761104584
25 240 0.0485139824450016
25 320 0.04860968515276909
25 400 0.07966738939285278
26 0 0.004989746492356062
26 80 0.054551783949136734
26 160 0.048020102083683014
26 240 0.03225376829504967
26 320 0.032646916806697845
26 400 0.027052396908402443
27 0 0.031456783413887024
27 80 0.03390147536993027
27 160 0.026447700336575508
27 240 0.09259268641471863
27 320 0.08946431428194046
27 400 0.03906894847750664
28 0 0.06210726499557495
28 80 0.03388594090938568
28 160 0.023868385702371597
28 240 0.014242291450500488
28 320 0.0480584055185318
28 400 0.04837336391210556
29 0 0.04919200763106346
29 80 0.027247276157140732
29 160 0.034507881850004196
29 240 0.03986266627907753
29 320 0.026787705719470978
29 400 0.02623143419623375
30 0 0.01776362769305706
30 80 0.023395583033561707
30 160 0.00985820684581995
30 240 0.01764942891895771
30 320 0.01517388317734003
30 400 0.0759982094168663
31 0 0.033321503549814224
31 80 0.021947523579001427
31 160 0.07662929594516754
31 240 0.0778803676366806
31 320 0.019558489322662354
31 400 0.037302978336811066
32 0 0.052207209169864655
32 80 0.01235087588429451
32 160 0.026899777352809906
32 240 0.06083616986870766
32 320 0.07000923156738281
32 400 0.038582805544137955
33 0 0.021721454337239265
33 80 0.027214093133807182
33 160 0.026394939050078392
33 240 0.02332238294184208
33 320 0.02499820850789547
33 400 0.045316558331251144
34 0 0.05400184169411659
34 80 0.01889883354306221
34 160 0.024824153631925583
34 240 0.019331535324454308
34 320 0.013636075891554356
34 400 0.024493295699357986
35 0 0.0075408159755170345
35 80 0.026036176830530167
35 160 0.021594708785414696
35 240 0.036526165902614594
35 320 0.01618197187781334
35 400 0.020640678703784943
36 0 0.012854952365159988
36 80 0.06092316657304764
36 160 0.01860918663442135
36 240 0.07840484380722046
36 320 0.03268778324127197
36 400 0.028523094952106476
37 0 0.011098788119852543
37 80 0.024389762431383133
37 160 0.017364205792546272
37 240 0.052891697734594345
37 320 0.022205952554941177
37 400 0.03128473833203316
38 0 0.013979957439005375
38 80 0.03645259886980057
38 160 0.05090036243200302
38 240 0.032567158341407776
38 320 0.03609049692749977
38 400 0.032190676778554916
39 0 0.038276512175798416
39 80 0.03666990250349045
39 160 0.018532870337367058
39 240 0.01800130121409893
39 320 0.022882932797074318
39 400 0.0460575707256794
40 0 0.019319240003824234
40 80 0.007103153970092535
40 160 0.016418514773249626
40 240 0.013192846439778805
40 320 0.034538473933935165
40 400 0.03923092037439346
41 0 0.016937242820858955
41 80 0.023099610581994057
41 160 0.02570171281695366
41 240 0.0138356639072299
41 320 0.010872199200093746
41 400 0.028241289779543877
42 0 0.010243619792163372
42 80 0.021442502737045288
42 160 0.03854047879576683
42 240 0.014299709349870682
42 320 0.028751833364367485
42 400 0.013343766331672668
43 0 0.00977150909602642
43 80 0.003866687184199691
43 160 0.022875478491187096
43 240 0.047760799527168274
43 320 0.015390546061098576
43 400 0.03920451179146767
44 0 0.056481361389160156
44 80 0.04322873428463936
44 160 0.014144768007099628
44 240 0.023710619658231735
44 320 0.025265056639909744
44 400 0.009427540935575962
45 0 0.022214293479919434
45 80 0.006223916541785002
45 160 0.008990096859633923
45 240 0.024101654067635536
45 320 0.02424255944788456
45 400 0.03149484843015671
46 0 0.02249271236360073
46 80 0.018025130033493042
46 160 0.02792644500732422
46 240 0.031068237498402596
46 320 0.026016509160399437
46 400 0.015802469104528427
47 0 0.016316760331392288
47 80 0.053861115127801895
47 160 0.024434467777609825
47 240 0.023157699033617973
47 320 0.03423052281141281
47 400 0.027856191620230675
48 0 0.0163447093218565
48 80 0.027398955076932907
48 160 0.019406834617257118
48 240 0.019050896167755127
48 320 0.017298247665166855
48 400 0.013175632804632187
49 0 0.006232184823602438
49 80 0.013579065911471844
49 160 0.02607513964176178
49 240 0.029613152146339417
49 320 0.014437106437981129
49 400 0.01712438464164734
50 0 0.010707417502999306
50 80 0.01246535126119852
50 160 0.010876359418034554
50 240 0.021640129387378693
50 320 0.007254377007484436
50 400 0.014476540498435497
51 0 0.01813913881778717
51 80 0.008856154046952724
51 160 0.023438163101673126
51 240 0.08061503618955612
51 320 0.013705825433135033
51 400 0.04181438684463501
52 0 0.017165768891572952
52 80 0.020520517602562904
52 160 0.01632644608616829
52 240 0.007109389174729586
52 320 0.02159786783158779
52 400 0.015913372859358788
53 0 0.008125975728034973
53 80 0.015295869670808315
53 160 0.012742712162435055
53 240 0.032150764018297195
53 320 0.023025305941700935
53 400 0.013880564831197262
54 0 0.011278090998530388
54 80 0.017477601766586304
54 160 0.023847345262765884
54 240 0.011049493215978146
54 320 0.0054020266979932785
54 400 0.03471818193793297
55 0 0.017252720892429352
55 80 0.014602499082684517
55 160 0.01562844216823578
55 240 0.006074443459510803
55 320 0.01361343078315258
55 400 0.026109950616955757
56 0 0.005676289089024067
56 80 0.01195828802883625
56 160 0.010137093253433704
56 240 0.023863308131694794
56 320 0.01074318215250969
56 400 0.011740202084183693
57 0 0.01432208064943552
57 80 0.015667308121919632
57 160 0.006920902524143457
57 240 0.013893579132854939
57 320 0.01132266316562891
57 400 0.010412067174911499
58 0 0.013591118156909943
58 80 0.020752467215061188
58 160 0.007534758187830448
58 240 0.020070673897862434
58 320 0.004496048204600811
58 400 0.0072803921066224575
59 0 0.009501177817583084
59 80 0.01649819128215313
59 160 0.011048673652112484
59 240 0.011243058368563652
59 320 0.02200479805469513
59 400 0.016318580135703087
60 0 0.007609305903315544
60 80 0.012285568751394749
60 160 0.010733536444604397
60 240 0.005188321694731712
60 320 0.017772404477000237
60 400 0.014733947813510895
61 0 0.014954096637666225
61 80 0.012308783829212189
61 160 0.007229758892208338
61 240 0.015896163880825043
61 320 0.013685033656656742
61 400 0.013469578698277473
62 0 0.012706298381090164
62 80 0.013171026483178139
62 160 0.013511685654520988
62 240 0.004765207879245281
62 320 0.01173462439328432
62 400 0.013459654524922371
63 0 0.023954370990395546
63 80 0.02090589515864849
63 160 0.013242116197943687
63 240 0.00930995587259531
63 320 0.009749313816428185
63 400 0.010542277246713638
64 0 0.013646175153553486
64 80 0.009759079664945602
64 160 0.007348875515162945
64 240 0.007475461810827255
64 320 0.02267453446984291
64 400 0.006997982505708933
65 0 0.00645526172593236
65 80 0.008628059178590775
65 160 0.05541328713297844
65 240 0.009130067192018032
65 320 0.012187236919999123
65 400 0.017120249569416046
66 0 0.006292540114372969
66 80 0.013428710401058197
66 160 0.01579647697508335
66 240 0.007637941278517246
66 320 0.008538972586393356
66 400 0.007331758737564087
67 0 0.0044710696674883366
67 80 0.010014445520937443
67 160 0.007108503486961126
67 240 0.01372040156275034
67 320 0.013284260407090187
67 400 0.011807778850197792
68 0 0.009828707203269005
68 80 0.006643794942647219
68 160 0.009807487949728966
68 240 0.010377795435488224
68 320 0.010961421765387058
68 400 0.004544146824628115
69 0 0.008728393353521824
69 80 0.016145067289471626
69 160 0.005915043409913778
69 240 0.010621657595038414
69 320 0.017598414793610573
69 400 0.007150422316044569
70 0 0.00923825241625309
70 80 0.056407276540994644
70 160 0.007106546312570572
70 240 0.016792722046375275
70 320 0.019017109647393227
70 400 0.007072117179632187
71 0 0.01422071736305952
71 80 0.009833118878304958
71 160 0.014225736260414124
71 240 0.007355599198490381
71 320 0.007797436788678169
71 400 0.0075821527279913425
72 0 0.019045129418373108
72 80 0.0069109126925468445
72 160 0.006104056257754564
72 240 0.010837848298251629
72 320 0.009529571048915386
72 400 0.01476707961410284
73 0 0.009174689650535583
73 80 0.007247162517160177
73 160 0.005568917375057936
73 240 0.01610889844596386
73 320 0.020929256454110146
73 400 0.0022756941616535187
74 0 0.008631845936179161
74 80 0.018002929165959358
74 160 0.002879705047234893
74 240 0.007257997523993254
74 320 0.0120374895632267
74 400 0.008381138555705547
75 0 0.010827590711414814
75 80 0.011265315115451813
75 160 0.009109411388635635
75 240 0.012550385668873787
75 320 0.007693214807659388
75 400 0.009394987486302853
76 0 0.005300767254084349
76 80 0.015023749321699142
76 160 0.010178061202168465
76 240 0.007044101133942604
76 320 0.0055277966894209385
76 400 0.005767336115241051
77 0 0.004857015796005726
77 80 0.007369108498096466
77 160 0.011271001771092415
77 240 0.005725384224206209
77 320 0.01047753356397152
77 400 0.009065489284694195
78 0 0.00838378258049488
78 80 0.005175380036234856
78 160 0.006931206677109003
78 240 0.009432287886738777
78 320 0.00744487764313817
78 400 0.0040430426597595215
79 0 0.0048103053122758865
79 80 0.003968595061451197
79 160 0.007291012443602085
79 240 0.007132455240935087
79 320 0.008135849609971046
79 400 0.007629401050508022
80 0 0.010836474597454071
80 80 0.020123939961194992
80 160 0.010743862017989159
80 240 0.003718996187672019
80 320 0.010225316509604454
80 400 0.010659581981599331
81 0 0.007043530698865652
81 80 0.011173952370882034
81 160 0.004846286028623581
81 240 0.006976289674639702
81 320 0.004689011722803116
81 400 0.004303451161831617
82 0 0.01035319734364748
82 80 0.007001910824328661
82 160 0.008878398686647415
82 240 0.004555442836135626
82 320 0.009562578052282333
82 400 0.009801069274544716
83 0 0.002948460867628455
83 80 0.0062510352581739426
83 160 0.006898689083755016
83 240 0.00666161859408021
83 320 0.006836070213466883
83 400 0.0048727840185165405
84 0 0.004476882051676512
84 80 0.015271223150193691
84 160 0.011788392439484596
84 240 0.007901900447905064
84 320 0.001813126145862043
84 400 0.0081917280331254
85 0 0.011328214779496193
85 80 0.006152022164314985
85 160 0.00909994076937437
85 240 0.00983353890478611
85 320 0.003751225769519806
85 400 0.013430917635560036
86 0 0.003840300254523754
86 80 0.003772520925849676
86 160 0.014461180195212364
86 240 0.006645585875958204
86 320 0.00891559012234211
86 400 0.011040807701647282
87 0 0.00927355419844389
87 80 0.002248278586193919
87 160 0.005349097773432732
87 240 0.004501002840697765
87 320 0.007564983796328306
87 400 0.0061557176522910595
88 0 0.008674596436321735
88 80 0.007096890825778246
88 160 0.00405615009367466
88 240 0.005489351227879524
88 320 0.007683778181672096
88 400 0.009855539537966251
89 0 0.0037581021897494793
89 80 0.005140450783073902
89 160 0.005330312065780163
89 240 0.006442641839385033
89 320 0.01055711880326271
89 400 0.008900116197764874
90 0 0.006251160521060228
90 80 0.00853426568210125
90 160 0.004412252921611071
90 240 0.0038507930003106594
90 320 0.00430295942351222
90 400 0.010831999592483044
91 0 0.006755542010068893
91 80 0.01104413066059351
91 160 0.005304868333041668
91 240 0.010751343332231045
91 320 0.004095759708434343
91 400 0.006335734855383635
92 0 0.005998037755489349
92 80 0.0051442719995975494
92 160 0.009463924914598465
92 240 0.004416922573000193
92 320 0.00627572787925601
92 400 0.007358082104474306
93 0 0.005118344910442829
93 80 0.00549587095156312
93 160 0.008156048133969307
93 240 0.002249292563647032
93 320 0.004475773312151432
93 400 0.010397953912615776
94 0 0.007346694357693195
94 80 0.005950324237346649
94 160 0.003363458439707756
94 240 0.008367220871150494
94 320 0.009981468319892883
94 400 0.00945222470909357
95 0 0.009212651289999485
95 80 0.008727164939045906
95 160 0.004726817831397057
95 240 0.004271423444151878
95 320 0.0033255419693887234
95 400 0.0026464343536645174
96 0 0.005720339249819517
96 80 0.0025015748105943203
96 160 0.0024190035182982683
96 240 0.008194576017558575
96 320 0.004650917835533619
96 400 0.003888759296387434
97 0 0.004005858674645424
97 80 0.006087235175073147
97 160 0.005513791460543871
97 240 0.006240528076887131
97 320 0.012891266494989395
97 400 0.008157368749380112
98 0 0.0032438808120787144
98 80 0.0008188710198737681
98 160 0.006253922823816538
98 240 0.00396406464278698
98 320 0.0068019600585103035
98 400 0.004191794898360968
99 0 0.004541578236967325
99 80 0.002836299827322364
99 160 0.009830801747739315
99 240 0.007801181171089411
99 320 0.0030524288304150105
99 400 0.0039060809649527073
100 0 0.006392208393663168
100 80 0.003976903390139341
100 160 0.004302236717194319
100 240 0.008503464981913567
100 320 0.006558691151440144
100 400 0.007040031254291534
101 0 0.0030290994327515364
101 80 0.0028873214032500982
101 160 0.0032821903005242348
101 240 0.007257169112563133
101 320 0.0032815507147461176
101 400 0.006400372367352247
102 0 0.004507603123784065
102 80 0.0029788038227707148
102 160 0.007919440045952797
102 240 0.0035672869998961687
102 320 0.004196393769234419
102 400 0.008896796964108944
103 0 0.005840165540575981
103 80 0.005228230729699135
103 160 0.008319489657878876
103 240 0.0028450575191527605
103 320 0.005976113025099039
103 400 0.005196366924792528
104 0 0.002638503909111023
104 80 0.0029185812454670668
104 160 0.004736314993351698
104 240 0.0033632346894592047
104 320 0.009105821140110493
104 400 0.010009688325226307
105 0 0.006297820247709751
105 80 0.003993278834968805
105 160 0.006571840960532427
105 240 0.004249198827892542
105 320 0.002951515605673194
105 400 0.003050112398341298
106 0 0.0028111811261624098
106 80 0.0026142115239053965
106 160 0.0033297750633209944
106 240 0.0021138079464435577
106 320 0.0029198983684182167
106 400 0.009572982788085938
107 0 0.003581374417990446
107 80 0.0018875714158639312
107 160 0.006191008258610964
107 240 0.0021802617702633142
107 320 0.00692236702889204
107 400 0.004143922124058008
108 0 0.01076308824121952
108 80 0.004913570825010538
108 160 0.004051629453897476
108 240 0.005764381028711796
108 320 0.006950603798031807
108 400 0.0056459661573171616
109 0 0.004364986438304186
109 80 0.002911131363362074
109 160 0.0029292309191077948
109 240 0.004396582487970591
109 320 0.007027626037597656
109 400 0.0023526903241872787
110 0 0.008351864293217659
110 80 0.007576038129627705
110 160 0.005143831484019756
110 240 0.00474518770352006
110 320 0.008661900646984577
110 400 0.003961028065532446
111 0 0.007706827484071255
111 80 0.008956605568528175
111 160 0.001765867113135755
111 240 0.004363717045634985
111 320 0.004145355429500341
111 400 0.010075036436319351
112 0 0.002845450770109892
112 80 0.003823518753051758
112 160 0.0017090988112613559
112 240 0.002484372351318598
112 320 0.008439010009169579
112 400 0.00536895077675581
113 0 0.003117495682090521
113 80 0.006228657905012369
113 160 0.005132587160915136
113 240 0.00337062100879848
113 320 0.005593365058302879
113 400 0.006952026393264532
114 0 0.006056980695575476
114 80 0.0054560499265789986
114 160 0.0033760815858840942
114 240 0.014462804421782494
114 320 0.008026289753615856
114 400 0.007927048951387405
115 0 0.004503038711845875
115 80 0.004469031002372503
115 160 0.003486693138256669
115 240 0.004695815034210682
115 320 0.004900423809885979
115 400 0.004593607969582081
116 0 0.002239000052213669
116 80 0.0034441647585481405
116 160 0.009119922295212746
116 240 0.002031830372288823
116 320 0.0031676129437983036
116 400 0.005426565185189247
117 0 0.0033432715572416782
117 80 0.006704633589833975
117 160 0.00862396601587534
117 240 0.007334068417549133
117 320 0.0022493682336062193
117 400 0.006982039660215378
118 0 0.0018437015824019909
118 80 0.003611155552789569
118 160 0.0033811635803431273
118 240 0.0035763687919825315
118 320 0.003079438116401434
118 400 0.005060687195509672
119 0 0.004106973763555288
119 80 0.007304286118596792
119 160 0.0037031921092420816
119 240 0.003765939036384225
119 320 0.0033477251417934895
119 400 0.00580742210149765
120 0 0.003506339155137539
120 80 0.0011198087595403194
120 160 0.0027508707717061043
120 240 0.00526763079687953
120 320 0.0059900772757828236
120 400 0.004475365858525038
121 0 0.002368613611906767
121 80 0.006592980120331049
121 160 0.00402136892080307
121 240 0.0032620402052998543
121 320 0.003637433983385563
121 400 0.00237020174972713
122 0 0.004246918950229883
122 80 0.00527126295492053
122 160 0.005086669232696295
122 240 0.004456487949937582
122 320 0.00516684353351593
122 400 0.004412767942994833
123 0 0.007735192310065031
123 80 0.0016763359308242798
123 160 0.0058644176460802555
123 240 0.006723729893565178
123 320 0.003618928138166666
123 400 0.004174604080617428
124 0 0.006638089660555124
124 80 0.0029747807420790195
124 160 0.004006597679108381
124 240 0.002634607721120119
124 320 0.004894962999969721
124 400 0.0024380909744650126
125 0 0.0040939124301075935
125 80 0.004274965263903141
125 160 0.005424102768301964
125 240 0.000758294016122818
125 320 0.003088806290179491
125 400 0.007941205985844135
126 0 0.002032399643212557
126 80 0.004239149857312441
126 160 0.0054544322192668915
126 240 0.00312533276155591
126 320 0.005227348301559687
126 400 0.005290460307151079
127 0 0.0031764418818056583
127 80 0.0025111716240644455
127 160 0.0057290298864245415
127 240 0.005350105930119753
127 320 0.0033712233416736126
127 400 0.004553832579404116
128 0 0.003452197415754199
128 80 0.0023275252897292376
128 160 0.0033143474720418453
128 240 0.004480408970266581
128 320 0.0033220082987099886
128 400 0.003119073109701276
129 0 0.001982633490115404
129 80 0.001932627521455288
129 160 0.004350997507572174
129 240 0.001685870811343193
129 320 0.00725319841876626
129 400 0.004015379119664431
130 0 0.0013466514647006989
130 80 0.0015421509742736816
130 160 0.002108063083142042
130 240 0.0031537709292024374
130 320 0.005159354768693447
130 400 0.004454075358808041
131 0 0.0042804148979485035
131 80 0.00528999138623476
131 160 0.004464430268853903
131 240 0.004546482115983963
131 320 0.0035981826949864626
131 400 0.0031012368854135275
132 0 0.0023036147467792034
132 80 0.0011127894977107644
132 160 0.001512783346697688
132 240 0.003079293994233012
132 320 0.0016726839821785688
132 400 0.0037282060366123915
133 0 0.0028329510241746902
133 80 0.004952738061547279
133 160 0.004859429318457842
133 240 0.005261356011033058
133 320 0.006942272186279297
133 400 0.0066775307059288025
134 0 0.002468140795826912
134 80 0.002541460795328021
134 160 0.006974068470299244
134 240 0.004783783107995987
134 320 0.0021819875109940767
134 400 0.0032248611096292734
135 0 0.0072142453864216805
135 80 0.003277901094406843
135 160 0.002337138168513775
135 240 0.006092373747378588
135 320 0.00097843655385077
135 400 0.0026962454430758953
136 0 0.0019828288350254297
136 80 0.0032297384459525347
136 160 0.002697441726922989
136 240 0.0036682598292827606
136 320 0.006052298936992884
136 400 0.0020192821975797415
137 0 0.003741170046851039
137 80 0.005037129856646061
137 160 0.0016070648562163115
137 240 0.0038754004053771496
137 320 0.004713647533208132
137 400 0.004011495038866997
138 0 0.0034247359726577997
138 80 0.0031376706901937723
138 160 0.0032724780030548573
138 240 0.0023928473237901926
138 320 0.0033340470399707556
138 400 0.0032988637685775757
139 0 0.003082678187638521
139 80 0.00200003944337368
139 160 0.0047446610406041145
139 240 0.003769754432141781
139 320 0.0013534597819671035
139 400 0.0030253659933805466
140 0 0.0038401191122829914
140 80 0.004100146237760782
140 160 0.003361916169524193
140 240 0.004262775648385286
140 320 0.0023922869004309177
140 400 0.004700521472841501
141 0 0.0038108357694000006
141 80 0.0030630785040557384
141 160 0.004120582714676857
141 240 0.0037949825637042522
141 320 0.004352733492851257
141 400 0.0017842622473835945
142 0 0.0035029335413128138
142 80 0.0027227886021137238
142 160 0.0035932997707277536
142 240 0.005525856278836727
142 320 0.002700547454878688
142 400 0.002718100557103753
143 0 0.00432569207623601
143 80 0.002572763944044709
143 160 0.001985908020287752
143 240 0.003265867242589593
143 320 0.005807342939078808
143 400 0.0035780887119472027
144 0 0.002586721209809184
144 80 0.0022540665231645107
144 160 0.00182810565456748
144 240 0.007602160796523094
144 320 0.005021817982196808
144 400 0.004186008125543594
145 0 0.0034914405550807714
145 80 0.0017640541773289442
145 160 0.0028233372140675783
145 240 0.0031591439619660378
145 320 0.00115687376819551
145 400 0.0021072414238005877
146 0 0.00223549990914762
146 80 0.0035107063595205545
146 160 0.004019012209028006
146 240 0.0022781798616051674
146 320 0.001684559159912169
146 400 0.004142567981034517
147 0 0.0015728650614619255
147 80 0.0032570844050496817
147 160 0.0028548429254442453
147 240 0.0028231677133589983
147 320 0.006240065209567547
147 400 0.005456630606204271
148 0 0.005447228904813528
148 80 0.0043401713483035564
148 160 0.002010124269872904
148 240 0.003241798607632518
148 320 0.0017798179760575294
148 400 0.004052847158163786
149 0 0.004850303754210472
149 80 0.0027307169511914253
149 160 0.0026412243023514748
149 240 0.0030012857168912888
149 320 0.005566644947975874
149 400 0.0027490556240081787
150 0 0.0029974181670695543
150 80 0.0028545635286718607
150 160 0.0022890002001076937
150 240 0.004476239439100027
150 320 0.003624094882979989
150 400 0.004437636584043503
151 0 0.0024900324642658234
151 80 0.004683288745582104
151 160 0.0028114174492657185
151 240 0.003170316107571125
151 320 0.004653908312320709
151 400 0.0037341478746384382
152 0 0.004081868100911379
152 80 0.0017230611992999911
152 160 0.0037010840605944395
152 240 0.0009358154493384063
152 320 0.002762457123026252
152 400 0.00379732227884233
153 0 0.005226447246968746
153 80 0.001765501219779253
153 160 0.0014854851178824902
153 240 0.0020547357853502035
153 320 0.002323605353012681
153 400 0.004285188391804695
154 0 0.002829273696988821
154 80 0.0018660746281966567
154 160 0.0005456240614876151
154 240 0.003714011050760746
154 320 0.0032627552282065153
154 400 0.005144727416336536
155 0 0.0014717851299792528
155 80 0.002785193268209696
155 160 0.0021666749380528927
155 240 0.0013563722604885697
155 320 0.002519987989217043
155 400 0.002158826682716608
156 0 0.0020691133104264736
156 80 0.003231307491660118
156 160 0.0031400311272591352
156 240 0.002351014409214258
156 320 0.003708300646394491
156 400 0.002246099291369319
157 0 0.0029974335338920355
157 80 0.004582986235618591
157 160 0.004542531445622444
157 240 0.0011941416887566447
157 320 0.002554145874455571
157 400 0.0038285774644464254
158 0 0.0032214971724897623
158 80 0.003560260171070695
158 160 0.003136015497148037
158 240 0.004017320927232504
158 320 0.0025747751351445913
158 400 0.002151830354705453
159 0 0.002912122756242752
159 80 0.0043879118748009205
159 160 0.003812245326116681
159 240 0.0018820727709680796
159 320 0.004526030272245407
159 400 0.0021767783910036087
160 0 0.0018229035194963217
160 80 0.0012807812308892608
160 160 0.001412880839779973
160 240 0.0028110395651310682
160 320 0.0037880430463701487
160 400 0.0021644318476319313
161 0 0.002486045705154538
161 80 0.004084194079041481
161 160 0.0010126405395567417
161 240 0.003166253212839365
161 320 0.002219470916315913
161 400 0.004369376692920923
162 0 0.0025742158759385347
162 80 0.0035722502507269382
162 160 0.004160402808338404
162 240 0.002894742414355278
162 320 0.0026388727128505707
162 400 0.004860679619014263
163 0 0.0032950423192232847
163 80 0.0030137994326651096
163 160 0.004146555904299021
163 240 0.0010290438076481223
163 320 0.005029104650020599
163 400 0.0048408228904008865
164 0 0.0022626607678830624
164 80 0.0020335230510681868
164 160 0.005307244602590799
164 240 0.0012079360894858837
164 320 0.0021900003775954247
164 400 0.0022424061316996813
165 0 0.003499511629343033
165 80 0.0018609205726534128
165 160 0.0017868063878268003
165 240 0.0033803675323724747
165 320 0.0038888880517333746
165 400 0.0012719454243779182
166 0 0.004041498526930809
166 80 0.0018824547296389937
166 160 0.0016479035839438438
166 240 0.0030767798889428377
166 320 0.00178182078525424
166 400 0.002270372351631522
167 0 0.004595563746988773
167 80 0.0038508535362780094
167 160 0.002691257279366255
167 240 0.0025512180291116238
167 320 0.0017822441877797246
167 400 0.0021121406462043524
168 0 0.002469737082719803
168 80 0.0011727568926289678
168 160 0.002534447470679879
168 240 0.004277746193110943
168 320 0.0017616588156670332
168 400 0.0024988045915961266
169 0 0.0042970688082277775
169 80 0.0018274206668138504
169 160 0.0028622651007026434
169 240 0.003126507857814431
169 320 0.0031476833391934633
169 400 0.003541323123499751
170 0 0.0036388833541423082
170 80 0.002187367295846343
170 160 0.0027607614174485207
170 240 0.004193771164864302
170 320 0.0019255941733717918
170 400 0.0016822450561448932
171 0 0.001930423779413104
171 80 0.0035730008967220783
171 160 0.002699729287996888
171 240 0.0021582709159702063
171 320 0.002291178796440363
171 400 0.00297308387234807
172 0 0.0020251355599611998
172 80 0.0032109632156789303
172 160 0.00259058503434062
172 240 0.002963755978271365
172 320 0.0015922816237434745
172 400 0.00298885116353631
173 0 0.0039523146115243435
173 80 0.0032175108790397644
173 160 0.0019733209628611803
173 240 0.0028901095502078533
173 320 0.0024267889093607664
173 400 0.0011240614112466574
174 0 0.0027082848828285933
174 80 0.002863970585167408
174 160 0.0011355603346601129
174 240 0.0030819023959338665
174 320 0.0023982995189726353
174 400 0.0025693329516798258
175 0 0.002835382940247655
175 80 0.0018820062978193164
175 160 0.0017498689703643322
175 240 0.0024503665044903755
175 320 0.002320157364010811
175 400 0.002643644344061613
176 0 0.0030846321024000645
176 80 0.0010435801232233644
176 160 0.004269146826118231
176 240 0.0023395600728690624
176 320 0.001649026176892221
176 400 0.004921671934425831
177 0 0.0015825581504032016
177 80 0.001696322113275528
177 160 0.0018916483968496323
177 240 0.0019344768952578306
177 320 0.00042040509288199246
177 400 0.0011652209796011448
178 0 0.001549268956296146
178 80 0.004474240355193615
178 160 0.005125417374074459
178 240 0.0018945693736895919
178 320 0.0015692177694290876
178 400 0.003341805888339877
179 0 0.001461080159060657
179 80 0.0023806432727724314
179 160 0.002592876087874174
179 240 0.0022805992048233747
179 320 0.0017320193583145738
179 400 0.0020095722284168005
180 0 0.0016076337778940797
180 80 0.0019187359139323235
180 160 0.004184151533991098
180 240 0.002337070181965828
180 320 0.0018001622520387173
180 400 0.0031311032362282276
181 0 0.0026905599515885115
181 80 0.002464640885591507
181 160 0.0012638199841603637
181 240 0.0037845682818442583
181 320 0.0013650364708155394
181 400 0.0026052608154714108
182 0 0.002572814468294382
182 80 0.0026076538488268852
182 160 0.002482942072674632
182 240 0.0015913392417132854
182 320 0.005349741317331791
182 400 0.005825977772474289
183 0 0.0029031154699623585
183 80 0.0031663330737501383
183 160 0.004085533786565065
183 240 0.00400100601837039
183 320 0.0023056434001773596
183 400 0.0031230708118528128
184 0 0.0015339348465204239
184 80 0.0028225420974195004
184 160 0.0018984971102327108
184 240 0.001932123675942421
184 320 0.002291736425831914
184 400 0.0025308188050985336
185 0 0.001988880103453994
185 80 0.0022530537098646164
185 160 0.001766324625350535
185 240 0.002511034719645977
185 320 0.001449147122912109
185 400 0.0031103636138141155
186 0 0.003500221064314246
186 80 0.002966129221022129
186 160 0.0031456644646823406
186 240 0.0016148786526173353
186 320 0.00297154881991446
186 400 0.0032222194131463766
187 0 0.0012612369609996676
187 80 0.004008927382528782
187 160 0.0013189851306378841
187 240 0.0035826286766678095
187 320 0.0019579718355089426
187 400 0.0022128974087536335
188 0 0.003209940390661359
188 80 0.001152552431449294
188 160 0.0024352867621928453
188 240 0.0019178853835910559
188 320 0.003033026121556759
188 400 0.0028051871340721846
189 0 0.0023462020326405764
189 80 0.004560503177344799
189 160 0.0017324516084045172
189 240 0.002774398308247328
189 320 0.0020875874906778336
189 400 0.0031392129603773355
190 0 0.004516796674579382
190 80 0.0017467826837673783
190 160 0.0012898296117782593
190 240 0.0008898872183635831
190 320 0.0034010105300694704
190 400 0.0022159984800964594
191 0 0.002352190436795354
191 80 0.0012954071862623096
191 160 0.001400406938046217
191 240 0.002796075539663434
191 320 0.0026323548518121243
191 400 0.00394441420212388
192 0 0.0018481346778571606
192 80 0.0029626369941979647
192 160 0.0016442235792055726
192 240 0.003819469828158617
192 320 0.0014798842603340745
192 400 0.003356189001351595
193 0 0.0016874518478289247
193 80 0.002977499272674322
193 160 0.0018349823076277971
193 240 0.0032877237536013126
193 320 0.001906688674353063
193 400 0.0027412145864218473
194 0 0.0021129355300217867
194 80 0.0016789905494078994
194 160 0.0026029811706393957
194 240 0.0016143430257216096
194 320 0.0024723627138882875
194 400 0.0026937462389469147
195 0 0.0014650794910266995
195 80 0.0006246159900911152
195 160 0.002505010459572077
195 240 0.0016349040670320392
195 320 0.0032605715095996857
195 400 0.0029224518220871687
196 0 0.0032274709083139896
196 80 0.0034646803978830576
196 160 0.002199901733547449
196 240 0.0014770581619814038
196 320 0.001774214906617999
196 400 0.0020300394389778376
197 0 0.0022242984268814325
197 80 0.0013072859728708863
197 160 0.0020530608016997576
197 240 0.001125766895711422
197 320 0.0022683865390717983
197 400 0.003289119340479374
198 0 0.002312299096956849
198 80 0.0019069220870733261
198 160 0.001271724933758378
198 240 0.002093374729156494
198 320 0.003230799688026309
198 400 0.002679579658433795
199 0 0.0024184167850762606
199 80 0.00237103458493948
199 160 0.001571999047882855
199 240 0.0021995333954691887
199 320 0.0024755867198109627
199 400 0.001536709489300847
200 0 0.002300316235050559
200 80 0.002818642882630229
200 160 0.0031803783494979143
200 240 0.0017255691345781088
200 320 0.0016544121317565441
200 400 0.0020812461152672768
201 0 0.0024636993184685707
201 80 0.0023055882193148136
201 160 0.003278232179582119
201 240 0.0009104172349907458
201 320 0.0009847988840192556
201 400 0.0019411121029406786
202 0 0.0026918365620076656
202 80 0.0011383395176380873
202 160 0.0020684939809143543
202 240 0.0032003826927393675
202 320 0.0014139701379463077
202 400 0.0014261103933677077
203 0 0.0017467058496549726
203 80 0.0012192667927592993
203 160 0.0018016500398516655
203 240 0.0018881198484450579
203 320 0.0022663588169962168
203 400 0.0015544978668913245
204 0 0.0023147445172071457
204 80 0.0021925829350948334
204 160 0.0013782709138467908
204 240 0.0015238056657835841
204 320 0.0023235634434968233
204 400 0.0027538773138076067
205 0 0.0028339128475636244
205 80 0.0015832536155357957
205 160 0.0023372825235128403
205 240 0.003555318107828498
205 320 0.0021926353219896555
205 400 0.001887581660412252
206 0 0.0022856201976537704
206 80 0.001318167196586728
206 160 0.002069279784336686
206 240 0.0022898390889167786
206 320 0.002810464007779956
206 400 0.0016024102224037051
207 0 0.00149423663970083
207 80 0.0012227419065311551
207 160 0.002371957991272211
207 240 0.003822543891146779
207 320 0.0026816935278475285
207 400 0.0017282937187701464
208 0 0.0018245714018121362
208 80 0.0027598231099545956
208 160 0.002502939198166132
208 240 0.0012542351614683867
208 320 0.0018522801110520959
208 400 0.002343383152037859
209 0 0.0013269331539049745
209 80 0.0021828061435371637
209 160 0.002155195688828826
209 240 0.002181771444156766
209 320 0.0022232590708881617
209 400 0.0010983601678162813
210 0 0.002477369736880064
210 80 0.001312469714321196
210 160 0.003677619621157646
210 240 0.0030369337182492018
210 320 0.0015295392367988825
210 400 0.0018752788892015815
211 0 0.001257374882698059
211 80 0.001275974209420383
211 160 0.0016113051678985357
211 240 0.0016894901636987925
211 320 0.0012787452433258295
211 400 0.001955948071554303
212 0 0.0016805467894300818
212 80 0.0015352059854194522
212 160 0.001741794403642416
212 240 0.002317826496437192
212 320 0.0017305078217759728
212 400 0.0018309156876057386
213 0 0.001119967084378004
213 80 0.0014717024751007557
213 160 0.0009599439217709005
213 240 0.002512451959773898
213 320 0.0027875739615410566
213 400 0.0027708716224879026
214 0 0.002258025109767914
214 80 0.0020290145184844732
214 160 0.0022108887787908316
214 240 0.002130398526787758
214 320 0.0008726209634914994
214 400 0.0009626518003642559
215 0 0.0012379109393805265
215 80 0.001504538464359939
215 160 0.0031701759435236454
215 240 0.0017223857576027513
215 320 0.0031989538110792637
215 400 0.001484893960878253
216 0 0.0026089390739798546
216 80 0.001799636404030025
216 160 0.0012217857874929905
216 240 0.0018264979589730501
216 320 0.0021699746139347553
216 400 0.0014781104400753975
217 0 0.0015702509554103017
217 80 0.002371088368818164
217 160 0.0014461944811046124
217 240 0.0030537559650838375
217 320 0.002122756326571107
217 400 0.0024165872018784285
218 0 0.0022338912822306156
218 80 0.002423327649012208
218 160 0.0013541856314986944
218 240 0.001969951670616865
218 320 0.003108265344053507
218 400 0.000879156868904829
219 0 0.002219816204160452
219 80 0.001615718356333673
219 160 0.001080990070477128
219 240 0.0019744348246604204
219 320 0.0031934319995343685
219 400 0.0008162875892594457
220 0 0.0016304287128150463
220 80 0.0007902095094323158
220 160 0.001975298160687089
220 240 0.0024225530214607716
220 320 0.0030341316014528275
220 400 0.0019654552452266216
221 0 0.002300719963386655
221 80 0.00076522515155375
221 160 0.0009249727008864284
221 240 0.0021414614748209715
221 320 0.0013560188235715032
221 400 0.0021652791183441877
222 0 0.0024728598073124886
222 80 0.0007835060241632164
222 160 0.0020191241055727005
222 240 0.0029208441264927387
222 320 0.0013426832156255841
222 400 0.0023148171603679657
223 0 0.0009167235111817718
223 80 0.0033868029713630676
223 160 0.003027372993528843
223 240 0.0010519321076571941
223 320 0.001619763788767159
223 400 0.0020465536508709192
224 0 0.0017864768160507083
224 80 0.0014792094007134438
224 160 0.001999484607949853
224 240 0.0029664100147783756
224 320 0.0011076009832322598
224 400 0.0022596160415560007
225 0 0.002238113898783922
225 80 0.0018384557915851474
225 160 0.0016586401034146547
225 240 0.0018018395639955997
225 320 0.001991446828469634
225 400 0.0006114931311458349
226 0 0.002850619610399008
226 80 0.0019445853540673852
226 160 0.0014523729914799333
226 240 0.0014483430422842503
226 320 0.0016328648198395967
226 400 0.000763090152759105
227 0 0.001006346894428134
227 80 0.002030367497354746
227 160 0.0013238508254289627
227 240 0.00166421162430197
227 320 0.0019782327581197023
227 400 0.0023779463954269886
228 0 0.0018703269306570292
228 80 0.0009790074545890093
228 160 0.0018571499967947602
228 240 0.0013801413588225842
228 320 0.0026529880706220865
228 400 0.0016435714205726981
229 0 0.0016680150292813778
229 80 0.0005894812056794763
229 160 0.00197092373855412
229 240 0.0008216833812184632
229 320 0.0017696795985102654
229 400 0.001173279364593327
230 0 0.0020411123987287283
230 80 0.0016194991767406464
230 160 0.0030543615575879812
230 240 0.001485956716351211
230 320 0.002838979009538889
230 400 0.0025337347760796547
231 0 0.0016296613030135632
231 80 0.0013653625501319766
231 160 0.0009266254492104053
231 240 0.002584743080660701
231 320 0.0011825329856947064
231 400 0.0012605900410562754
232 0 0.0013744586613029242
232 80 0.0023728569503873587
232 160 0.0019454899011179805
232 240 0.000989939202554524
232 320 0.001250873669050634
232 400 0.0015329561429098248
233 0 0.0011934053618460894
233 80 0.0008762312354519963
233 160 0.0016503308434039354
233 240 0.0011599448043853045
233 320 0.0008531836210750043
233 400 0.0016362847527489066
234 0 0.00034253514604642987
234 80 0.0018347501754760742
234 160 0.0016638984670862556
234 240 0.001322455587796867
234 320 0.001022651675157249
234 400 0.0020352820865809917
235 0 0.0014699932653456926
235 80 0.0012905208859592676
235 160 0.0015985025092959404
235 240 0.0014066920848563313
235 320 0.001593165099620819
235 400 0.0008978929836302996
236 0 0.0013307540211826563
236 80 0.0015360551187768579
236 160 0.001303298631682992
236 240 0.0013576222117990255
236 320 0.0018256871262565255
236 400 0.002047092653810978
237 0 0.0012355835642665625
237 80 0.0013796337880194187
237 160 0.0020598105620592833
237 240 0.0023326664231717587
237 320 0.0008561465656384826
237 400 0.0014967829920351505
238 0 0.00305637763813138
238 80 0.0008754893206059933
238 160 0.0017436244525015354
238 240 0.0017781201750040054
238 320 0.002283832523971796
238 400 0.001940848771482706
239 0 0.002307988703250885
239 80 0.0012931370874866843
239 160 0.0016202793922275305
239 240 0.0012936560669913888
239 320 0.0018482368905097246
239 400 0.0006727707805112004
240 0 0.0010483514051884413
240 80 0.001186929177492857
240 160 0.0007341015734709799
240 240 0.0026116950903087854
240 320 0.0019633937627077103
240 400 0.001340467482805252
241 0 0.0015172307612374425
241 80 0.0015525093767791986
241 160 0.0014064428396522999
241 240 0.001427325769327581
241 320 0.0022101078648120165
241 400 0.001508433255366981
242 0 0.0014398323837667704
242 80 0.0017933446215465665
242 160 0.003720066975802183
242 240 0.002326180227100849
242 320 0.0013067569816485047
242 400 0.0014688539085909724
243 0 0.0011762339854612947
243 80 0.0009566310327500105
243 160 0.0021249193232506514
243 240 0.0012099334271624684
243 320 0.0032745208591222763
243 400 0.0011157385306432843
244 0 0.0012346942676231265
244 80 0.0009423374431207776
244 160 0.0010195873910561204
244 240 0.000897312827873975
244 320 0.000701450277119875
244 400 0.0010036735329777002
245 0 0.002016456564888358
245 80 0.0012182679492980242
245 160 0.0016836989670991898
245 240 0.0004875569720752537
245 320 0.0011258303420618176
245 400 0.0015977637376636267
246 0 0.0015050368383526802
246 80 0.0011762105859816074
246 160 0.0013047443935647607
246 240 0.0006873266538605094
246 320 0.0032015987671911716
246 400 0.0013955144677311182
247 0 0.0013428492238745093
247 80 0.0028406346682459116
247 160 0.0018686340190470219
247 240 0.0025137232150882483
247 320 0.0012962353648617864
247 400 0.002256542444229126
248 0 0.0009818257531151175
248 80 0.0014123286819085479
248 160 0.0014181974111124873
248 240 0.0015603783540427685
248 320 0.002157979179173708
248 400 0.0010481872595846653
249 0 0.0017996939131990075
249 80 0.0012661421205848455
249 160 0.0008828009013086557
249 240 0.00125279207713902
249 320 0.001454278826713562
249 400 0.002460373565554619
250 0 0.001982512418180704
250 80 0.0009854367235675454
250 160 0.0012926196213811636
250 240 0.00109631207305938
250 320 0.0024618925526738167
250 400 0.0014780786586925387
251 0 0.002237616339698434
251 80 0.0012907960917800665
251 160 0.0018521748716011643
251 240 0.0019377886783331633
251 320 0.0020632625091820955
251 400 0.0009729362209327519
252 0 0.000976246315985918
252 80 0.0015205898089334369
252 160 0.001327027566730976
252 240 0.0018048116471618414
252 320 0.0010841928888112307
252 400 0.0013235280057415366
253 0 0.002510426566004753
253 80 0.0013030469417572021
253 160 0.0012486205669119954
253 240 0.0023200158029794693
253 320 0.001224418985657394
253 400 0.0030107153579592705
254 0 0.0014101755805313587
254 80 0.002665644744411111
254 160 0.0015710016014054418
254 240 0.0016119398642331362
254 320 0.0013749597128480673
254 400 0.0019060532795265317
255 0 0.0012967722723260522
255 80 0.0020614436361938715
255 160 0.0013165406417101622
255 240 0.0017394827445968986
255 320 0.001487830770201981
255 400 0.0008406470296904445
256 0 0.0016595786437392235
256 80 0.0006579270702786744
256 160 0.002674262737855315
256 240 0.0016785201150923967
256 320 0.0014952817000448704
256 400 0.0019387432839721441
257 0 0.0014497280353680253
257 80 0.0009464815957471728
257 160 0.001886146841570735
257 240 0.0028231157921254635
257 320 0.001992610050365329
257 400 0.0016841036267578602
258 0 0.002627523383125663
258 80 0.0008742069476284087
258 160 0.0012662624940276146
258 240 0.001252289628610015
258 320 0.0012941773748025298
258 400 0.0008605763432569802
259 0 0.0013187576550990343
259 80 0.0012388709001243114
259 160 0.0016095638275146484
259 240 0.0011819698847830296
259 320 0.001766348723322153
259 400 0.0008428040891885757
260 0 0.0015355978393927217
260 80 0.0021015112288296223
260 160 0.0019161768723279238
260 240 0.00120553036686033
260 320 0.000968337815720588
260 400 0.002418680815026164
261 0 0.001276126829907298
261 80 0.0012785026337951422
261 160 0.0019746257457882166
261 240 0.0013736918335780501
261 320 0.00147555663716048
261 400 0.0011669910745695233
262 0 0.0016037632012739778
262 80 0.0027682138606905937
262 160 0.0017740114126354456
262 240 0.0011021208483725786
262 320 0.0014673222322016954
262 400 0.0005039524985477328
263 0 0.0012183896033093333
263 80 0.0005176433478482068
263 160 0.0012431916547939181
263 240 0.0015240348875522614
263 320 0.0004944982938468456
263 400 0.0011349483393132687
264 0 0.0013767796335741878
264 80 0.0005653895786963403
264 160 0.0010992902098223567
264 240 0.0008243832853622735
264 320 0.0017892089672386646
264 400 0.0008340919739566743
265 0 0.000714868598151952
265 80 0.0013290963834151626
265 160 0.0022177703212946653
265 240 0.0014130640774965286
265 320 0.0015523242764174938
265 400 0.0013202984118834138
266 0 0.002125145634636283
266 80 0.001346392440609634
266 160 0.001683201757259667
266 240 0.0015277566853910685
266 320 0.0017380687640979886
266 400 0.00148171023465693
267 0 0.0013679912080988288
267 80 0.0016984798712655902
267 160 0.0009986470686271787
267 240 0.0019498792244121432
267 320 0.0008896177168935537
267 400 0.0015816614031791687
268 0 0.0009396023815497756
268 80 0.0015013163210824132
268 160 0.002355222823098302
268 240 0.0006724211270920932
268 320 0.0021133236587047577
268 400 0.0016910908743739128
269 0 0.0007249959162436426
269 80 0.0010852718260139227
269 160 0.0016415698919445276
269 240 0.0011450375895947218
269 320 0.00127316708676517
269 400 0.0014219253789633512
270 0 0.0012202824000269175
270 80 0.0024583558551967144
270 160 0.0010471882997080684
270 240 0.0015508385840803385
270 320 0.0013990007573738694
270 400 0.0009938952280208468
271 0 0.001535236369818449
271 80 0.0022310037165880203
271 160 0.0016102967783808708
271 240 0.0006154802395030856
271 320 0.0019514933228492737
271 400 0.00197490188293159
272 0 0.0006691199960187078
272 80 0.0013586700661107898
272 160 0.001574008259922266
272 240 0.002551285084336996
272 320 0.0018315804190933704
272 400 0.0007349728257395327
273 0 0.001337127760052681
273 80 0.0008798251510597765
273 160 0.0010692598298192024
273 240 0.0015210413839668036
273 320 0.001284056226722896
273 400 0.0015766221331432462
274 0 0.0011093015782535076
274 80 0.0009304513223469257
274 160 0.0007414126303046942
274 240 0.0009561274782754481
274 320 0.0017504196148365736
274 400 0.0021408211905509233
275 0 0.0012935010017827153
275 80 0.0015892143128439784
275 160 0.001720990752801299
275 240 0.0011971144704148173
275 320 0.001386514282785356
275 400 0.001468344242312014
276 0 0.0005393408937379718
276 80 0.0007293623057194054
276 160 0.000967589789070189
276 240 0.0011935652000829577
276 320 0.0015913806855678558
276 400 0.0008164122700691223
277 0 0.001047635916620493
277 80 0.0009446986368857324
277 160 0.0016551912995055318
277 240 0.000544557929970324
277 320 0.0019431940745562315
277 400 0.0006989182438701391
278 0 0.0010679607512429357
278 80 0.0022563945967704058
278 160 0.0018959162989631295
278 240 0.00217089313082397
278 320 0.0006716016214340925
278 400 0.0011539733968675137
279 0 0.0012517399154603481
279 80 0.0009377812966704369
279 160 0.0013353938702493906
279 240 0.0016570696607232094
279 320 0.001497097546234727
279 400 0.0010727072367444634
280 0 0.000646852538920939
280 80 0.0015822865534573793
280 160 0.0008148100459948182
280 240 0.001704134396277368
280 320 0.0005373281892389059
280 400 0.0005845166742801666
281 0 0.0013481099158525467
281 80 0.001012842752970755
281 160 0.0005458567757159472
281 240 0.0009320445824414492
281 320 0.0019961665384471416
281 400 0.0020781049970537424
282 0 0.0023760085459798574
282 80 0.0004923466476611793
282 160 0.0013935868628323078
282 240 0.0009349848842248321
282 320 0.0011644987389445305
282 400 0.001007045153528452
283 0 0.0011316253803670406
283 80 0.0015878105768933892
283 160 0.0008037573425099254
283 240 0.0013156397035345435
283 320 0.0013479006011039019
283 400 0.001910224906168878
284 0 0.0014560336712747812
284 80 0.0014255796559154987
284 160 0.000965964631177485
284 240 0.001607349724508822
284 320 0.0014814638998359442
284 400 0.000819968234281987
285 0 0.001341898925602436
285 80 0.0018967562355101109
285 160 0.002303271321579814
285 240 0.0012604686198756099
285 320 0.0017848394345492125
285 400 0.0022849789820611477
286 0 0.0015772246988490224
286 80 0.0011967656901106238
286 160 0.0007841716287657619
286 240 0.0017148179467767477
286 320 0.0006561787449754775
286 400 0.0015407395549118519
287 0 0.001280593452975154
287 80 0.002035055309534073
287 160 0.0018264994723722339
287 240 0.0009680083021521568
287 320 0.0008454611524939537
287 400 0.0007536510820500553
288 0 0.0011200685985386372
288 80 0.0013572886819019914
288 160 0.0017034981865435839
288 240 0.0009996372973546386
288 320 0.0010618881788104773
288 400 0.0006562857888638973
289 0 0.0015538190491497517
289 80 0.0018360742833465338
289 160 0.0024363428819924593
289 240 0.002205847529694438
289 320 0.001707612187601626
289 400 0.0008211597451008856
290 0 0.0013349315850064158
290 80 0.0013865949586033821
290 160 0.0008862520917318761
290 240 0.001556434785015881
290 320 0.0016615218482911587
290 400 0.0012506108032539487
291 0 0.0024592671543359756
291 80 0.000970108958426863
291 160 0.001364937168546021
291 240 0.0014404309913516045
291 320 0.001391747733578086
291 400 0.0019259026739746332
292 0 0.0008581442525610328
292 80 0.0006565118092112243
292 160 0.0007838403689675033
292 240 0.0013121714582666755
292 320 0.0006537305889651179
292 400 0.0010885117808356881
293 0 0.0006713272887282073
293 80 0.0005750241689383984
293 160 0.0016560853691771626
293 240 0.0011308828834444284
293 320 0.002225712174549699
293 400 0.0011551420902833343
294 0 0.0012622905196622014
294 80 0.0015613808063790202
294 160 0.0013344278559088707
294 240 0.0005844181287102401
294 320 0.0011887607397511601
294 400 0.0009933754336088896
295 0 0.0008980598649941385
295 80 0.0008655655547045171
295 160 0.001380691071972251
295 240 0.0006343972636386752
295 320 0.0011683086631819606
295 400 0.0012171445414423943
296 0 0.0006171020795591176
296 80 0.002161463024094701
296 160 0.0010305714095011353
296 240 0.0011796019971370697
296 320 0.0009767637820914388
296 400 0.0009674704633653164
297 0 0.0012886881595477462
297 80 0.0012215671595185995
297 160 0.0009433641098439693
297 240 0.0009017076808959246
297 320 0.0011644437909126282
297 400 0.0009530136594548821
298 0 0.0015023107407614589
298 80 0.000975647650193423
298 160 0.000933598552364856
298 240 0.0006874272366985679
298 320 0.0004987972206436098
298 400 0.0007123476825654507
299 0 0.0007921548094600439
299 80 0.000977959600277245
299 160 0.001167069305665791
299 240 0.0006440579309128225
299 320 0.0011060391552746296
299 400 0.001503152889199555
300 0 0.0018907663179561496
300 80 0.0011078016832470894
300 160 0.0012615256709977984
300 240 0.0004190467589069158
300 320 0.0014698494924232364
300 400 0.0009425392490811646
