1 21.33720718073184 0.8555
2 4.822893003919232 0.9141
3 3.5433316744371517 0.9304833333333333
4 3.246776450198838 0.9351333333333334
5 2.07859676522312 0.94585
6 1.8891291284739082 0.9484
7 2.2698640239411105 0.9483
8 1.6349743903914389 0.9523666666666667
9 1.9411511262183758 0.9530833333333333
10 1.2473390308575016 0.9591833333333334
11 1.2024293909732064 0.9591
12 1.066116163668384 0.9628666666666666
13 1.139201687492628 0.96155
14 0.873841751510628 0.96655
15 0.8332441322049685 0.9671833333333333
16 0.808647593749762 0.9677833333333333
17 0.7302218278053266 0.9702333333333333
18 1.22232451950903 0.9655
19 0.710335042988487 0.97065
20 0.6522855064844407 0.9724333333333334
21 0.6018564664908823 0.9737666666666667
22 0.5729133646411507 0.9731666666666666
23 0.5734439795987819 0.9735
24 0.49754342274175045 0.9766333333333334
25 0.48749176904131214 0.9762
26 0.4598793590431867 0.97615
27 0.4704488657581319 0.9763833333333334
28 0.38712146866719765 0.9788166666666667
29 0.3937269458127478 0.97855
30 0.42480003815222056 0.97765
31 0.35548376521923414 0.9803
32 0.35251634141909005 0.9802666666666666
33 0.3300127360177752 0.9808666666666667
34 0.2828347459788064 0.98245
35 0.28969582012879896 0.9824333333333334
36 0.2822959185208632 0.9824833333333334
37 0.27197955432005616 0.98245
38 0.2543903923850911 0.9834
39 0.247050265879869 0.9842166666666666
40 0.21025340837250364 0.9854333333333334
41 0.2202794060759433 0.9847333333333333
42 0.22421031600458963 0.9849833333333333
43 0.18879306616415756 0.9866166666666667
44 0.19793060175055113 0.9859333333333333
45 0.15192462443046303 0.9876666666666667
46 0.16435020768760003 0.98735
47 0.15853178193923692 0.9878666666666667
48 0.14528667710167711 0.9883333333333333
49 0.13654511300093103 0.9889
50 0.11459307977373544 0.9901333333333333
51 0.1172238922530088 0.9897666666666667
52 0.09787499927440414 0.9910833333333333
53 0.07009739097578156 0.9930666666666667
54 0.09915460059200226 0.9904333333333334
55 0.07769411394784341 0.9919833333333333
56 0.08205708678526043 0.99145
57 0.07022431988010595 0.9924
58 0.0727444124863936 0.99225
59 0.06306812159532864 0.9930666666666667
60 0.06837297869901292 0.9927333333333334
61 0.059939305239361466 0.9936666666666667
62 0.059536865618735196 0.9933
63 0.05886438358357238 0.9937333333333334
64 0.05226011701909734 0.9939166666666667
65 0.05016034882850833 0.994
66 0.04855768898477901 0.9943333333333333
67 0.03769014879488228 0.9955333333333334
68 0.028792436777019446 0.99645
69 0.03452488500353357 0.99575
70 0.028794884474168825 0.9964166666666666
71 0.022521923001827406 0.9970666666666667
72 0.02745328017562703 0.9964833333333334
73 0.01886815730895246 0.9974333333333333
74 0.026187068652751073 0.9961833333333333
75 0.013030231003346096 0.9978833333333333
76 0.00978861017329381 0.9981666666666666
77 0.012381056672216768 0.9979666666666667
78 0.012254996986389148 0.9980666666666667
79 0.012807700765380495 0.9978833333333333
80 0.015443013664629603 0.9975333333333334
81 0.012303880809799408 0.9979666666666667
82 0.00459473081958556 0.9992666666666666
83 0.010649655088221022 0.9981833333333333
84 0.006906738513662358 0.9987333333333334
85 0.005729111809264827 0.9988
86 0.0012863584232100178 0.9997
87 0.00044484079716653927 0.9998833333333333
88 0.00019414917357094512 0.9998833333333333
89 5.07153526750909e-05 0.9999833333333333
90 1.3743118021915705e-05 1.0
91 2.7460382637278173e-06 1.0
92 1.6973899762909964e-06 1.0
93 1.542897809586643e-06 1.0
94 1.4341262496802113e-06 1.0
95 1.3469544278988637e-06 1.0
96 1.2797353271743841e-06 1.0
97 1.2228314018441605e-06 1.0
98 1.1718481313099121e-06 1.0
99 1.127760687693441e-06 1.0
100 1.0888847612269228e-06 1.0
101 1.0546025046381978e-06 1.0
102 1.0233665139344791e-06 1.0
103 9.939820174743954e-07 1.0
104 9.681383859381334e-07 1.0
105 9.444169783518689e-07 1.0
106 9.212198502696839e-07 1.0
107 8.999726429072959e-07 1.0
108 8.822117405332687e-07 1.0
109 8.646015709228729e-07 1.0
110 8.462798178045342e-07 1.0
111 8.30036535600883e-07 1.0
112 8.145191845659978e-07 1.0
113 8.012199179960872e-07 1.0
114 7.870059452169167e-07 1.0
115 7.74346868156205e-07 1.0
116 7.613932277974329e-07 1.0
117 7.49393662581999e-07 1.0
118 7.384729727014065e-07 1.0
119 7.349896966966483e-07 1.0
120 7.174213954603366e-07 1.0
121 7.070506258235328e-07 1.0
122 6.979180439781871e-07 1.0
123 6.88697477468748e-07 1.0
124 6.815326722858179e-07 1.0
125 6.727731941177792e-07 1.0
126 6.633594709405888e-07 1.0
127 6.555299546065763e-07 1.0
128 6.478425814973782e-07 1.0
129 6.43906543825798e-07 1.0
130 6.332889010134553e-07 1.0
131 6.264433812006416e-07 1.0
132 6.197020605539441e-07 1.0
133 6.128760616685305e-07 1.0
134 6.068602783280918e-07 1.0
135 6.006216169910924e-07 1.0
136 5.964240351117567e-07 1.0
137 5.891593829732002e-07 1.0
138 5.830313362240526e-07 1.0
139 5.778482960140482e-07 1.0
140 5.724689680112248e-07 1.0
141 5.675507466450463e-07 1.0
142 5.620099660697555e-07 1.0
143 5.571472313376987e-07 1.0
144 5.523417945521764e-07 1.0
145 5.477766918110752e-07 1.0
146 5.430848519108272e-07 1.0
147 5.386852190830245e-07 1.0
148 5.338898842900684e-07 1.0
149 5.300109106357049e-07 1.0
150 5.257926277646311e-07 1.0
151 5.23930147615018e-07 1.0
152 5.178389086455091e-07 1.0
153 5.140391741131616e-07 1.0
154 5.116214043608103e-07 1.0
155 5.056533590625097e-07 1.0
156 5.023662520364672e-07 1.0
157 5.012187528169182e-07 1.0
158 4.951203197615231e-07 1.0
159 4.915122595833656e-07 1.0
160 4.884158986129711e-07 1.0
161 4.850796741764817e-07 1.0
162 4.818512310998778e-07 1.0
163 4.7869440686893e-07 1.0
164 4.754595750612751e-07 1.0
165 4.724145420582249e-07 1.0
166 4.692530566754525e-07 1.0
167 4.66282071784394e-07 1.0
168 4.6538925671979977e-07 1.0
169 4.608098424600144e-07 1.0
170 4.6283359933637934e-07 1.0
171 4.5495014589350094e-07 1.0
172 4.523068045342695e-07 1.0
173 4.5172282938434566e-07 1.0
174 4.4673676653484774e-07 1.0
175 4.4442419941990583e-07 1.0
176 4.4187274030011273e-07 1.0
177 4.397967647106226e-07 1.0
178 4.368878900079141e-07 1.0
179 4.3420484638967085e-07 1.0
180 4.3272633259178245e-07 1.0
181 4.309224047088529e-07 1.0
182 4.270624721443268e-07 1.0
183 4.2473629493729816e-07 1.0
184 4.224662781782745e-07 1.0
185 4.2029136398946676e-07 1.0
186 4.180740381629652e-07 1.0
187 4.167031789206856e-07 1.0
188 4.1383927160730114e-07 1.0
189 4.117591363688768e-07 1.0
190 4.096139417741848e-07 1.0
191 4.075882177211022e-07 1.0
192 4.055535963906484e-07 1.0
193 4.035681252753647e-07 1.0
194 4.01650267270761e-07 1.0
195 3.9955031810772993e-07 1.0
196 3.9781154154612006e-07 1.0
197 3.9593139682059266e-07 1.0
198 3.938337205093333e-07 1.0
199 3.9239600595271064e-07 1.0
200 3.9040309674203735e-07 1.0
201 3.885953798866553e-07 1.0
202 3.868295795498591e-07 1.0
203 3.850780498653608e-07 1.0
204 3.835564036598529e-07 1.0
205 3.8189891527249217e-07 1.0
206 3.802482028044501e-07 1.0
207 3.783635129178261e-07 1.0
208 3.7752268741289226e-07 1.0
209 3.7506446894828645e-07 1.0
210 3.750038522346715e-07 1.0
211 3.72143212850924e-07 1.0
212 3.717172989138983e-07 1.0
213 3.6879169649567285e-07 1.0
214 3.6715727879380676e-07 1.0
215 3.656626765762908e-07 1.0
216 3.642075992814368e-07 1.0
217 3.6268902991180095e-07 1.0
218 3.613456275152499e-07 1.0
219 3.5987410212401654e-07 1.0
220 3.585527101377805e-07 1.0
221 3.5748756040745863e-07 1.0
222 3.5570951729847905e-07 1.0
223 3.5546301193994664e-07 1.0
224 3.5289658410790886e-07 1.0
225 3.515110155330855e-07 1.0
226 3.5024653305889666e-07 1.0
227 3.5121227580006325e-07 1.0
228 3.4856007693015806e-07 1.0
229 3.463161201549664e-07 1.0
230 3.4512960453277606e-07 1.0
231 3.436937934612225e-07 1.0
232 3.424371906203689e-07 1.0
233 3.4190788213384673e-07 1.0
234 3.3997149030314637e-07 1.0
235 3.3870382906360424e-07 1.0
236 3.375299690232794e-07 1.0
237 3.365943675095798e-07 1.0
238 3.3516958147415784e-07 1.0
239 3.3403738687204947e-07 1.0
240 3.327397880837394e-07 1.0
241 3.3166974413228397e-07 1.0
242 3.3056487805554575e-07 1.0
243 3.2940872567418006e-07 1.0
244 3.283473306371688e-07 1.0
245 3.2715620542318933e-07 1.0
246 3.2606828975436087e-07 1.0
247 3.257562359335296e-07 1.0
248 3.240043768502392e-07 1.0
249 3.228477392363134e-07 1.0
250 3.21939968176381e-07 1.0
251 3.207401724871422e-07 1.0
252 3.1972715638945984e-07 1.0
253 3.186630318106723e-07 1.0
254 3.1768226133991196e-07 1.0
255 3.175124531282362e-07 1.0
256 3.1548678241947613e-07 1.0
257 3.1464103475828e-07 1.0
258 3.136835189373246e-07 1.0
259 3.126809013599954e-07 1.0
260 3.1175843777189284e-07 1.0
261 3.107831823465535e-07 1.0
262 3.098281832092139e-07 1.0
263 3.093466740756536e-07 1.0
264 3.0794095660974584e-07 1.0
