1 0 3.167501211166382
1 80 5.105231761932373
1 160 12.796993255615234
1 240 8.405503273010254
1 320 7.1275410652160645
1 400 5.25839900970459
2 0 10.914196968078613
2 80 1.6432301998138428
2 160 9.357033729553223
2 240 1.9939533472061157
2 320 1.7110660076141357
2 400 8.564241409301758
3 0 7.561316967010498
3 80 9.890883445739746
3 160 2.236788749694824
3 240 0.69779372215271
3 320 4.698302745819092
3 400 2.430497884750366
4 0 2.6215929985046387
4 80 3.2399539947509766
4 160 1.5746151208877563
4 240 1.9192136526107788
4 320 1.3754472732543945
4 400 1.9233711957931519
5 0 0.20298756659030914
5 80 4.087681770324707
5 160 1.836961269378662
5 240 2.7238047122955322
5 320 1.055093765258789
5 400 1.7341663837432861
6 0 2.3791255950927734
6 80 2.6828436851501465
6 160 1.7660733461380005
6 240 0.6025830507278442
6 320 0.8627939224243164
6 400 2.7822670936584473
7 0 2.6699540615081787
7 80 1.1526498794555664
7 160 0.4910013675689697
7 240 2.1256344318389893
7 320 1.9682233333587646
7 400 2.1982274055480957
8 0 0.31965821981430054
8 80 3.505775213241577
8 160 1.3868262767791748
8 240 1.6313308477401733
8 320 2.424621343612671
8 400 1.9281779527664185
9 0 0.413219153881073
9 80 2.829376220703125
9 160 1.3896931409835815
9 240 0.9652099609375
9 320 0.8315914869308472
9 400 0.7578273415565491
10 0 0.28925779461860657
10 80 0.1646651029586792
10 160 0.07460146397352219
10 240 2.5932412147521973
10 320 1.3116787672042847
10 400 1.537959098815918
11 0 0.4747445583343506
11 80 1.2856357097625732
11 160 1.414264440536499
11 240 1.006946086883545
11 320 1.078622817993164
11 400 0.9989935159683228
12 0 0.002840130589902401
12 80 0.48806989192962646
12 160 0.3205467164516449
12 240 0.9454942345619202
12 320 0.19166399538516998
12 400 1.000066876411438
13 0 1.3507627248764038
13 80 0.9034447073936462
13 160 0.5407208204269409
13 240 1.1897342205047607
13 320 1.4593901634216309
13 400 2.3414688110351562
14 0 0.08167577534914017
14 80 1.7842597961425781
14 160 0.843477189540863
14 240 0.17455877363681793
14 320 0.06356430053710938
14 400 0.8938633799552917
15 0 1.6171399354934692
15 80 0.6791455149650574
15 160 0.5921999216079712
15 240 0.2005799114704132
15 320 0.00081890809815377
15 400 1.1846561431884766
16 0 0.5760804414749146
16 80 2.1444883346557617
16 160 0.34120190143585205
16 240 3.2821295261383057
16 320 1.8709580898284912
16 400 0.5247487425804138
17 0 0.015134330838918686
17 80 0.3594110608100891
17 160 0.18933755159378052
17 240 1.091238260269165
17 320 0.6571712493896484
17 400 0.5110851526260376
18 0 0.3180099427700043
18 80 0.5934876799583435
18 160 0.06767863035202026
18 240 1.885145664215088
18 320 0.25824999809265137
18 400 0.22046011686325073
19 0 2.123872756958008
19 80 0.017184734344482422
19 160 1.0320676565170288
19 240 1.481919527053833
19 320 0.7328651547431946
19 400 0.9181431531906128
20 0 0.00022380604059435427
20 80 0.49052974581718445
20 160 0.5938166379928589
20 240 0.13175056874752045
20 320 0.5159159302711487
20 400 1.202704668045044
21 0 2.391474485397339
21 80 0.3145632743835449
21 160 0.2224118411540985
21 240 0.28377455472946167
21 320 0.27472400665283203
21 400 1.0750548839569092
22 0 0.1027182787656784
22 80 0.11980421841144562
22 160 0.5178201794624329
22 240 1.5876309871673584
22 320 0.9689877033233643
22 400 0.10144134610891342
23 0 0.6834973692893982
23 80 0.37270909547805786
23 160 0.45728805661201477
23 240 0.7849194407463074
23 320 1.4037754535675049
23 400 0.020354995504021645
24 0 1.1015686988830566
24 80 0.40609604120254517
24 160 0.163648322224617
24 240 0.3991844654083252
24 320 0.07385404407978058
24 400 0.7234501838684082
25 0 1.224191665649414
25 80 0.3963793218135834
25 160 0.31899458169937134
25 240 0.25855425000190735
25 320 0.6979684233665466
25 400 2.5145693527406365e-08
26 0 0.23977290093898773
26 80 0.9819884896278381
26 160 0.2167091965675354
26 240 1.444885015487671
26 320 0.5904347896575928
26 400 0.32631006836891174
27 0 0.22471055388450623
27 80 0.3792620599269867
27 160 0.23515449464321136
27 240 0.8776426911354065
27 320 0.8486383557319641
27 400 1.2575467824935913
28 0 0.0694115161895752
28 80 0.27880561351776123
28 160 0.3890630304813385
28 240 0.22995083034038544
28 320 0.427014023065567
28 400 0.13643158972263336
29 0 1.7724720239639282
29 80 0.5171292424201965
29 160 0.6794518828392029
29 240 0.24029462039470673
29 320 0.9011005163192749
29 400 0.08340870589017868
30 0 0.34014537930488586
30 80 0.00016923165821935982
30 160 0.4344807267189026
30 240 0.5483710169792175
30 320 0.5567100048065186
30 400 0.008130736649036407
31 0 1.1851917505264282
31 80 0.10737044364213943
31 160 0.2057478129863739
31 240 0.16167885065078735
31 320 0.6140817999839783
31 400 0.12216392159461975
32 0 0.2464182823896408
32 80 0.6946600079536438
32 160 0.23456740379333496
32 240 0.3110942244529724
32 320 0.11985114216804504
32 400 0.3162825107574463
33 0 0.07450911402702332
33 80 3.419956919969991e-05
33 160 1.2526357173919678
33 240 0.15261808037757874
33 320 0.09314250200986862
33 400 1.0345864295959473
34 0 0.1804734170436859
34 80 0.3206211030483246
34 160 0.7728738188743591
34 240 0.22888076305389404
34 320 0.385002076625824
34 400 1.108875036239624
35 0 0.06061944738030434
35 80 0.45141133666038513
35 160 0.293694406747818
35 240 0.0
35 320 0.44674479961395264
35 400 0.4911471903324127
36 0 5.411582606029697e-05
36 80 0.21446651220321655
36 160 0.28326472640037537
36 240 0.3871128261089325
36 320 0.20867854356765747
36 400 0.0300899725407362
37 0 1.620692819415126e-05
37 80 0.5757420659065247
37 160 0.5417801141738892
37 240 0.5035592913627625
37 320 0.06642477214336395
37 400 0.8545948266983032
38 0 0.0016801654128357768
38 80 0.012361840344965458
38 160 0.4165858030319214
38 240 0.11377764493227005
38 320 0.17167453467845917
38 400 0.17696404457092285
39 0 0.0777951329946518
39 80 0.13337500393390656
39 160 0.0244691614061594
39 240 0.32186442613601685
39 320 0.13093362748622894
39 400 0.06960703432559967
40 0 0.054336585104465485
40 80 0.20186424255371094
40 160 0.12360917776823044
40 240 1.2962940672878176e-05
40 320 0.28358981013298035
40 400 0.0833434909582138
41 0 0.269396036863327
41 80 0.04915018007159233
41 160 0.28661566972732544
41 240 0.05334993079304695
41 320 1.7136213159574254e-07
41 400 4.160670505370945e-05
42 0 0.5355998873710632
42 80 0.24090933799743652
42 160 1.3969826184734302e-08
42 240 7.113020546967164e-05
42 320 0.26678135991096497
42 400 0.2477453351020813
43 0 3.255509727750905e-05
43 80 0.13645267486572266
43 160 1.3475776540872175e-05
43 240 0.059688933193683624
43 320 0.018979543820023537
43 400 0.07778885215520859
44 0 0.9863547682762146
44 80 0.11391376703977585
44 160 0.2193840742111206
44 240 0.04057639464735985
44 320 0.6618695855140686
44 400 0.41755732893943787
45 0 0.34803900122642517
45 80 0.0860338807106018
45 160 0.010478229261934757
45 240 5.965394393570023e-06
45 320 7.171160376628904e-08
45 400 0.08972743153572083
46 0 0.0352889746427536
46 80 0.09369916468858719
46 160 0.45530393719673157
46 240 0.23472747206687927
46 320 0.24612921476364136
46 400 0.27854418754577637
47 0 0.027571123093366623
47 80 0.15040963888168335
47 160 1.3003045320510864
47 240 0.0274325143545866
47 320 0.019817829132080078
47 400 0.25213301181793213
48 0 0.2562134265899658
48 80 0.04415981099009514
48 160 0.06725112348794937
48 240 4.833445927943103e-07
48 320 0.0895666554570198
48 400 0.2554333806037903
49 0 0.09399745613336563
49 80 0.11656671017408371
49 160 0.0
49 240 0.18942290544509888
49 320 0.0006080823950469494
49 400 0.29707303643226624
50 0 1.8253740563523024e-07
50 80 0.10650132596492767
50 160 0.013273784890770912
50 240 0.16106481850147247
50 320 0.17813098430633545
50 400 0.32464125752449036
51 0 0.3257092833518982
51 80 0.08938610553741455
51 160 0.1217573955655098
51 240 1.1555690434761345e-05
51 320 0.2611418068408966
51 400 0.07224929332733154
52 0 0.00024366988509427756
52 80 0.0057029081508517265
52 160 0.18596546351909637
52 240 0.00010628397285472602
52 320 0.22165557742118835
52 400 0.18822915852069855
53 0 0.11645118147134781
53 80 0.10357382148504257
53 160 0.0012973876437172294
53 240 0.3302058279514313
53 320 0.147970050573349
53 400 0.044655658304691315
54 0 0.020604636520147324
54 80 0.006102751009166241
54 160 0.0933971032500267
54 240 0.2941763401031494
54 320 0.009709464386105537
54 400 1.6763793908580737e-08
55 0 2.793963460590021e-08
55 80 0.008878910914063454
55 160 0.08929141610860825
55 240 0.0009535667486488819
55 320 0.01963401585817337
55 400 0.30415037274360657
56 0 0.005172736011445522
56 80 2.4173571091523627e-06
56 160 0.0023926079738885164
56 240 7.02009056112729e-05
56 320 6.798629215154506e-08
56 400 0.11490246653556824
57 0 0.029558809474110603
57 80 0.03404264152050018
57 160 0.051322437822818756
57 240 0.00026822698418982327
57 320 0.09542448818683624
57 400 0.23596616089344025
58 0 8.146907021000516e-06
58 80 0.011843310669064522
58 160 0.09720960259437561
58 240 0.0005138039705343544
58 320 0.08081148564815521
58 400 0.07935821264982224
59 0 0.07505466043949127
59 80 7.636588179593673e-07
59 160 0.16122294962406158
59 240 0.04812309518456459
59 320 0.29486849904060364
59 400 0.04677864536643028
60 0 0.03786903992295265
60 80 0.10652946680784225
60 160 2.6263055019626336e-07
60 240 0.009374931454658508
60 320 0.0008871912723407149
60 400 0.26745572686195374
61 0 0.10847987234592438
61 80 2.566305511209066e-06
61 160 0.124968521296978
61 240 0.043750301003456116
61 320 0.060944389551877975
61 400 0.09563177078962326
62 0 0.0029904835391789675
62 80 0.008353986777365208
62 160 0.00038674750248901546
62 240 1.1196715604455676e-05
62 320 0.01714787259697914
62 400 4.004676767976889e-08
63 0 0.17961814999580383
63 80 0.3757231533527374
63 160 0.00028567909612320364
63 240 0.15820276737213135
63 320 0.0003946159267798066
63 400 0.025647368282079697
64 0 0.09013155102729797
64 80 2.6624422844179207e-06
64 160 0.17780964076519012
64 240 0.032441455870866776
64 320 1.3129153558111284e-05
64 400 0.07345923781394958
65 0 2.682163255940395e-07
65 80 1.2572753860240482e-07
65 160 2.7136252356285695e-06
65 240 0.0313989482820034
65 320 0.003507262794300914
65 400 0.023375436663627625
66 0 0.014996791258454323
66 80 0.014645934104919434
66 160 0.00902271457016468
66 240 1.4676495538878953e-06
66 320 9.506971764494665e-06
66 400 8.14873658327997e-07
67 0 0.0004114617477171123
67 80 0.0026892286259680986
67 160 0.20165888965129852
67 240 0.0
67 320 0.0004686276661232114
67 400 0.030549440532922745
68 0 0.05890989676117897
68 80 0.07324487715959549
68 160 4.264663948561065e-05
68 240 5.026119833928533e-05
68 320 0.0007511317380703986
68 400 6.518995974147401e-07
69 0 8.208891813410446e-05
69 80 0.17021237313747406
69 160 2.7935957405134104e-05
69 240 0.07175072282552719
69 320 0.03402658551931381
69 400 0.012194926850497723
70 0 2.0675173573181382e-07
70 80 1.611173274795874e-07
70 160 0.00044741033343598247
70 240 1.3597211534488451e-07
70 320 0.06024795025587082
70 400 0.07395598292350769
71 0 4.349927621660754e-06
71 80 0.002712941961362958
71 160 8.691047696629539e-06
71 240 0.13598480820655823
71 320 0.004624806344509125
71 400 0.005109662655740976
72 0 1.490115142388504e-08
72 80 0.00018227747932542115
72 160 0.027909547090530396
72 240 0.009551769122481346
72 320 2.980227264970381e-08
72 400 0.13101792335510254
73 0 1.323297510680277e-06
73 80 2.3847821921663126e-06
73 160 1.8549748119767173e-06
73 240 3.7635002172464738e-06
73 320 0.0005065345321781933
73 400 4.167076258454472e-05
74 0 0.10231342166662216
74 80 8.30496628623223e-06
74 160 0.013845759443938732
74 240 1.5284076653188094e-05
74 320 0.00074610929004848
74 400 0.016829857602715492
75 0 0.03198501840233803
75 80 2.235172402720309e-08
75 160 2.870740445359843e-06
75 240 0.0
75 320 0.0005557684344239533
75 400 1.398317726852838e-05
76 0 0.00035466591361910105
76 80 9.313225191043273e-10
76 160 0.005393550265580416
76 240 0.06809356063604355
76 320 4.6099418682388205e-07
76 400 3.7252894102834944e-09
77 0 4.256028205418261e-07
77 80 0.001917162910103798
77 160 1.8158688135372358e-06
77 240 8.381898730647208e-09
77 320 1.564613540949722e-07
77 400 0.00031652237521484494
78 0 1.1193823183930363e-06
78 80 0.00402393052354455
78 160 8.949597031460144e-06
78 240 3.0219547625165433e-05
78 320 0.0
78 400 3.818513505393639e-06
79 0 0.020162055268883705
79 80 5.4947967953467014e-08
79 160 9.313225191043273e-10
79 240 9.185059025185183e-05
79 320 1.6231480230999296e-06
79 400 1.0244541215342906e-08
80 0 0.08107215166091919
80 80 0.010774282738566399
80 160 0.008600338362157345
80 240 0.00403670035302639
80 320 9.77882734787272e-08
80 400 1.0217379895038903e-05
81 0 5.973083261778811e-06
81 80 1.452849716088167e-07
81 160 0.0
81 240 2.654854370121029e-06
81 320 0.090458944439888
81 400 0.0
82 0 0.012326222844421864
82 80 0.0006917071877978742
82 160 0.00016783650789875537
82 240 3.585522563298582e-07
82 320 1.1455183823727566e-07
82 400 9.313225191043273e-10
83 0 0.055047791451215744
83 80 1.3038508939189342e-08
83 160 0.0
83 240 0.001377649954520166
83 320 9.313225191043273e-10
83 400 0.003796736476942897
84 0 3.4442061860318063e-06
84 80 0.0006044700276106596
84 160 0.0006953745614737272
84 240 5.5879341154252415e-09
84 320 4.06137360187131e-06
84 400 4.8707672249292955e-05
85 0 3.334070015625912e-07
85 80 0.0
85 160 9.313225191043273e-10
85 240 0.0
85 320 0.0668097510933876
85 400 9.313220417084267e-09
86 0 0.0
86 80 0.000585028959903866
86 160 0.0
86 240 3.7166173569858074e-06
86 320 0.0
86 400 2.7448093533166684e-05
87 0 3.5017450272789574e-07
87 80 1.0710166975513857e-07
87 160 5.867310193252706e-08
87 240 3.250279121402855e-07
87 320 7.450577044210149e-09
87 400 2.42142192519168e-07
88 0 0.0
88 80 0.009328234009444714
88 160 1.8816117517417297e-05
88 240 3.7346433146012714e-06
88 320 1.9557749197929297e-08
88 400 0.0
89 0 9.313225191043273e-10
89 80 3.6414007809071336e-07
89 160 1.8626439057811695e-08
89 240 9.762644367583562e-06
89 320 9.126912914325658e-08
89 400 0.0
90 0 0.0
90 80 9.313225191043273e-10
90 160 5.774178646333894e-08
90 240 0.0
90 320 0.0
90 400 1.816058272652299e-07
91 0 7.645784876331163e-07
91 80 8.381898730647208e-09
91 160 0.0
91 240 1.8626449271863521e-09
91 320 2.7007951075574965e-07
91 400 9.313225191043273e-10
92 0 5.401652103387278e-08
92 80 2.3283028838250175e-08
92 160 1.3989901162858587e-05
92 240 1.8626449271863521e-09
92 320 1.8626450382086546e-09
92 400 1.7695118259553055e-08
93 0 4.153588406552444e-07
93 80 1.676362586522373e-07
93 160 6.183736900311487e-07
93 240 3.445888197006752e-08
93 320 0.0
93 400 0.0
94 0 2.644940195750678e-07
94 80 0.0
94 160 6.405249223462306e-06
94 240 9.313225191043273e-10
94 320 0.0
94 400 3.1705117180536035e-06
95 0 4.630094736057799e-06
95 80 0.0
95 160 2.136569491995033e-05
95 240 6.602800226573891e-07
95 320 3.0513481306115864e-06
95 400 7.403663744298683e-07
96 0 9.313225191043273e-10
96 80 5.3765534175909124e-06
96 160 3.7252894102834944e-09
96 240 9.313225191043273e-10
96 320 0.0
96 400 0.0
97 0 2.7939672797572257e-09
97 80 2.0395845012899372e-07
97 160 0.0
97 240 8.30112458061194e-06
97 320 1.0617004875257408e-07
97 400 4.1815840745584865e-07
98 0 7.916207778180251e-08
98 80 1.771533425198868e-05
98 160 6.798629925697242e-08
98 240 0.0
98 320 3.7252894102834944e-09
98 400 1.0244541215342906e-08
99 0 1.294532552265082e-07
99 80 0.0
99 160 2.7106191282655345e-06
99 240 0.0
99 320 5.494784005577458e-08
99 400 9.313225191043273e-10
100 0 0.0
100 80 6.053581103060424e-08
100 160 6.5192553577730905e-09
100 240 1.3038506274654083e-08
100 320 4.256046963746485e-07
100 400 3.166491424622109e-08
101 0 9.313225191043273e-10
101 80 2.7939675018018306e-09
101 160 3.2170994472835446e-06
101 240 4.0604618334327824e-07
101 320 1.3111921361996792e-06
101 400 1.2107183700038604e-08
102 0 0.0
102 80 7.171166771513526e-08
102 160 1.3038508051010922e-08
102 240 3.259625103169128e-08
102 320 1.3038505386475663e-08
102 400 1.4807888248924428e-07
103 0 0.0
103 80 3.632153422472584e-08
103 160 1.2293361351112253e-07
103 240 0.0
103 320 0.0
103 400 1.7684531030681683e-06
104 0 9.313225191043273e-10
104 80 0.0
104 160 4.7589213636456407e-07
104 240 1.083087568076735e-06
104 320 0.0
104 400 0.0
105 0 2.7939675018018306e-09
105 80 7.468964895451791e-07
105 160 0.0
105 240 1.4589543752663303e-05
105 320 0.0
105 400 1.7523305359645747e-05
106 0 1.8626449271863521e-09
106 80 0.0
106 160 7.450577932388569e-09
106 240 2.486593189132691e-07
106 320 0.0
106 400 2.235172580355993e-08
107 0 8.381901395182467e-09
107 80 9.313170323821396e-08
107 160 7.902930519776419e-06
107 240 1.3131537457411468e-07
107 320 1.8626449271863521e-09
107 400 0.0
108 0 0.0
108 80 7.078019592654528e-08
108 160 1.1175867342672063e-08
108 240 0.0
108 320 2.430373797324137e-06
108 400 0.0
109 0 9.313225191043273e-10
109 80 9.313225191043273e-10
109 160 5.494784005577458e-08
109 240 1.1455200876753224e-07
109 320 9.313225191043273e-10
109 400 1.8626449271863521e-09
110 0 0.0
110 80 4.656611540809763e-09
110 160 1.2107189917287542e-08
110 240 1.8626449271863521e-09
110 320 0.0
110 400 3.7252894102834944e-09
111 0 5.123477876622928e-06
111 80 6.556235803145682e-07
111 160 9.313225191043273e-10
111 240 2.0489071772544776e-08
111 320 0.0
111 400 2.7939675018018306e-09
112 0 2.47729275315578e-07
112 80 1.0244544768056585e-08
112 160 0.0
112 240 0.0
112 320 0.0
112 400 1.313154882609524e-07
113 0 2.8870946522374652e-08
113 80 2.4214349636508814e-08
113 160 0.0
113 240 3.7252894102834944e-09
113 320 2.043054564637714e-06
113 400 0.0
114 0 0.0
114 80 1.1175862901779965e-08
114 160 0.0
114 240 2.3096610846096155e-07
114 320 0.0
114 400 9.313220417084267e-09
115 0 6.146704834009142e-08
115 80 5.5879341154252415e-09
115 160 4.935996145150057e-08
115 240 2.9802279755131167e-08
115 320 4.563467115303865e-08
115 400 1.5739192349428777e-07
116 0 9.313225191043273e-10
116 80 0.0
116 160 0.0
116 240 2.5704306949592137e-07
116 320 1.2013968841984024e-07
116 400 9.313225191043273e-10
117 0 8.381898730647208e-09
117 80 6.369990614984999e-07
117 160 2.33168384511373e-06
117 240 0.0
117 320 3.7252894102834944e-09
117 400 0.0
118 0 0.0
118 80 3.818415450496104e-08
118 160 2.318961804803621e-07
118 240 9.313225191043273e-10
118 320 0.0
118 400 0.0
119 0 0.0
119 80 0.0
119 160 0.0
119 240 4.656611984898973e-09
119 320 0.0
119 400 1.2107188140930703e-08
120 0 1.8626450382086546e-09
120 80 5.017373041482642e-06
120 160 2.758090886345599e-06
120 240 3.892832864949014e-07
120 320 1.9557749197929297e-08
120 400 7.916202093838365e-08
121 0 2.7939672797572257e-09
121 80 0.0
121 160 6.872873541396984e-07
121 240 6.5192553577730905e-09
121 320 4.647161517823406e-07
121 400 2.5797271518968046e-07
122 0 5.187295641917444e-07
122 80 3.7252894102834944e-09
122 160 5.4016528139300135e-08
122 240 1.4901155864777138e-08
122 320 7.72995250031272e-08
122 400 3.583841362342355e-06
123 0 1.1519611007315689e-06
123 80 1.58324731103221e-08
123 160 8.911400072975084e-06
123 240 0.0
123 320 2.7939627500472852e-08
123 400 7.72993900000074e-08
124 0 0.0
124 80 4.077201083418913e-06
124 160 1.8626450382086546e-09
124 240 1.238649218748833e-07
124 320 1.396983240198324e-08
124 400 3.7252898543727042e-09
125 0 8.288726860428142e-08
125 80 1.0398475751571823e-05
125 160 2.0489078877972133e-08
125 240 9.852770972429425e-07
125 320 4.377204376737609e-08
125 400 7.999851732165553e-07
126 0 2.4499324808857637e-06
126 80 1.2107185476395443e-08
126 160 6.928863740540692e-07
126 240 3.7252894102834944e-09
126 320 8.381900507004048e-09
126 400 2.3655273651002062e-07
127 0 8.875031767274777e-07
127 80 2.0209589024489105e-07
127 160 3.379038844286697e-06
127 240 1.1175863789958385e-08
127 320 2.1234058067420847e-07
127 400 2.7939672797572257e-09
128 0 2.7008308478571053e-08
128 80 9.313225191043273e-10
128 160 9.313225191043273e-10
128 240 1.533790737084928e-06
128 320 4.656611540809763e-09
128 400 9.313225191043273e-10
129 0 0.0
129 80 9.313220417084267e-09
129 160 2.0489069996187936e-08
129 240 0.0
129 320 2.6076989456669253e-08
129 400 4.190940217085881e-08
130 0 2.2283638827502728e-06
130 80 3.7252898543727042e-09
130 160 1.9557749197929297e-08
130 240 8.819126833259361e-07
130 320 0.0
130 400 0.0
131 0 1.396983417834008e-08
131 80 4.56310363006196e-06
131 160 0.0
131 240 0.0
131 320 9.313225191043273e-10
131 400 2.030256780471973e-07
132 0 0.0
132 80 1.2107183700038604e-08
132 160 0.0
132 240 0.0
132 320 1.8626450382086546e-09
132 400 1.7695114706839377e-08
133 0 3.0919298410481133e-07
133 80 1.1641466812761792e-07
133 160 6.332967927846767e-08
133 240 9.313225191043273e-10
133 320 0.0
133 400 2.0393304112076294e-06
134 0 1.2107186364573863e-08
134 80 3.632149514487537e-08
134 160 4.656600083308149e-08
134 240 7.5061035431645e-07
134 320 1.1175793446227544e-07
134 400 3.7252898543727042e-09
135 0 1.8626449271863521e-09
135 80 5.587933671336032e-09
135 160 1.128707822317665e-06
135 240 1.676379035586706e-08
135 320 2.6076989456669253e-08
135 400 1.8626449271863521e-09
136 0 0.0
136 80 0.0
136 160 5.8673180092227994e-08
136 240 1.0244542991699745e-08
136 320 9.313225191043273e-10
136 400 5.587933671336032e-09
137 0 1.0244545656235005e-08
137 80 1.0582562026684172e-05
137 160 4.1442754650233837e-07
137 240 0.0
137 320 1.8626449271863521e-09
137 400 7.450577044210149e-09
138 0 3.9766877080182894e-07
138 80 0.0
138 160 1.8626229802976013e-07
138 240 3.259622260998185e-08
138 320 2.5145688198335847e-08
138 400 0.0
139 0 0.0
139 80 4.656611540809763e-09
139 160 2.198543370468542e-06
139 240 0.0
139 320 1.0803267258552296e-07
139 400 3.11988685552933e-07
140 0 8.568120790641842e-08
140 80 0.0
140 160 0.0
140 240 1.0989528931304449e-07
140 320 3.445886065378545e-08
140 400 0.0
141 0 9.313225191043273e-10
141 80 9.313225191043273e-10
141 160 2.1315677258826327e-06
141 240 1.1175792025142073e-07
141 320 0.0
141 400 2.3468976451113122e-07
142 0 0.0
142 80 5.5879341154252415e-09
142 160 1.8626430176027498e-08
142 240 1.1827744827996867e-07
142 320 0.0
142 400 3.2291593470290536e-06
143 0 9.313220417084267e-09
143 80 7.450577044210149e-09
143 160 0.0
143 240 9.313225191043273e-10
143 320 0.0
143 400 1.8626449271863521e-09
144 0 3.84913937523379e-06
144 80 0.0
144 160 2.6128559511562344e-06
144 240 0.0
144 320 2.2817070544078888e-07
144 400 6.5192553577730905e-09
145 0 0.0
145 80 0.0
145 160 2.328304127274805e-08
145 240 1.8626449271863521e-09
145 320 9.499449049599207e-08
145 400 2.7939672797572257e-09
146 0 0.0
146 80 3.2329994610336144e-06
146 160 3.5389837194088614e-07
146 240 6.891762893701525e-08
146 320 3.594862221234507e-07
146 400 4.656611540809763e-09
147 0 4.852039978686662e-07
147 80 2.477038606230053e-06
147 160 1.8626449271863521e-09
147 240 0.0
147 320 1.4964931551730842e-06
147 400 1.7695111154125698e-08
148 0 1.5273566589257825e-07
148 80 5.494784005577458e-08
148 160 3.8090169596216583e-07
148 240 6.05357328709033e-08
148 320 3.725286745748235e-08
148 400 1.0718787279984099e-06
149 0 2.7939645264041246e-08
149 80 9.003661034512334e-06
149 160 9.498919553152518e-07
149 240 2.4214349636508814e-08
149 320 2.9303241717570927e-06
149 400 0.0
150 0 1.0244542991699745e-08
150 80 9.313225191043273e-10
150 160 2.5145672211124293e-08
150 240 0.0
150 320 0.0
150 400 0.0
151 0 1.4415609257412143e-06
151 80 4.656611540809763e-09
151 160 4.283994883280684e-07
151 240 6.5192553577730905e-09
151 320 2.7939675018018306e-09
151 400 1.5459880842172424e-07
152 0 0.0
152 80 0.0
152 160 0.0
152 240 0.0
152 320 1.95576717487711e-07
152 400 9.313225191043273e-10
153 0 9.647906153986696e-07
153 80 1.0151364193689005e-07
153 160 1.0430743202505255e-07
153 240 9.927325663738884e-07
153 320 1.3038510715546181e-08
153 400 6.891756498816903e-08
154 0 2.57972089912073e-07
154 80 9.313225191043273e-10
154 160 0.0
154 240 2.7939672797572257e-09
154 320 1.8626449271863521e-09
154 400 0.0
155 0 1.8626449271863521e-09
155 80 8.381898730647208e-09
155 160 1.3965387552161701e-05
155 240 0.0
155 320 9.313183824133375e-08
155 400 5.867310903795442e-08
156 0 1.1175862901779965e-08
156 80 1.4901146982992941e-08
156 160 2.2910202801540436e-07
156 240 3.725290076417309e-09
156 320 0.0
156 400 1.75441471128579e-06
157 0 2.8708145691780373e-06
157 80 1.7136193264377653e-07
157 160 8.241842124334653e-07
157 240 7.823070546919553e-08
157 320 0.0
157 400 0.0
158 0 9.313225191043273e-10
158 80 5.494784005577458e-08
158 160 5.587933671336032e-09
158 240 1.5273613485078386e-07
158 320 9.965088310082137e-08
158 400 5.587933671336032e-09
159 0 0.0
159 80 9.313225191043273e-10
159 160 0.0
159 240 0.0
159 320 2.686403604457155e-06
159 400 3.445889973363592e-08
160 0 3.7252894102834944e-09
160 80 2.430731456115609e-07
160 160 2.598346782178851e-07
160 240 5.829928113598726e-07
160 320 0.0
160 400 1.1175866454493644e-08
161 0 1.396983417834008e-08
161 80 7.270041351148393e-06
161 160 0.0
161 240 2.9243324206618126e-07
161 320 4.004676767976889e-08
161 400 1.8626449271863521e-09
162 0 5.37356015684054e-07
162 80 5.587934559514451e-09
162 160 2.6352183795097517e-06
162 240 0.0
162 320 9.126907940526507e-08
162 400 2.035617171713966e-06
163 0 7.878592782617488e-07
163 80 9.12692428300943e-08
163 160 0.0
163 240 2.5704079575916694e-07
163 320 0.0
163 400 0.0
164 0 5.587933671336032e-09
164 80 1.36903736347449e-07
164 160 9.313225191043273e-10
164 240 3.259622971540921e-08
164 320 3.166490358808005e-08
164 400 4.190940217085881e-08
165 0 7.450577932388569e-09
165 80 1.7367348164043506e-06
165 160 6.798642715466485e-08
165 240 6.612376068915182e-08
165 320 1.8626449271863521e-09
165 400 9.313225191043273e-10
166 0 9.313225191043273e-10
166 80 1.396983329016166e-08
166 160 9.313225191043273e-10
166 240 0.0
166 320 1.8719359218266618e-07
166 400 9.313225191043273e-10
167 0 3.725283903577292e-08
167 80 0.0
167 160 2.0768217723343696e-07
167 240 5.7741829095903086e-08
167 320 2.0395725641719764e-07
167 400 1.0710145659231785e-07
168 0 3.7252898543727042e-09
168 80 3.315470280540467e-07
168 160 2.7939672797572257e-09
168 240 1.3577541722042952e-06
168 320 0.0
168 400 6.51925624595151e-09
169 0 1.8626449271863521e-09
169 80 3.7252894102834944e-09
169 160 1.6763795684937577e-08
169 240 1.853311033528371e-07
169 320 1.2107183700038604e-08
169 400 6.109250421104662e-07
170 0 1.0803304917317291e-07
170 80 0.0
170 160 0.0
170 240 9.871959605334268e-08
170 320 0.0
170 400 2.7939672797572257e-09
171 0 3.036054465610505e-07
171 80 0.0
171 160 0.0
171 240 9.871966710761626e-08
171 320 0.0
171 400 0.0
172 0 3.259625103169128e-08
172 80 0.0
172 160 6.612363279145939e-08
172 240 1.273945372304297e-06
172 320 1.76950237573692e-07
172 400 4.7497358934833755e-08
173 0 2.607699478573977e-08
173 80 1.676362586522373e-07
173 160 9.126907940526507e-08
173 240 0.0
173 320 0.0
173 400 0.0
174 0 3.818413674139265e-08
174 80 8.409910151385702e-06
174 160 0.0
174 240 4.656611540809763e-09
174 320 2.840499746525893e-07
174 400 0.0
175 0 7.6368088741674e-08
175 80 8.381901395182467e-09
175 160 7.003200607869076e-06
175 240 0.0
175 320 2.0489080654328973e-08
175 400 9.313225191043273e-10
176 0 1.1920864295689171e-07
176 80 0.0
176 160 0.0
176 240 6.807671297792695e-07
176 320 0.0
176 400 1.5366674688266357e-07
177 0 4.656612428988183e-09
177 80 2.7939675018018306e-09
177 160 1.8626449271863521e-09
177 240 1.0337618050471065e-07
177 320 0.0
177 400 0.0
178 0 1.8626449271863521e-09
178 80 3.468406930551282e-06
178 160 2.067509541348045e-07
178 240 3.63215235665848e-08
178 320 3.1198683814182004e-07
178 400 0.0
179 0 1.8626450382086546e-09
179 80 3.7252898543727042e-09
179 160 1.7694928544642607e-07
179 240 0.0
179 320 2.3283050154532248e-08
179 400 0.0
180 0 9.313225191043273e-10
180 80 4.58197604302768e-07
180 160 1.6119628298838506e-06
180 240 9.126932809522259e-08
180 320 0.0
180 400 9.313222193441106e-09
181 0 5.867314101237753e-08
181 80 2.6076989456669253e-08
181 160 8.288726860428142e-08
181 240 1.1082659767680525e-07
181 320 1.0244544768056585e-08
181 400 0.0
182 0 5.755361485171306e-07
182 80 1.676379035586706e-08
182 160 1.5273541009719338e-07
182 240 9.582721531842253e-07
182 320 3.7252860352054995e-08
182 400 0.0
183 0 0.0
183 80 1.4936991874492378e-06
183 160 6.415139068849385e-06
183 240 4.656611984898973e-09
183 320 0.0
183 400 1.4901146982992941e-08
184 0 1.3410929966539697e-07
184 80 1.1175865566315224e-08
184 160 1.8626449271863521e-09
184 240 9.313225191043273e-10
184 320 6.621424404329446e-07
184 400 4.265340862730227e-07
185 0 4.656611540809763e-09
185 80 2.418270469206618e-06
185 160 2.6542417685959663e-07
185 240 0.0
185 320 0.0
185 400 2.654251716194267e-07
186 0 3.7252898543727042e-09
186 80 8.381901395182467e-09
186 160 2.142040500530129e-08
186 240 4.004682807590143e-08
186 320 2.2630815976754093e-07
186 400 6.519231021684391e-08
187 0 2.1315081539796665e-06
187 80 1.5273631959189515e-07
187 160 0.0
187 240 2.7939672797572257e-09
187 320 0.0
187 400 9.406309686710301e-08
188 0 7.450578820566989e-09
188 80 5.587934559514451e-09
188 160 3.063993005980592e-07
188 240 1.1138163245050237e-06
188 320 0.0
188 400 3.1305066841014195e-06
189 0 9.033787051748732e-08
189 80 3.5390222308251396e-08
189 160 0.0
189 240 3.7252894102834944e-09
189 320 9.313225191043273e-10
189 400 9.313225191043273e-10
190 0 2.4400296183557657e-07
190 80 5.796308869321365e-06
190 160 8.539928444406542e-07
190 240 3.2968327445814793e-07
190 320 3.63215235665848e-08
190 400 5.624985988106346e-07
191 0 0.0
191 80 4.563467115303865e-08
191 160 3.364145186424139e-06
191 240 4.74974015673979e-08
191 320 1.9108442756987642e-06
191 400 1.8626450382086546e-09
192 0 2.8497950665951066e-07
192 80 1.9743868051591562e-07
192 160 2.328295067854924e-07
192 240 4.935868673783261e-07
192 320 1.7229280047104112e-07
192 400 3.539018678111461e-08
193 0 0.0
193 80 2.7939672797572257e-09
193 160 9.313225191043273e-10
193 240 1.8998748885223904e-07
193 320 3.7252894102834944e-09
193 400 9.220050145586356e-08
194 0 0.0
194 80 6.61237820054339e-08
194 160 0.0
194 240 5.4016560113723244e-08
194 320 6.026145001669647e-06
194 400 2.7939672797572257e-09
195 0 8.58641101331159e-07
195 80 1.0690930594137171e-06
195 160 5.401652103387278e-08
195 240 2.6077010772951326e-08
195 320 6.612363279145939e-08
195 400 9.313221305262687e-09
196 0 0.0
196 80 7.338493901443144e-07
196 160 1.8626449271863521e-09
196 240 2.7939675018018306e-09
196 320 1.0523880433765953e-07
196 400 6.202362783369608e-07
197 0 5.531961505766958e-06
197 80 5.621339369099587e-06
197 160 2.2351424888711335e-07
197 240 1.8626450382086546e-09
197 320 1.3038506274654083e-08
197 400 0.0
198 0 1.0113619737239787e-06
198 80 1.8626449271863521e-09
198 160 1.136205298735149e-07
198 240 0.0
198 320 0.0
198 400 1.2776754374499433e-06
199 0 3.725248234331957e-07
199 80 6.1205287238408346e-06
199 160 0.0
199 240 1.590585156918678e-06
199 320 0.0
199 400 1.3800981832901016e-06
200 0 2.9149853730814357e-07
200 80 1.8626449271863521e-09
200 160 9.313225191043273e-10
200 240 0.0
200 320 2.7939672797572257e-09
200 400 1.0710138553804427e-07
201 0 5.36427364750125e-07
201 80 4.656612428988183e-09
201 160 5.587933671336032e-09
201 240 8.604946515333722e-07
201 320 2.041232392002712e-06
201 400 1.5832476663035777e-08
202 0 2.7939672797572257e-09
202 80 5.587933671336032e-09
202 160 0.0
202 240 3.539017612297357e-08
202 320 3.7252894102834944e-09
202 400 9.452354561290122e-07
203 0 1.0058246857624908e-07
203 80 0.0
203 160 1.1175863789958385e-08
203 240 0.0
203 320 9.313225191043273e-10
203 400 0.0
204 0 6.314111828942259e-07
204 80 0.0
204 160 5.17799037424993e-07
204 240 0.0
204 320 0.0
204 400 1.7881268377095694e-07
205 0 7.450545780329776e-08
205 80 9.527144584353664e-07
205 160 1.23112374694756e-06
205 240 1.4901156752955558e-08
205 320 9.313171034364132e-08
205 400 0.0
206 0 1.0896405910898466e-07
206 80 3.082623720729316e-07
206 160 4.991729269931966e-07
206 240 0.0
206 320 0.0
206 400 1.6484247566950216e-07
207 0 0.0
207 80 4.889290607934527e-07
207 160 1.4901146982992941e-08
207 240 1.7788057959933212e-07
207 320 3.3527559395452045e-08
207 400 1.0989531773475392e-07
208 0 2.8218565262250195e-07
208 80 0.0
208 160 2.7939672797572257e-09
208 240 0.0
208 320 2.9615773655677913e-07
208 400 1.3689242450709571e-06
209 0 0.0
209 80 7.087103313097032e-07
209 160 1.4714761675804766e-07
209 240 5.364233857108047e-07
209 320 2.7008326242139447e-08
209 400 4.656611984898973e-09
210 0 1.611171427384761e-07
210 80 7.4505792646561986e-09
210 160 5.831995622429531e-06
210 240 0.0
210 320 4.656611984898973e-09
210 400 8.38186409168884e-08
211 0 2.6076989456669253e-08
211 80 2.7939675018018306e-09
211 160 7.636807453081929e-08
211 240 5.114386567584006e-06
211 320 4.2094700347661274e-07
211 400 2.7939672797572257e-09
212 0 7.17115113957334e-08
212 80 6.51925624595151e-09
212 160 4.749731274955593e-08
212 240 4.228089949265268e-07
212 320 2.1420392570803415e-08
212 400 0.0
213 0 9.313225191043273e-10
213 80 1.3876582727334608e-07
213 160 3.0542084914486622e-06
213 240 1.8626449271863521e-09
213 320 1.58324731103221e-08
213 400 6.546943609464506e-07
214 0 3.7252894102834944e-09
214 80 1.8626449271863521e-09
214 160 3.204118456778815e-06
214 240 0.0
214 320 4.6192235458875075e-07
214 400 3.9580618249601685e-07
215 0 0.0
215 80 1.8626449271863521e-09
215 160 2.7939675018018306e-09
215 240 3.56692169134476e-07
215 320 8.661251627017919e-08
215 400 0.0
216 0 4.134966786750738e-07
216 80 2.6076991233026092e-08
216 160 1.8626450382086546e-09
216 240 3.3527555842738366e-08
216 320 5.801924203296949e-07
216 400 5.317677960192668e-07
217 0 1.2107183700038604e-08
217 80 1.583246778125158e-08
217 160 0.0
217 240 1.5123218872759026e-06
217 320 4.656599017494045e-08
217 400 9.313221305262687e-09
218 0 1.5553032994830573e-07
218 80 9.313220417084267e-09
218 160 0.0
218 240 0.0
218 320 0.0
218 400 0.0
219 0 2.542469133004488e-07
219 80 3.220808139303699e-06
219 160 8.661251627017919e-08
219 240 1.7695111154125698e-08
219 320 0.0
219 400 2.49590470957628e-07
220 0 8.009332930214441e-08
220 80 4.7497305644128573e-08
220 160 3.7252898543727042e-09
220 240 1.3969826184734302e-08
220 320 7.450561412269963e-08
220 400 3.7252894102834944e-09
221 0 2.599028221084154e-06
221 80 8.381898730647208e-09
221 160 5.774178646333894e-08
221 240 0.0
221 320 3.7252894102834944e-09
221 400 0.0
222 0 8.568135001496557e-08
222 80 3.7252894102834944e-09
222 160 2.7939672797572257e-09
222 240 1.0989533194560863e-07
222 320 1.510459924247698e-06
222 400 3.0267426609498216e-07
223 0 4.853509835811565e-06
223 80 0.0
223 160 6.146704834009142e-08
223 240 2.3283028838250175e-08
223 320 9.313225191043273e-10
223 400 3.9115498395858594e-08
224 0 6.146704834009142e-08
224 80 2.3934708792694437e-07
224 160 6.556282983183337e-07
224 240 0.0
224 320 2.97086245382161e-07
224 400 9.313172455449603e-08
225 0 7.450577044210149e-09
225 80 2.7939648816754925e-08
225 160 8.316267781083297e-07
225 240 1.6763797461294416e-08
225 320 6.5192553577730905e-09
225 400 1.303842225297558e-07
226 0 2.0489069996187936e-08
226 80 1.583246778125158e-08
226 160 1.4901146982992941e-08
226 240 1.9557749197929297e-08
226 320 2.6262856067660323e-07
226 400 0.0
227 0 0.0
227 80 8.381899618825628e-09
227 160 1.004847376862017e-06
227 240 1.0430777308556571e-07
227 320 0.0
227 400 5.252511527942261e-07
228 0 1.3038505386475663e-08
228 80 1.1175862901779965e-08
228 160 5.792649062641431e-07
228 240 1.0309142908226931e-06
228 320 3.259623326812289e-08
228 400 1.1640676120805438e-06
229 0 1.294534399676195e-07
229 80 6.4724861204013e-07
229 160 1.993016240930956e-07
229 240 9.313225191043273e-10
229 320 2.7042235615226673e-06
229 400 2.3283028838250175e-08
230 0 3.0733338007848943e-07
230 80 0.0
230 160 0.0
230 240 1.2107183700038604e-08
230 320 6.574915119017533e-07
230 400 0.0
231 0 1.8626449271863521e-09
231 80 0.0
231 160 2.421435851829301e-08
231 240 2.421435674193617e-08
231 320 0.0
231 400 6.426099474765579e-08
232 0 0.0
232 80 1.4249106072838913e-07
232 160 9.313225191043273e-10
232 240 2.7939672797572257e-09
232 320 1.567267418067786e-06
232 400 3.7252898543727042e-09
233 0 3.4178793839600985e-07
233 80 9.313225191043273e-10
233 160 7.859966899559367e-07
233 240 1.4901154088420299e-08
233 320 0.0
233 400 0.0
234 0 9.406304712911151e-08
234 80 1.592545402218093e-07
234 160 6.481750460807234e-07
234 240 2.2072049432608765e-07
234 320 3.725285324662764e-08
234 400 9.313225191043273e-10
235 0 1.098956730061218e-07
235 80 6.5192553577730905e-09
235 160 4.488619651965564e-06
235 240 6.416548785637133e-07
235 320 1.1687228607115685e-06
235 400 4.712357224434527e-07
236 0 9.313225191043273e-10
236 80 1.8626449271863521e-09
236 160 1.516057182016084e-06
236 240 8.288747466167479e-08
236 320 2.514531729502778e-07
236 400 0.0
237 0 2.300959295098437e-06
237 80 1.0635042144713225e-06
237 160 0.0
237 240 7.264284107577623e-08
237 320 2.235172580355993e-08
237 400 0.0
238 0 1.58324731103221e-08
238 80 8.390829862037208e-07
238 160 2.6262924279762956e-07
238 240 3.166490358808005e-08
238 320 1.1175862901779965e-08
238 400 4.218801734623412e-07
239 0 5.606360673482413e-07
239 80 9.313225191043273e-10
239 160 4.321075266489061e-06
239 240 0.0
239 320 1.9557752750642976e-08
239 400 1.0244541215342906e-08
240 0 2.7939643487684407e-08
240 80 5.587933671336032e-09
240 160 7.450577044210149e-09
240 240 2.430717245260894e-07
240 320 9.313225191043273e-10
240 400 4.628538192719134e-07
241 0 9.313225191043273e-10
241 80 6.053587497945045e-08
241 160 1.8626449271863521e-09
241 240 1.1827708590317343e-07
241 320 4.656611540809763e-09
241 400 3.8462951579276705e-07
242 0 1.2665897486385802e-07
242 80 9.313225191043273e-10
242 160 3.082617183736147e-07
242 240 0.0
242 320 1.9464413014702586e-07
242 400 0.0
243 0 1.8626449271863521e-09
243 80 1.8626449271863521e-09
243 160 2.2351443362822465e-07
243 240 8.362876542378217e-07
243 320 1.5272270275090705e-06
243 400 0.0
244 0 1.1175868230850483e-08
244 80 3.7252894102834944e-09
244 160 1.536674147928352e-07
244 240 4.889308229394373e-07
244 320 6.519119324366329e-07
244 400 0.0
245 0 1.2945329785907234e-07
245 80 3.11057590351993e-07
245 160 6.332967927846767e-08
245 240 3.7252898543727042e-09
245 320 4.516824958500365e-07
245 400 2.2351709816348375e-08
246 0 2.7939672797572257e-09
246 80 0.0
246 160 6.593485863959359e-07
246 240 2.7939627500472852e-08
246 320 6.705506905291259e-08
246 400 8.195599576765744e-08
247 0 3.6507017853182333e-07
247 80 1.1603417533478932e-06
247 160 4.09776021115249e-07
247 240 1.8626431952384337e-08
247 320 1.8626449271863521e-09
247 400 6.146709807808293e-08
248 0 1.8626449271863521e-09
248 80 0.0
248 160 1.2107185476395443e-08
248 240 5.950943204879877e-07
248 320 3.2502481417395757e-07
248 400 0.0
249 0 0.0
249 80 0.0
249 160 9.313225191043273e-10
249 240 2.4214369176434047e-08
249 320 6.695923389088421e-07
249 400 5.895078061257664e-07
250 0 5.978908461656829e-07
250 80 6.89176218315879e-08
250 160 4.004676767976889e-08
250 240 3.9301130527746864e-07
250 320 1.3038505386475663e-08
250 400 0.0
251 0 5.215400022962058e-08
251 80 1.019740238916711e-06
251 160 5.224572987572174e-07
251 240 2.1128851130924886e-06
251 320 3.1757454621583747e-07
251 400 1.8626449271863521e-09
252 0 8.847528931710258e-08
252 80 1.8626449271863521e-09
252 160 6.5192553577730905e-09
252 240 5.587934559514451e-09
252 320 1.7695116483196216e-08
252 400 0.0
253 0 1.8626450382086546e-09
253 80 3.539017612297357e-08
253 160 1.7695112930482537e-08
253 240 1.8626449271863521e-09
253 320 4.656611984898973e-09
253 400 2.7939672797572257e-09
254 0 1.741556587830928e-07
254 80 8.791369054961251e-07
254 160 1.564609846127496e-07
254 240 2.7939627500472852e-08
254 320 1.8626440834168534e-08
254 400 0.0
255 0 5.587933671336032e-09
255 80 8.568136422582029e-08
255 160 0.0
255 240 0.0
255 320 9.313225191043273e-10
255 400 6.51925624595151e-09
256 0 3.7252894102834944e-09
256 80 4.470336634199157e-08
256 160 2.467974979936116e-07
256 240 4.656611984898973e-09
256 320 0.0
256 400 0.0
257 0 0.0
257 80 6.798634188953656e-08
257 160 2.7939675018018306e-09
257 240 2.7939672797572257e-09
257 320 0.0
257 400 1.0244542991699745e-08
258 0 5.96044316125699e-08
258 80 2.7939672797572257e-09
258 160 2.318973031378846e-07
258 240 2.831172309925023e-07
258 320 1.967646994671668e-06
258 400 0.0
259 0 6.919538009242387e-07
259 80 9.313220417084267e-09
259 160 2.2351709816348375e-08
259 240 0.0
259 320 2.7939672797572257e-09
259 400 1.9557752750642976e-08
260 0 1.9371381654309516e-07
260 80 0.0
260 160 0.0
260 240 1.084915425053623e-06
260 320 0.0
260 400 5.3085205564684657e-08
261 0 0.0
261 80 1.0719004421844147e-06
261 160 4.656611540809763e-09
261 240 1.285214636936871e-07
261 320 1.0989566590069444e-07
261 400 4.034381163364742e-06
262 0 2.700831380764157e-08
262 80 1.0188400665356312e-06
262 160 6.51925669004072e-09
262 240 9.768963309397805e-07
262 320 1.1548345923984016e-07
262 400 0.0
263 0 1.8626449271863521e-09
263 80 6.0254797062953e-07
263 160 3.9115466421435485e-08
263 240 2.5145668658410614e-08
263 320 3.6321537777439517e-08
263 400 0.0
264 0 1.3521776054403745e-06
264 80 1.8626449271863521e-09
264 160 1.2758314369420987e-06
264 240 9.313225191043273e-10
264 320 4.656611540809763e-09
264 400 9.313220417084267e-09
265 0 2.7939672797572257e-09
265 80 6.51925669004072e-09
265 160 2.7939672797572257e-09
265 240 5.354958716452529e-07
265 320 1.8626449271863521e-09
