1 0.4756818284421587 0.8599
2 0.2670249981063007 0.9231666666666667
3 0.2225190926748298 0.9369166666666666
4 0.19473643318168135 0.94535
5 0.17488455877248157 0.9511166666666667
6 0.15934010519624264 0.9562666666666667
7 0.1466427957817817 0.96035
8 0.13631001076718638 0.9627833333333333
9 0.12729740091986746 0.96535
10 0.11950692842637044 0.96765
11 0.11267248816740538 0.9691
12 0.10646159463186762 0.97085
13 0.10106565221063872 0.9725166666666667
14 0.09596747926462179 0.9743166666666667
15 0.0915222056686624 0.9756333333333334
16 0.08737734899020144 0.9768333333333333
17 0.08369739272836238 0.9781
18 0.08011808893931255 0.9788833333333333
19 0.07679204697579717 0.9799333333333333
20 0.0738381273698991 0.9810666666666666
21 0.07094891916221774 0.9819166666666667
22 0.06835108739671422 0.9827833333333333
23 0.0659462553399331 0.9833333333333333
24 0.06355851246858202 0.9842666666666666
25 0.061304083896248834 0.9847833333333333
26 0.05929056745665923 0.9853333333333333
27 0.057357963893427524 0.9857666666666667
28 0.05545850624360128 0.98605
29 0.053743764948743236 0.9867333333333334
30 0.052045953195931305 0.9874666666666667
31 0.050451880350693076 0.98785
32 0.04889581215454698 0.9883666666666666
33 0.047346441678877575 0.98875
34 0.045882122809571754 0.9892833333333333
35 0.0447044129163694 0.9895833333333334
36 0.04339799397130574 0.9899833333333333
37 0.04216753441427372 0.9903833333333333
38 0.04107839993234954 0.99085
39 0.03982199122434232 0.9911333333333333
40 0.038812131881078425 0.9914666666666667
41 0.03775502143622334 0.9918833333333333
42 0.036797493481750425 0.992
43 0.03574429444674808 0.99255
44 0.034874265618336356 0.99275
45 0.03399785177539915 0.9931
46 0.03311267925370762 0.9934333333333333
47 0.03228688174322533 0.9935833333333334
48 0.03146164426937509 0.9938166666666667
49 0.030709990501793016 0.9939333333333333
50 0.029954511899628174 0.9940666666666667
51 0.02924003039321888 0.99445
52 0.028520381608322612 0.9946
53 0.02782470231025871 0.9949166666666667
54 0.02719266851569639 0.9950333333333333
55 0.026544505194115487 0.9955
56 0.025978798341593827 0.9954666666666667
57 0.025340902487010653 0.9956666666666667
58 0.024781399585211326 0.9958333333333333
59 0.02427328459676236 0.9960333333333333
60 0.023667247328502155 0.9962333333333333
61 0.023185171311530573 0.9963
62 0.022664757162483454 0.9966
63 0.022239637949358997 0.9966
64 0.021713380317594896 0.9968
65 0.02127335316984098 0.9970166666666667
66 0.02082146324122003 0.9971
67 0.02037998128221678 0.9972166666666666
68 0.019954725572748033 0.99725
69 0.019521318325427358 0.9975166666666667
70 0.019157748895762827 0.9974833333333334
71 0.018762354262427353 0.9975166666666667
72 0.018414485697219495 0.9977666666666667
73 0.017981032119082935 0.99785
74 0.017701523495651385 0.9978666666666667
75 0.017351519346221297 0.998
76 0.01703568753142998 0.9979833333333333
77 0.01673843705160881 0.9979833333333333
78 0.016395992342271466 0.9982166666666666
79 0.016092401955511048 0.9982166666666666
80 0.015801423384166603 0.99825
81 0.015490624839181838 0.9983833333333333
82 0.015200036508378699 0.9985
83 0.014947422523933178 0.99855
84 0.014683605502369497 0.9986
85 0.014429428414113994 0.9986666666666667
86 0.014182574481073854 0.9987333333333334
87 0.013911971660044941 0.9988166666666667
88 0.013693067053559303 0.9988666666666667
89 0.013467721478231172 0.9988166666666667
90 0.01321848560331155 0.9988833333333333
91 0.013003401675704383 0.99905
92 0.012809533487334213 0.9990666666666667
93 0.012594887711254677 0.9990333333333333
94 0.012381725173109948 0.9991166666666667
95 0.01217873060086897 0.9992
96 0.012003431150785037 0.9992
97 0.011804158489571325 0.9992833333333333
98 0.011628008731551516 0.9993333333333333
99 0.01146253475299808 0.99935
100 0.0112590347967748 0.9993333333333333
101 0.011093654445430109 0.9993166666666666
102 0.010928538954084013 0.9994166666666666
103 0.010758495060051842 0.9994
104 0.010607703870384773 0.9994166666666666
105 0.010458495490737497 0.9994333333333333
106 0.010278891212543223 0.9994333333333333
107 0.010153626757505129 0.9994666666666666
108 0.01001594766333048 0.9995
109 0.009854723862223407 0.9995333333333334
110 0.009708021962538615 0.9995
111 0.009561789558896585 0.9995
112 0.009449041742426374 0.9995833333333334
113 0.009313160383295434 0.9995666666666667
114 0.00918640540505666 0.9996166666666667
115 0.0090611391385068 0.9995666666666667
116 0.008945610800158304 0.99965
117 0.008823971682563742 0.9996166666666667
118 0.00870509007409501 0.9996333333333334
119 0.008586127397371952 0.9996833333333334
120 0.008465282628928292 0.9996666666666667
121 0.008387449124494373 0.9996666666666667
122 0.00826794560055441 0.99975
123 0.008151626907912558 0.9997
124 0.008060508211061898 0.9997166666666667
125 0.00797000308253014 0.9997166666666667
126 0.007855143923777093 0.9997333333333334
127 0.007750115976897257 0.99975
128 0.007667214837052357 0.9997666666666667
129 0.007563151872413023 0.9997833333333334
130 0.007483849356046268 0.9997666666666667
131 0.007389348732041461 0.9998
132 0.007318931384764707 0.9997666666666667
133 0.007220148395594043 0.9997666666666667
134 0.00712685636790799 0.9998
135 0.0070458330032326325 0.9998
136 0.006964667118154466 0.9998166666666667
137 0.006881417318143999 0.9998166666666667
138 0.006799346237415587 0.9998166666666667
139 0.006728562948379372 0.9998333333333334
140 0.0066536174673062845 0.9998
141 0.006583417139039921 0.9998166666666667
142 0.00650858695654552 0.9998166666666667
143 0.006434215283863294 0.99985
144 0.00635303204073938 0.9998333333333334
145 0.006300609589600042 0.9998833333333333
146 0.0062269020707968045 0.9998666666666667
147 0.006160005541103306 0.99985
148 0.0060996260836041335 0.9998666666666667
149 0.006026741350069642 0.9999
150 0.005963356730573848 0.9999333333333333
151 0.005899037580504251 0.9999333333333333
152 0.0058496694456833575 0.9999333333333333
153 0.005786647955859219 0.9999166666666667
154 0.005729380840642144 0.9999333333333333
155 0.005666271395939611 0.9999666666666667
156 0.0056088397181086515 0.9999166666666667
157 0.005555401828739721 0.9999333333333333
158 0.005495528769947446 0.99995
159 0.005451883984926238 0.99995
160 0.005384712865494732 0.99995
161 0.005344137098880481 0.99995
162 0.005287875486006623 0.99995
163 0.005237868119990314 0.99995
164 0.005186572107972938 0.99995
165 0.005131223402830011 0.9999666666666667
166 0.00509113450072952 0.9999666666666667
167 0.005039586720224629 0.99995
168 0.004998259096424272 0.99995
169 0.0049478951163951365 0.9999666666666667
170 0.004903285849545556 0.9999666666666667
171 0.004860219909056926 0.9999666666666667
172 0.004814948731743451 0.9999666666666667
173 0.00476665753198029 0.9999666666666667
174 0.004721741145129191 0.9999666666666667
175 0.004688583944650141 0.9999666666666667
176 0.004641835534099196 0.9999666666666667
177 0.004603354577426868 0.9999666666666667
178 0.004565597304067553 0.9999666666666667
179 0.004522306329162637 0.9999666666666667
180 0.004486550921266442 0.9999666666666667
181 0.004450017275826843 0.9999666666666667
182 0.004408340380494314 0.9999666666666667
183 0.004375950565739378 0.9999666666666667
184 0.0043374145341945735 0.9999666666666667
185 0.004301031697978343 0.9999666666666667
186 0.004263218671484575 0.9999666666666667
187 0.004229646559848365 0.9999666666666667
188 0.004196081140852058 0.9999666666666667
189 0.0041642972498512594 0.9999666666666667
190 0.004129967815217885 0.9999666666666667
191 0.004094343833766305 0.9999666666666667
192 0.004060709394508604 0.9999833333333333
193 0.0040287680825643515 0.9999833333333333
194 0.004001871908832191 0.9999833333333333
195 0.003967643103950512 0.9999833333333333
196 0.003931385513121036 0.9999833333333333
197 0.003906451947570069 0.9999833333333333
198 0.0038690126511200804 1.0
199 0.0038521418607096744 0.9999833333333333
200 0.0038177507321612396 0.9999833333333333
201 0.003789775080478458 1.0
202 0.0037611126987837445 1.0
203 0.003737872952832652 0.9999833333333333
204 0.0037022492720999683 1.0
205 0.0036779374658896615 1.0
206 0.003654288344590593 1.0
207 0.0036212334293685457 1.0
208 0.0035969269046657233 1.0
209 0.003568473487108477 1.0
210 0.003548965438642402 0.9999833333333333
211 0.0035201535712349723 1.0
212 0.003495139960469658 1.0
213 0.0034738663890049545 1.0
214 0.003446416187806051 1.0
215 0.0034192704845335026 1.0
216 0.0034005777600821037 1.0
217 0.003375038764238961 1.0
218 0.00335178763478069 1.0
219 0.0033312828857392104 1.0
220 0.0033073879256874305 1.0
221 0.003286999342134044 1.0
222 0.003263685935443001 1.0
223 0.0032417053161417323 1.0
224 0.003220712202591206 1.0
225 0.0031971690399613954 1.0
226 0.00317811760484233 1.0
227 0.003156094473284254 1.0
228 0.0031371634670231403 1.0
229 0.0031160071141211622 1.0
230 0.0030948927898807868 1.0
231 0.0030763626246572114 1.0
232 0.0030561363166158417 1.0
233 0.0030383932309151727 1.0
234 0.0030184245008333865 1.0
235 0.003000499113951363 1.0
236 0.002981927468012502 1.0
237 0.0029636277681413187 1.0
238 0.002941776799082236 1.0
239 0.002926495459515538 1.0
240 0.002906550596312268 1.0
241 0.0028888599493844644 1.0
242 0.0028735817620294418 1.0
243 0.002854833262476093 1.0
244 0.0028382542258652767 1.0
245 0.0028216100193863944 1.0
246 0.0028017986469518847 1.0
247 0.0027891902304165114 1.0
248 0.002769427850619326 1.0
249 0.002753739658150393 1.0
250 0.002738977994656623 1.0
251 0.0027234092880256853 1.0
252 0.002708212322511299 1.0
253 0.002693787105068731 1.0
254 0.002675829076720501 1.0
255 0.0026605812527898598 1.0
256 0.0026475036584301544 1.0
257 0.002631299377137076 1.0
258 0.00261700939638282 1.0
259 0.002601033841162475 1.0
260 0.0025874222747918002 1.0
261 0.002572058112859956 1.0
262 0.002558791699798416 1.0
263 0.002544925301901694 1.0
264 0.002531966163358812 1.0
265 0.0025159674216317994 1.0
266 0.002504484429493793 1.0
267 0.0024895799384245885 1.0
268 0.002474278054718397 1.0
269 0.0024626478531719572 1.0
270 0.0024502013287723444 1.0
271 0.0024355205249657896 1.0
272 0.0024235953184922956 1.0
273 0.00241202930907415 1.0
274 0.0023992279672802592 1.0
275 0.002383388259432225 1.0
276 0.0023740039855889134 1.0
277 0.002361756574952288 1.0
278 0.0023489473193366605 1.0
279 0.002338235393905742 1.0
280 0.002324178455092672 1.0
281 0.002313082511879321 1.0
282 0.002299448617099564 1.0
283 0.0022899543126570438 1.0
284 0.002277598706762126 1.0
285 0.002264946651484158 1.0
286 0.002256291149842388 1.0
287 0.002243909184813007 1.0
288 0.0022327029527272227 1.0
289 0.0022200813557558467 1.0
290 0.002209470670140072 1.0
291 0.002198819356507806 1.0
292 0.0021879185816577906 1.0
293 0.0021759212221965185 1.0
294 0.002167512260871117 1.0
295 0.0021576878592632076 1.0
296 0.002146320934814494 1.0
