1 0 3.1680877208709717
1 80 0.5169216394424438
1 160 0.3861893117427826
1 240 0.3325265049934387
1 320 0.2766757011413574
1 400 0.377779483795166
2 0 0.22222523391246796
2 80 0.2593979239463806
2 160 0.2767157256603241
2 240 0.2703569531440735
2 320 0.20400942862033844
2 400 0.2987982928752899
3 0 0.21249692142009735
3 80 0.17867597937583923
3 160 0.1548149585723877
3 240 0.1056700348854065
3 320 0.26081782579421997
3 400 0.20958814024925232
4 0 0.11932837218046188
4 80 0.13336239755153656
4 160 0.1964005082845688
4 240 0.16342338919639587
4 320 0.22613129019737244
4 400 0.17513993382453918
5 0 0.1576850265264511
5 80 0.15474653244018555
5 160 0.104093536734581
5 240 0.15299226343631744
5 320 0.20476031303405762
5 400 0.2451324760913849
6 0 0.1601419895887375
6 80 0.128458172082901
6 160 0.1460772156715393
6 240 0.17477045953273773
6 320 0.09291497617959976
6 400 0.2232857048511505
7 0 0.19773522019386292
7 80 0.13278132677078247
7 160 0.2448938637971878
7 240 0.31830254197120667
7 320 0.11230235546827316
7 400 0.06193942949175835
8 0 0.12830592691898346
8 80 0.122601717710495
8 160 0.18825340270996094
8 240 0.11277401447296143
8 320 0.13269656896591187
8 400 0.05487123131752014
9 0 0.11873941868543625
9 80 0.14777027070522308
9 160 0.2601732313632965
9 240 0.14365825057029724
9 320 0.13856041431427002
9 400 0.07947730273008347
10 0 0.13210000097751617
10 80 0.0553663931787014
10 160 0.16116541624069214
10 240 0.12136499583721161
10 320 0.1941680908203125
10 400 0.09862983971834183
11 0 0.0598025918006897
11 80 0.06202852353453636
11 160 0.10220993310213089
11 240 0.10646498203277588
11 320 0.13019204139709473
11 400 0.06882288306951523
12 0 0.12963645160198212
12 80 0.10087057203054428
12 160 0.04830346256494522
12 240 0.07187771052122116
12 320 0.07220558822154999
12 400 0.08014789968729019
13 0 0.10546227544546127
13 80 0.15088248252868652
13 160 0.10963483154773712
13 240 0.09150556474924088
13 320 0.09693197906017303
13 400 0.21170921623706818
14 0 0.11834708601236343
14 80 0.06065462529659271
14 160 0.13522817194461823
14 240 0.08983136713504791
14 320 0.08548328280448914
14 400 0.05379323661327362
15 0 0.08339286595582962
15 80 0.03889865428209305
15 160 0.0687466710805893
15 240 0.0786532312631607
15 320 0.04120095819234848
15 400 0.13858574628829956
16 0 0.0859958603978157
16 80 0.03591499850153923
16 160 0.1358259916305542
16 240 0.07474879175424576
16 320 0.06479575484991074
16 400 0.059712715446949005
17 0 0.05359569191932678
17 80 0.055802103132009506
17 160 0.05237656086683273
17 240 0.058206308633089066
17 320 0.05656708776950836
17 400 0.08227522671222687
18 0 0.07121700793504715
18 80 0.10087408125400543
18 160 0.09647650271654129
18 240 0.05068396404385567
18 320 0.07008840143680573
18 400 0.06835293024778366
19 0 0.07711263746023178
19 80 0.14109711349010468
19 160 0.05625491589307785
19 240 0.06190620735287666
19 320 0.09864271432161331
19 400 0.06221368536353111
20 0 0.07039959728717804
20 80 0.12972033023834229
20 160 0.0912696048617363
20 240 0.10384397953748703
20 320 0.047002486884593964
20 400 0.05632100626826286
21 0 0.10316576063632965
21 80 0.0730147510766983
21 160 0.029106713831424713
21 240 0.045754268765449524
21 320 0.05980055406689644
21 400 0.09284690022468567
22 0 0.07235262542963028
22 80 0.044208332896232605
22 160 0.0619855560362339
22 240 0.15764430165290833
22 320 0.0491875596344471
22 400 0.13316024839878082
23 0 0.07007589191198349
23 80 0.05462491512298584
23 160 0.08017873018980026
23 240 0.15872114896774292
23 320 0.06112676113843918
23 400 0.032546382397413254
24 0 0.045342572033405304
24 80 0.09403133392333984
24 160 0.03778839856386185
24 240 0.054949045181274414
24 320 0.09536105394363403
24 400 0.0607827790081501
25 0 0.035907384008169174
25 80 0.041539646685123444
25 160 0.05258403718471527
25 240 0.06424017250537872
25 320 0.035762373358011246
25 400 0.12632648646831512
26 0 0.03224148973822594
26 80 0.061850108206272125
26 160 0.032546546310186386
26 240 0.05948964133858681
26 320 0.025211745873093605
26 400 0.06021736562252045
27 0 0.08198392391204834
27 80 0.04209080711007118
27 160 0.07452365756034851
27 240 0.06806690245866776
27 320 0.04997938871383667
27 400 0.047833409160375595
28 0 0.12385079264640808
28 80 0.0409817099571228
28 160 0.0539916455745697
28 240 0.03843666613101959
28 320 0.05914954096078873
28 400 0.05522287264466286
29 0 0.06315691769123077
29 80 0.06900456547737122
29 160 0.11447953432798386
29 240 0.049655672162771225
29 320 0.023921657353639603
29 400 0.028978215530514717
30 0 0.02761092595756054
30 80 0.052480362355709076
30 160 0.02933705411851406
30 240 0.07761580497026443
30 320 0.04205626621842384
30 400 0.052710406482219696
31 0 0.10785361379384995
31 80 0.027230238541960716
31 160 0.05090513080358505
31 240 0.04566599428653717
31 320 0.053022876381874084
31 400 0.11081250756978989
32 0 0.04870208725333214
32 80 0.020560868084430695
32 160 0.021532081067562103
32 240 0.05454458296298981
32 320 0.020530685782432556
32 400 0.034640923142433167
33 0 0.03396720066666603
33 80 0.07291033864021301
33 160 0.06629117578268051
33 240 0.05082797631621361
33 320 0.03140563517808914
33 400 0.04261942207813263
34 0 0.0525507926940918
34 80 0.025188347324728966
34 160 0.0284237340092659
34 240 0.0447414368391037
34 320 0.06865320354700089
34 400 0.04199463874101639
35 0 0.017290420830249786
35 80 0.07131325453519821
35 160 0.06175911799073219
35 240 0.050095248967409134
35 320 0.058770257979631424
35 400 0.026065818965435028
36 0 0.030820773914456367
36 80 0.04146473482251167
36 160 0.023154165595769882
36 240 0.0455641932785511
36 320 0.034819912165403366
36 400 0.05841195955872536
37 0 0.06236346438527107
37 80 0.07060160487890244
37 160 0.051487844437360764
37 240 0.047904737293720245
37 320 0.05007241293787956
37 400 0.06572148203849792
38 0 0.022718649357557297
38 80 0.034920841455459595
38 160 0.029985545203089714
38 240 0.04162546619772911
38 320 0.030254311859607697
38 400 0.01926242560148239
39 0 0.019949762150645256
39 80 0.033808596432209015
39 160 0.03388293832540512
39 240 0.05120958760380745
39 320 0.030408550053834915
39 400 0.10023453831672668
40 0 0.05458797141909599
40 80 0.0505397729575634
40 160 0.04104232043027878
40 240 0.03940156102180481
40 320 0.04886704683303833
40 400 0.018691960722208023
41 0 0.02103179134428501
41 80 0.025661202147603035
41 160 0.03681695833802223
41 240 0.056192655116319656
41 320 0.04412999749183655
41 400 0.05762265995144844
42 0 0.03571594879031181
42 80 0.018249958753585815
42 160 0.017898788675665855
42 240 0.031287964433431625
42 320 0.08106602728366852
42 400 0.01730167679488659
43 0 0.03193630650639534
43 80 0.039793580770492554
43 160 0.01987948641180992
43 240 0.035085588693618774
43 320 0.03327977657318115
43 400 0.016150014474987984
44 0 0.04906126484274864
44 80 0.0568351075053215
44 160 0.02788756787776947
44 240 0.031376052647829056
44 320 0.04575083777308464
44 400 0.04184206202626228
45 0 0.019494380801916122
45 80 0.06582281738519669
45 160 0.046200767159461975
45 240 0.01794828660786152
45 320 0.03582166135311127
45 400 0.019642561674118042
46 0 0.032143618911504745
46 80 0.02539212815463543
46 160 0.041368961334228516
46 240 0.038604430854320526
46 320 0.03530533239245415
46 400 0.07152359932661057
47 0 0.02435034140944481
47 80 0.024785548448562622
47 160 0.024206126108765602
47 240 0.029917078092694283
47 320 0.043906789273023605
47 400 0.055518437176942825
48 0 0.02777906320989132
48 80 0.021852415055036545
48 160 0.04220006987452507
48 240 0.021796295419335365
48 320 0.03347354754805565
48 400 0.017150739207863808
49 0 0.06025327742099762
49 80 0.054513756185770035
49 160 0.019681980833411217
49 240 0.022624684497714043
49 320 0.0313752144575119
49 400 0.018079213798046112
50 0 0.03285207226872444
50 80 0.03188253194093704
50 160 0.03734801337122917
50 240 0.009975912980735302
50 320 0.024691686034202576
50 400 0.03622109815478325
51 0 0.01093222200870514
51 80 0.03432436287403107
51 160 0.029118604958057404
51 240 0.05243796482682228
51 320 0.0315280444920063
51 400 0.030008690431714058
52 0 0.011265985667705536
52 80 0.022368108853697777
52 160 0.02157142013311386
52 240 0.04746057093143463
52 320 0.038436852395534515
52 400 0.020390590652823448
53 0 0.02205125242471695
53 80 0.03572628274559975
53 160 0.019209017977118492
53 240 0.02426568791270256
53 320 0.04252243414521217
53 400 0.017514480277895927
54 0 0.026759807020425797
54 80 0.02406371757388115
54 160 0.037444837391376495
54 240 0.03023407980799675
54 320 0.036078471690416336
54 400 0.010179041884839535
55 0 0.015233094803988934
55 80 0.02463545836508274
55 160 0.018410809338092804
55 240 0.022237256169319153
55 320 0.01909528113901615
55 400 0.02448357082903385
56 0 0.033596303313970566
56 80 0.019774211570620537
56 160 0.017507420852780342
56 240 0.0410839207470417
56 320 0.021255357190966606
56 400 0.02045411802828312
57 0 0.03149280697107315
57 80 0.029498297721147537
57 160 0.02345162257552147
57 240 0.016261082142591476
57 320 0.009371348656713963
57 400 0.02424841746687889
58 0 0.01976619102060795
58 80 0.029540210962295532
58 160 0.020735841244459152
58 240 0.018877875059843063
58 320 0.01846259832382202
58 400 0.01888669654726982
59 0 0.05511235073208809
59 80 0.03210899233818054
59 160 0.03512110188603401
59 240 0.01245410181581974
59 320 0.042738769203424454
59 400 0.023691894486546516
60 0 0.023079290986061096
60 80 0.023754321038722992
60 160 0.029216034337878227
60 240 0.01735304668545723
60 320 0.04656656086444855
60 400 0.01592659018933773
61 0 0.016748497262597084
61 80 0.00816784892231226
61 160 0.012614898383617401
61 240 0.013820708729326725
61 320 0.11812395602464676
61 400 0.027308719232678413
62 0 0.011561481282114983
62 80 0.032776929438114166
62 160 0.020703811198472977
62 240 0.06057793274521828
62 320 0.014722180552780628
62 400 0.012772902846336365
63 0 0.014423614367842674
63 80 0.014493665657937527
63 160 0.011572002433240414
63 240 0.036018483340740204
63 320 0.021292470395565033
63 400 0.015002764761447906
64 0 0.021769940853118896
64 80 0.021351123228669167
64 160 0.015432414598762989
64 240 0.017641877755522728
64 320 0.014617839828133583
64 400 0.04532909393310547
65 0 0.006922807078808546
65 80 0.014527538791298866
65 160 0.020670467987656593
65 240 0.023933127522468567
65 320 0.016419414430856705
65 400 0.034914255142211914
66 0 0.02119608037173748
66 80 0.014825941994786263
66 160 0.015369920991361141
66 240 0.015323781408369541
66 320 0.022067394107580185
66 400 0.013350148685276508
67 0 0.022918879985809326
67 80 0.014910121448338032
67 160 0.01767265610396862
67 240 0.012737984769046307
67 320 0.03065311722457409
67 400 0.02042541652917862
68 0 0.016361763700842857
68 80 0.014416906051337719
68 160 0.009780014865100384
68 240 0.019738085567951202
68 320 0.013704340904951096
68 400 0.009193639270961285
69 0 0.0058946069329977036
69 80 0.035150788724422455
69 160 0.03068877011537552
69 240 0.01368061825633049
69 320 0.013407825492322445
69 400 0.02615266852080822
70 0 0.005305283237248659
70 80 0.014344301074743271
70 160 0.016174977645277977
70 240 0.020159156993031502
70 320 0.011585232801735401
70 400 0.009621216915547848
71 0 0.025438185781240463
71 80 0.024138513952493668
71 160 0.011757628060877323
71 240 0.01753438636660576
71 320 0.01487059611827135
71 400 0.011754903942346573
72 0 0.021201802417635918
72 80 0.013148819096386433
72 160 0.017888955771923065
72 240 0.08618669956922531
72 320 0.004716517403721809
72 400 0.0247072521597147
73 0 0.028530145063996315
73 80 0.01753949373960495
73 160 0.012568432837724686
73 240 0.022477881982922554
73 320 0.009264974854886532
73 400 0.016831034794449806
74 0 0.019743360579013824
74 80 0.010554907843470573
74 160 0.02183462865650654
74 240 0.012819821015000343
74 320 0.016948116943240166
74 400 0.024929257109761238
75 0 0.015492785722017288
75 80 0.019172171130776405
75 160 0.015574009157717228
75 240 0.01946381852030754
75 320 0.020762979984283447
75 400 0.01733400858938694
76 0 0.015304284170269966
76 80 0.015515352599322796
76 160 0.021739134564995766
76 240 0.01478845439851284
76 320 0.011846000328660011
76 400 0.011765293776988983
77 0 0.0077973329462111
77 80 0.008517988957464695
77 160 0.012139135971665382
77 240 0.023959416896104813
77 320 0.021870670840144157
77 400 0.006159286014735699
78 0 0.009872009977698326
78 80 0.01949630305171013
78 160 0.008590965531766415
78 240 0.015831032767891884
78 320 0.04967482388019562
78 400 0.02117762714624405
79 0 0.01334340125322342
79 80 0.009069755673408508
79 160 0.017929257825016975
79 240 0.025544142350554466
79 320 0.013603657484054565
79 400 0.01574326492846012
80 0 0.018078533932566643
80 80 0.016881372779607773
80 160 0.02592667005956173
80 240 0.010234950110316277
80 320 0.016297077760100365
80 400 0.017202915623784065
81 0 0.0029450668953359127
81 80 0.017398236319422722
81 160 0.01984001323580742
81 240 0.010615847073495388
81 320 0.0233619287610054
81 400 0.012004298157989979
82 0 0.022214923053979874
82 80 0.014457114040851593
82 160 0.008773266337811947
82 240 0.009919916279613972
82 320 0.00892701093107462
82 400 0.021702511236071587
83 0 0.10384605079889297
83 80 0.015821760520339012
83 160 0.010631310753524303
83 240 0.009730781428515911
83 320 0.018907222896814346
83 400 0.010906144976615906
84 0 0.007653158623725176
84 80 0.030514271929860115
84 160 0.009277500212192535
84 240 0.01197903510183096
84 320 0.012069657444953918
84 400 0.014583566226065159
85 0 0.011062812060117722
85 80 0.015410236082971096
85 160 0.010559293441474438
85 240 0.010652562603354454
85 320 0.014720804989337921
85 400 0.009243965148925781
86 0 0.007817436940968037
86 80 0.02692924439907074
86 160 0.008537998422980309
86 240 0.01622839644551277
86 320 0.019368959590792656
86 400 0.04650253802537918
87 0 0.010042878799140453
87 80 0.004637561738491058
87 160 0.014474255032837391
87 240 0.007654757238924503
87 320 0.010568534024059772
87 400 0.0132290069013834
88 0 0.012115332297980785
88 80 0.025145692750811577
88 160 0.008687916211783886
88 240 0.010802452452480793
88 320 0.02072305791079998
88 400 0.018676787614822388
89 0 0.00872540008276701
89 80 0.015071532689034939
89 160 0.009727489203214645
89 240 0.00926080159842968
89 320 0.021395916119217873
89 400 0.014099366031587124
90 0 0.01512119174003601
90 80 0.007007062900811434
90 160 0.005331742577254772
90 240 0.01796584390103817
90 320 0.012635328806936741
90 400 0.012105444446206093
91 0 0.008112047798931599
91 80 0.009472067467868328
91 160 0.010526585392653942
91 240 0.010615653358399868
91 320 0.009845083579421043
91 400 0.01739382930099964
92 0 0.014624047093093395
92 80 0.013942359946668148
92 160 0.010368116199970245
92 240 0.014358491636812687
92 320 0.009814324788749218
92 400 0.012179434299468994
93 0 0.015864059329032898
93 80 0.016493696719408035
93 160 0.012386413291096687
93 240 0.00936033297330141
93 320 0.008864110335707664
93 400 0.006294098682701588
94 0 0.01032066810876131
94 80 0.006253160536289215
94 160 0.015657532960176468
94 240 0.027812795713543892
94 320 0.013789867050945759
94 400 0.010079366154968739
95 0 0.0057997144758701324
95 80 0.01585381291806698
95 160 0.007833129726350307
95 240 0.011253160424530506
95 320 0.018106698989868164
95 400 0.010070287622511387
96 0 0.011810573749244213
96 80 0.010910856537520885
96 160 0.01046188548207283
96 240 0.020424650982022285
96 320 0.007277645170688629
96 400 0.012176573276519775
97 0 0.007118912413716316
97 80 0.02485058829188347
97 160 0.009142267517745495
97 240 0.01802196353673935
97 320 0.011622891761362553
97 400 0.010155836120247841
98 0 0.004581560380756855
98 80 0.005254285875707865
98 160 0.009823022410273552
98 240 0.005991367623209953
98 320 0.009779920801520348
98 400 0.008110820315778255
99 0 0.013655925169587135
99 80 0.010308831930160522
99 160 0.007742546033114195
99 240 0.007997365668416023
99 320 0.013803155161440372
99 400 0.010926175862550735
100 0 0.015192169696092606
100 80 0.008219066075980663
100 160 0.013560778461396694
100 240 0.022626740857958794
100 320 0.007120318245142698
100 400 0.008667925372719765
101 0 0.014404208399355412
101 80 0.007656045723706484
101 160 0.00655223848298192
101 240 0.008186083287000656
101 320 0.00927650835365057
101 400 0.007648072671145201
102 0 0.009100467897951603
102 80 0.016020577400922775
102 160 0.013460843823850155
102 240 0.008496169932186604
102 320 0.008787428960204124
102 400 0.006286587566137314
103 0 0.02368377335369587
103 80 0.013519569300115108
103 160 0.0819031223654747
103 240 0.009624708443880081
103 320 0.006854646373540163
103 400 0.007854938507080078
104 0 0.0033945103641599417
104 80 0.0056799654848873615
104 160 0.014143392443656921
104 240 0.019471479579806328
104 320 0.006928210612386465
104 400 0.00731684360653162
105 0 0.010629285126924515
105 80 0.01382208988070488
105 160 0.006665050983428955
105 240 0.002207155805081129
105 320 0.006037574261426926
105 400 0.010876628570258617
106 0 0.008827568963170052
106 80 0.008649424649775028
106 160 0.006058718543499708
106 240 0.01377112790942192
106 320 0.0033474471420049667
106 400 0.011227384209632874
107 0 0.005597274284809828
107 80 0.011250137351453304
107 160 0.01023960392922163
107 240 0.011388376355171204
107 320 0.017007267102599144
107 400 0.018494661897420883
108 0 0.007336606737226248
108 80 0.008574429899454117
108 160 0.016260074451565742
108 240 0.006636922713369131
108 320 0.006221959833055735
108 400 0.005247445777058601
109 0 0.00968317873775959
109 80 0.0076955147087574005
109 160 0.007148828823119402
109 240 0.0075834388844668865
109 320 0.008359898813068867
109 400 0.010727225802838802
110 0 0.011557593941688538
110 80 0.006676997523754835
110 160 0.006424521096050739
110 240 0.0050942846573889256
110 320 0.007965006865561008
110 400 0.014150917530059814
111 0 0.002571995835751295
111 80 0.019855156540870667
111 160 0.007557678502053022
111 240 0.010107327252626419
111 320 0.012206309475004673
111 400 0.025297928601503372
112 0 0.009618033654987812
112 80 0.022168919444084167
112 160 0.004681153688579798
112 240 0.01007291954010725
112 320 0.0752675011754036
112 400 0.012286310084164143
113 0 0.011282183229923248
113 80 0.009465684182941914
113 160 0.012991797178983688
113 240 0.0059316628612577915
113 320 0.006721440702676773
113 400 0.020726921036839485
114 0 0.015239808708429337
114 80 0.006683576852083206
114 160 0.012580682523548603
114 240 0.013755298219621181
114 320 0.013945911079645157
114 400 0.00780980009585619
115 0 0.009755211882293224
115 80 0.005353398621082306
115 160 0.012241583317518234
115 240 0.010839193128049374
115 320 0.008606980554759502
115 400 0.008014009334146976
116 0 0.011271963827311993
116 80 0.007382404059171677
116 160 0.007595092058181763
116 240 0.013112618587911129
116 320 0.008268311619758606
116 400 0.011486231349408627
117 0 0.007860483601689339
117 80 0.010554439388215542
117 160 0.005737599916756153
117 240 0.005292105954140425
117 320 0.016978921368718147
117 400 0.0029105879366397858
118 0 0.004933520685881376
118 80 0.006417060736566782
118 160 0.01103562954813242
118 240 0.0114826038479805
118 320 0.00753491185605526
118 400 0.016201628372073174
119 0 0.002115186769515276
119 80 0.0050431168638169765
119 160 0.005298325791954994
119 240 0.004522754345089197
119 320 0.009047040715813637
119 400 0.004979441408067942
120 0 0.0028210668824613094
120 80 0.003552522510290146
120 160 0.012100466527044773
120 240 0.0043953778222203255
120 320 0.0038574596401304007
120 400 0.006896385457366705
121 0 0.007895572111010551
121 80 0.0064187743701040745
121 160 0.006552477367222309
121 240 0.007827009074389935
121 320 0.005737603176385164
121 400 0.006390150170773268
122 0 0.0053931972943246365
122 80 0.01022610068321228
122 160 0.003471421543508768
122 240 0.006945811677724123
122 320 0.008827487006783485
122 400 0.00427484605461359
123 0 0.010135676711797714
123 80 0.008642027154564857
123 160 0.007381569128483534
123 240 0.0035665712784975767
123 320 0.012485522776842117
123 400 0.009977671317756176
124 0 0.01168923731893301
124 80 0.010692449286580086
124 160 0.006224884185940027
124 240 0.008407649584114552
124 320 0.005745576228946447
124 400 0.005763696972280741
125 0 0.01435966044664383
125 80 0.0041738576255738735
125 160 0.004682118538767099
125 240 0.009132632054388523
125 320 0.010140564292669296
125 400 0.010323368944227695
126 0 0.0035679107531905174
126 80 0.00698217423632741
126 160 0.012582674622535706
126 240 0.007166372612118721
126 320 0.005837761331349611
126 400 0.005742093548178673
127 0 0.0070375981740653515
127 80 0.012003105133771896
127 160 0.00702763581648469
127 240 0.005336425732821226
127 320 0.0103963203728199
127 400 0.007147029507905245
128 0 0.011344650760293007
128 80 0.00982610136270523
128 160 0.00944703258574009
128 240 0.011019228957593441
128 320 0.007933751679956913
128 400 0.004808422178030014
129 0 0.014939856715500355
129 80 0.0038565744180232286
129 160 0.00809973943978548
129 240 0.007924207486212254
129 320 0.011353679932653904
129 400 0.0066799623891711235
130 0 0.0036909847985953093
130 80 0.005019476171582937
130 160 0.0046485308557748795
130 240 0.007940159179270267
130 320 0.004603116307407618
130 400 0.004342682659626007
131 0 0.0037237650249153376
131 80 0.008035813458263874
131 160 0.00824109185487032
131 240 0.00819054339081049
131 320 0.00948726199567318
131 400 0.006396295502781868
132 0 0.009665930643677711
132 80 0.005933847278356552
132 160 0.006711066700518131
132 240 0.003596098627895117
132 320 0.006147919688373804
132 400 0.007292984053492546
133 0 0.008524656295776367
133 80 0.00806418526917696
133 160 0.007423564791679382
133 240 0.004670236259698868
133 320 0.004928683862090111
133 400 0.009088177233934402
134 0 0.008521286770701408
134 80 0.009330187924206257
134 160 0.011149197816848755
134 240 0.003501124680042267
134 320 0.007660744711756706
134 400 0.006214424502104521
135 0 0.008709581568837166
135 80 0.004756794311106205
135 160 0.0075041428208351135
135 240 0.005653098691254854
135 320 0.007427218370139599
135 400 0.005503451451659203
136 0 0.003239493351429701
136 80 0.011002158746123314
136 160 0.004539474844932556
136 240 0.007457334082573652
136 320 0.006324242800474167
136 400 0.004175289534032345
137 0 0.010513409040868282
137 80 0.005330108106136322
137 160 0.009206742979586124
137 240 0.0054317316971719265
137 320 0.006181675475090742
137 400 0.007344266399741173
138 0 0.007283475250005722
138 80 0.006021869368851185
138 160 0.00519162742421031
138 240 0.006072397343814373
138 320 0.007550057023763657
138 400 0.006672418676316738
139 0 0.004310066811740398
139 80 0.004815415013581514
139 160 0.009024794213473797
139 240 0.0037906577344983816
139 320 0.006065123714506626
139 400 0.006733139511197805
140 0 0.004796904046088457
140 80 0.00281868246383965
140 160 0.0031532463617622852
140 240 0.003754156408831477
140 320 0.005104959476739168
140 400 0.005387538578361273
141 0 0.004252963233739138
141 80 0.006918754894286394
141 160 0.00768579076975584
141 240 0.003076388966292143
141 320 0.00820690393447876
141 400 0.010961240157485008
142 0 0.006332556251436472
142 80 0.005026914644986391
142 160 0.008084559813141823
142 240 0.005116100888699293
142 320 0.005687254946678877
142 400 0.006106924265623093
143 0 0.0060837771743535995
143 80 0.010008170269429684
143 160 0.008794911205768585
143 240 0.006300600245594978
143 320 0.007599376607686281
143 400 0.007428268436342478
144 0 0.005716520361602306
144 80 0.008082111366093159
144 160 0.007347550243139267
144 240 0.005952456966042519
144 320 0.007976826280355453
144 400 0.015065519139170647
145 0 0.007306400220841169
145 80 0.006493338383734226
145 160 0.005329878535121679
145 240 0.003559576813131571
145 320 0.005084465257823467
145 400 0.005464218091219664
146 0 0.008659412153065205
146 80 0.005214431788772345
146 160 0.003075038781389594
146 240 0.006932332646101713
146 320 0.0026712510734796524
146 400 0.008782611228525639
147 0 0.010108417831361294
147 80 0.007660635747015476
147 160 0.007260048761963844
147 240 0.005611157510429621
147 320 0.0050794933922588825
147 400 0.0020103708375245333
148 0 0.007249305956065655
148 80 0.0032408132683485746
148 160 0.015766968950629234
148 240 0.004366623237729073
148 320 0.005774704273790121
148 400 0.004594256170094013
149 0 0.008432146161794662
149 80 0.0057886866852641106
149 160 0.002631385810673237
149 240 0.002873289631679654
149 320 0.002907889662310481
149 400 0.00468632485717535
150 0 0.0053534661419689655
150 80 0.006592429243028164
150 160 0.008342835120856762
150 240 0.004176049027591944
150 320 0.0066125900484621525
150 400 0.004935803357511759
151 0 0.004098600707948208
151 80 0.0023900670930743217
151 160 0.008253052830696106
151 240 0.0049083903431892395
151 320 0.007527150679379702
151 400 0.011612599715590477
152 0 0.004789633210748434
152 80 0.0049071041867136955
152 160 0.010714801028370857
152 240 0.004861872177571058
152 320 0.0022152476012706757
152 400 0.005945111159235239
153 0 0.0039774710312485695
153 80 0.007132207043468952
153 160 0.007119121495634317
153 240 0.0035631926730275154
153 320 0.005209581460803747
153 400 0.00754880765452981
154 0 0.005293761380016804
154 80 0.0053499420173466206
154 160 0.030211076140403748
154 240 0.00519209261983633
154 320 0.00687581580132246
154 400 0.01074403990060091
155 0 0.007650700397789478
155 80 0.012213367037475109
155 160 0.002601624932140112
155 240 0.004249110817909241
155 320 0.006218008231371641
155 400 0.0031841322779655457
156 0 0.006199706345796585
156 80 0.0040473188273608685
156 160 0.005545631516724825
156 240 0.009111684747040272
156 320 0.002811231417581439
156 400 0.002146398415789008
157 0 0.003957625012844801
157 80 0.0075250715017318726
157 160 0.005304146092385054
157 240 0.010072573088109493
157 320 0.004330625757575035
157 400 0.007350176107138395
158 0 0.007259190082550049
158 80 0.0030436194501817226
158 160 0.005978220608085394
158 240 0.003934933338314295
158 320 0.004694539122283459
158 400 0.004771067760884762
159 0 0.004207279067486525
159 80 0.004439936950802803
159 160 0.008834218606352806
159 240 0.004881879780441523
159 320 0.0036500508431345224
159 400 0.003788509638980031
160 0 0.005014990456402302
160 80 0.003250057576224208
160 160 0.005683849565684795
160 240 0.004614844918251038
160 320 0.007203675340861082
160 400 0.0026747395750135183
161 0 0.009192278608679771
161 80 0.004858506377786398
161 160 0.004582962486892939
161 240 0.004266322590410709
161 320 0.004233184270560741
161 400 0.003286620369181037
162 0 0.0022797235287725925
162 80 0.004764898214489222
162 160 0.004890096839517355
162 240 0.003234344534575939
162 320 0.004832637961953878
162 400 0.0060234409756958485
163 0 0.0061364686116576195
163 80 0.008440615609288216
163 160 0.00714133819565177
163 240 0.00942391436547041
163 320 0.009944625198841095
163 400 0.00502418540418148
164 0 0.004534491337835789
164 80 0.003949601203203201
164 160 0.00483709154650569
164 240 0.004858142696321011
164 320 0.010757677257061005
164 400 0.00465389946475625
165 0 0.005278328899294138
165 80 0.006557731423527002
165 160 0.005676964297890663
165 240 0.004876844584941864
165 320 0.004720538388937712
165 400 0.003563891164958477
166 0 0.002764615463092923
166 80 0.007230217102915049
166 160 0.004730961751192808
166 240 0.002650622511282563
166 320 0.004465047735720873
166 400 0.004170435015112162
167 0 0.003303589764982462
167 80 0.0060117850080132484
167 160 0.004062789026647806
167 240 0.004458805546164513
167 320 0.007598499767482281
167 400 0.0018291930900886655
168 0 0.003493607509881258
168 80 0.006668674759566784
168 160 0.004989938344806433
168 240 0.0023123323917388916
168 320 0.004606762435287237
168 400 0.00437520956620574
169 0 0.002714217873290181
169 80 0.0027873737271875143
169 160 0.003035430097952485
169 240 0.0036869249306619167
169 320 0.004973008297383785
169 400 0.0038791929837316275
170 0 0.0013254344230517745
170 80 0.006801816634833813
170 160 0.003997232764959335
170 240 0.004683470819145441
170 320 0.005156325176358223
170 400 0.004083584062755108
171 0 0.004168422892689705
171 80 0.0055671860463917255
171 160 0.005438550375401974
171 240 0.003048134036362171
171 320 0.005905277095735073
171 400 0.009525910951197147
172 0 0.00544798094779253
172 80 0.003773842938244343
172 160 0.003657622030004859
172 240 0.006472657434642315
172 320 0.004682497587054968
172 400 0.004898487590253353
173 0 0.004177064634859562
173 80 0.0056433710269629955
173 160 0.004013086669147015
173 240 0.005072924308478832
173 320 0.0047009047120809555
173 400 0.004980639088898897
174 0 0.0070368703454732895
174 80 0.0044388677924871445
174 160 0.003699258901178837
174 240 0.006214420311152935
174 320 0.0034399223513901234
174 400 0.004717746749520302
175 0 0.0039013877976685762
175 80 0.004638228565454483
175 160 0.004268466029316187
175 240 0.006646682508289814
175 320 0.004835089668631554
175 400 0.0035883488599210978
176 0 0.0047499253414571285
176 80 0.007794520352035761
176 160 0.003295741742476821
176 240 0.0040227994322776794
176 320 0.004099933430552483
176 400 0.00781437661498785
177 0 0.004132803995162249
177 80 0.0033984093461185694
177 160 0.007105106022208929
177 240 0.0028614834882318974
177 320 0.006788210477679968
177 400 0.004134621005505323
178 0 0.004677559714764357
178 80 0.005502260755747557
178 160 0.006718536373227835
178 240 0.004086943343281746
178 320 0.006545700132846832
178 400 0.004063596483319998
179 0 0.004873477388173342
179 80 0.003794977441430092
179 160 0.0045348661951720715
179 240 0.004112104885280132
179 320 0.003291310044005513
179 400 0.0041452026925981045
180 0 0.003838340751826763
180 80 0.003994299098849297
180 160 0.0026679816655814648
180 240 0.0019261727575212717
180 320 0.005667645949870348
180 400 0.008629878051578999
181 0 0.0015800761757418513
181 80 0.0040606968104839325
181 160 0.004326370544731617
181 240 0.0037638770882040262
181 320 0.007442459464073181
181 400 0.005042879842221737
182 0 0.0025210899766534567
182 80 0.005784416571259499
182 160 0.0036925014574080706
182 240 0.005232667084783316
182 320 0.0020757787860929966
182 400 0.008193577639758587
183 0 0.006269610952585936
183 80 0.0029680535662919283
183 160 0.0017082102131098509
183 240 0.0025086815003305674
183 320 0.0048584588803350925
183 400 0.006718344520777464
184 0 0.006244291085749865
184 80 0.0027479296550154686
184 160 0.00438655586913228
184 240 0.005079052411019802
184 320 0.0026568572502583265
184 400 0.004476234782487154
185 0 0.005058581940829754
185 80 0.004244842566549778
185 160 0.009842419065535069
185 240 0.0037125011440366507
185 320 0.0030679446645081043
185 400 0.0038574952632188797
186 0 0.004412483889609575
186 80 0.002992488443851471
186 160 0.0024718462955206633
186 240 0.0027780383825302124
186 320 0.0034653323236852884
186 400 0.0048781828954815865
187 0 0.004466261249035597
187 80 0.0036020197439938784
187 160 0.005505130160599947
187 240 0.00398469902575016
187 320 0.0047598471865057945
187 400 0.0016066021053120494
188 0 0.006444423459470272
188 80 0.002554017584770918
188 160 0.004950407426804304
188 240 0.004545837175101042
188 320 0.0046513560228049755
188 400 0.00480158906430006
189 0 0.0033762953244149685
189 80 0.003211101982742548
189 160 0.004187899641692638
189 240 0.004337831400334835
189 320 0.002908458700403571
189 400 0.003453901968896389
190 0 0.002637050813063979
190 80 0.0015945180784910917
190 160 0.0016613148618489504
190 240 0.0046263388358056545
190 320 0.003401490394026041
190 400 0.003955180756747723
191 0 0.010669701732695103
191 80 0.0034141354262828827
191 160 0.0043744235299527645
191 240 0.0011472629848867655
191 320 0.003001735545694828
191 400 0.00539653142914176
192 0 0.004572140518575907
192 80 0.006122724153101444
192 160 0.003591621993109584
192 240 0.003541266545653343
192 320 0.004451542627066374
192 400 0.002778457710519433
193 0 0.0035025037359446287
193 80 0.0024643954820930958
193 160 0.0028250839095562696
193 240 0.004907827824354172
193 320 0.0016706761671230197
193 400 0.003162280423566699
194 0 0.0055555724538862705
194 80 0.001634232117794454
194 160 0.004904485773295164
194 240 0.002835451625287533
194 320 0.004445651080459356
194 400 0.0026019064243882895
195 0 0.004160594195127487
195 80 0.0038725135382264853
195 160 0.0029080985113978386
195 240 0.002172201406210661
195 320 0.00582190603017807
195 400 0.0029033382888883352
196 0 0.004226704128086567
196 80 0.004657946061342955
196 160 0.0031539613846689463
196 240 0.0036937238182872534
196 320 0.0033955674152821302
196 400 0.004083249717950821
197 0 0.005340394098311663
197 80 0.002545766532421112
197 160 0.003086601383984089
197 240 0.0018814961658790708
197 320 0.008367431350052357
197 400 0.007173714693635702
198 0 0.005347284022718668
198 80 0.005705925635993481
198 160 0.007126769050955772
198 240 0.0037618065252900124
198 320 0.004074864089488983
198 400 0.0024674669839441776
199 0 0.005772537551820278
199 80 0.003928296267986298
199 160 0.00391444843262434
199 240 0.004295563790947199
199 320 0.005756693426519632
199 400 0.004920790903270245
200 0 0.0034291367046535015
200 80 0.005803695414215326
200 160 0.0057539488188922405
200 240 0.00616231095045805
200 320 0.0023576030507683754
200 400 0.003192663425579667
201 0 0.0031449338421225548
201 80 0.0015092361718416214
201 160 0.0025226075667887926
201 240 0.0023386282846331596
201 320 0.0017044285777956247
201 400 0.004370727110654116
202 0 0.0028704172000288963
202 80 0.004584491718560457
202 160 0.002867852570489049
202 240 0.006094006355851889
202 320 0.0021945317275822163
202 400 0.003761367639526725
203 0 0.003682331647723913
203 80 0.0034674101043492556
203 160 0.00376936630345881
203 240 0.0025084957014769316
203 320 0.004094274714589119
203 400 0.0036412880290299654
204 0 0.003658449975773692
204 80 0.004443599376827478
204 160 0.002589021809399128
204 240 0.004044706933200359
204 320 0.005365293938666582
204 400 0.004961903672665358
205 0 0.001784718013368547
205 80 0.002985222265124321
205 160 0.0024774393532425165
205 240 0.006493300199508667
205 320 0.004663845524191856
205 400 0.002132715657353401
206 0 0.0023843904491513968
206 80 0.0055453781969845295
206 160 0.0034798304550349712
206 240 0.0021384023129940033
206 320 0.004468616098165512
206 400 0.0024758372455835342
207 0 0.0033006814774125814
207 80 0.0032487811986356974
207 160 0.005565928295254707
207 240 0.006004431750625372
207 320 0.004098072182387114
207 400 0.0031959516927599907
208 0 0.0026879780925810337
208 80 0.002398071810603142
208 160 0.004755818285048008
208 240 0.002313597360625863
208 320 0.0035958390217274427
208 400 0.0058866324834525585
209 0 0.005421196576207876
209 80 0.003196418285369873
209 160 0.0020170132629573345
209 240 0.002906457521021366
209 320 0.0039504338055849075
209 400 0.0021069119684398174
210 0 0.005570842418819666
210 80 0.0027162109035998583
210 160 0.0013746871845796704
210 240 0.002640374004840851
210 320 0.006039794534444809
210 400 0.0026660305447876453
211 0 0.00698399031534791
211 80 0.0016507613472640514
211 160 0.0029352426063269377
211 240 0.0026344184298068285
211 320 0.0026119775138795376
211 400 0.001072507118806243
212 0 0.0031111252028495073
212 80 0.0078018722124397755
212 160 0.0017979734111577272
212 240 0.00569448946043849
212 320 0.0027781594544649124
212 400 0.0033479013945907354
213 0 0.0026366044767200947
213 80 0.0027893991209566593
213 160 0.003392011858522892
213 240 0.001290084677748382
213 320 0.0023716373834758997
213 400 0.005179522559046745
214 0 0.002827333053573966
214 80 0.0035841651260852814
214 160 0.004302336368709803
214 240 0.002345861867070198
214 320 0.002165315905585885
214 400 0.004465900827199221
215 0 0.003976958803832531
215 80 0.0035081906244158745
215 160 0.007954562082886696
215 240 0.005395905114710331
215 320 0.0028671224135905504
215 400 0.0027698916383087635
216 0 0.0022692393977195024
216 80 0.0051240622997283936
216 160 0.0069255162961781025
216 240 0.0037704294081777334
216 320 0.0018599495524540544
216 400 0.0018273054156452417
217 0 0.004404301755130291
217 80 0.0018289778381586075
217 160 0.002093183808028698
217 240 0.0018857420654967427
217 320 0.003296364564448595
217 400 0.0023000368382781744
218 0 0.003978030756115913
218 80 0.0027889178600162268
218 160 0.00306260515935719
218 240 0.004625936504453421
218 320 0.0019350224174559116
218 400 0.00256391242146492
219 0 0.0014619659632444382
219 80 0.0024334797635674477
219 160 0.0015524730551987886
219 240 0.004425644874572754
219 320 0.004685062449425459
219 400 0.002249361015856266
220 0 0.002824604045599699
220 80 0.0046072048135101795
220 160 0.001977453473955393
220 240 0.0028804647736251354
220 320 0.004298257641494274
220 400 0.003405979136005044
221 0 0.0019539010245352983
221 80 0.0021651643328368664
221 160 0.003053459106013179
221 240 0.0018364088609814644
221 320 0.0024681093636900187
221 400 0.0049914526753127575
222 0 0.0021258373744785786
222 80 0.00474658515304327
222 160 0.00535781541839242
222 240 0.002216483000665903
222 320 0.004109370522201061
222 400 0.002313098404556513
223 0 0.004257928114384413
223 80 0.0038530705496668816
223 160 0.00345044513233006
223 240 0.006818070076406002
223 320 0.003985259216278791
223 400 0.0023010335862636566
224 0 0.0020393356680870056
224 80 0.0031017230357974768
224 160 0.003990919329226017
224 240 0.007327241823077202
224 320 0.0035393775906413794
224 400 0.003809930058196187
225 0 0.005089102778583765
225 80 0.002055190969258547
225 160 0.004647321067750454
225 240 0.001368128345347941
225 320 0.0029794438742101192
225 400 0.0030817275401204824
226 0 0.0018301642267033458
226 80 0.0023278649896383286
226 160 0.0029880590736865997
226 240 0.005018267780542374
226 320 0.0028115790337324142
226 400 0.0061114453710615635
227 0 0.0028017477598041296
227 80 0.0040831184014678
227 160 0.005598886404186487
227 240 0.002588536823168397
227 320 0.0017588576301932335
227 400 0.0020717999432235956
228 0 0.003907423932105303
228 80 0.003254860872402787
228 160 0.003240537364035845
228 240 0.0018538390286266804
228 320 0.0025092195719480515
228 400 0.0023952184710651636
229 0 0.002755026565864682
229 80 0.0015044088941067457
229 160 0.0021557442378252745
229 240 0.0015712417662143707
229 320 0.0018000758718699217
229 400 0.0017335948068648577
230 0 0.003684092778712511
230 80 0.0023248102515935898
230 160 0.0034452651161700487
230 240 0.0022251408081501722
230 320 0.002782451454550028
230 400 0.002769486978650093
231 0 0.0026944982819259167
231 80 0.00523787084966898
231 160 0.001672612503170967
231 240 0.003877397160977125
231 320 0.0025351811200380325
231 400 0.0033153346739709377
232 0 0.0019018406746909022
232 80 0.004656586330384016
232 160 0.0013662271667271852
232 240 0.004001849330961704
232 320 0.0037759009283035994
232 400 0.0018184043001383543
233 0 0.0019890412222594023
233 80 0.001352338120341301
233 160 0.0020856030751019716
233 240 0.001294262707233429
233 320 0.0032554734498262405
233 400 0.0010264788288623095
234 0 0.0015434462111443281
234 80 0.003222114872187376
234 160 0.0037579648196697235
234 240 0.003237929195165634
234 320 0.005324373487383127
234 400 0.002920148428529501
235 0 0.004806114360690117
235 80 0.0014733343850821257
235 160 0.001946610282175243
235 240 0.003070511156693101
235 320 0.0046617635525763035
235 400 0.0035907698329538107
236 0 0.003377479501068592
236 80 0.0026949476450681686
236 160 0.0026123225688934326
236 240 0.003668279619887471
236 320 0.002551669254899025
236 400 0.0030658754985779524
237 0 0.0024659147020429373
237 80 0.0029246031772345304
237 160 0.004837680142372847
237 240 0.005124575924128294
237 320 0.0023340971674770117
237 400 0.0011498138774186373
238 0 0.002693425165489316
238 80 0.004319589585065842
238 160 0.0015818874817341566
238 240 0.0026016768533736467
238 320 0.0018187948735430837
238 400 0.0013412211555987597
239 0 0.0034648810978978872
239 80 0.0024491571821272373
239 160 0.002797521650791168
239 240 0.003312328364700079
239 320 0.0047957757487893105
239 400 0.0037826793268322945
240 0 0.0025869642850011587
240 80 0.0022786976769566536
240 160 0.0028697478119283915
240 240 0.007907447405159473
240 320 0.0021944239269942045
240 400 0.002404331462457776
241 0 0.0019654857460409403
241 80 0.004441415891051292
241 160 0.003354917513206601
241 240 0.003005294594913721
241 320 0.0065276832319796085
241 400 0.004675715230405331
242 0 0.001836008159443736
242 80 0.0035251600202172995
242 160 0.0040282621048390865
242 240 0.0037215740885585546
242 320 0.0014132772339507937
242 400 0.006312503479421139
243 0 0.0010625245049595833
243 80 0.002792462706565857
243 160 0.0071533843874931335
243 240 0.0012710256269201636
243 320 0.002606193535029888
243 400 0.002930334536358714
244 0 0.0013824948109686375
244 80 0.0023723437916487455
244 160 0.0031173271127045155
244 240 0.0032478903885930777
244 320 0.001687580836005509
244 400 0.007378744892776012
245 0 0.002398303709924221
245 80 0.004045320209115744
245 160 0.0026102224364876747
245 240 0.0033322558738291264
245 320 0.002445454243570566
245 400 0.0035951919853687286
246 0 0.0019942419603466988
246 80 0.00338621623814106
246 160 0.0015609303954988718
246 240 0.0018316106870770454
246 320 0.0018363248091191053
246 400 0.003566720988601446
247 0 0.004017253872007132
247 80 0.0013402311597019434
247 160 0.005480450112372637
247 240 0.0010260468116030097
247 320 0.0025436822324991226
247 400 0.0031547043472528458
248 0 0.0025877137668430805
248 80 0.0010916334576904774
248 160 0.002785451477393508
248 240 0.0007667954196222126
248 320 0.004121909849345684
248 400 0.001266030827537179
249 0 0.0015472987433895469
249 80 0.0018732770113274455
249 160 0.0012949190568178892
249 240 0.002982183126732707
249 320 0.0028420225717127323
249 400 0.0039378684014081955
250 0 0.003048819489777088
250 80 0.0030072659719735384
250 160 0.003096874337643385
250 240 0.003237963654100895
250 320 0.0030389230232685804
250 400 0.003179703839123249
251 0 0.002473558532074094
251 80 0.004316050559282303
251 160 0.0049691046588122845
251 240 0.0033497121185064316
251 320 0.0037347516044974327
251 400 0.002355623757466674
252 0 0.002045801840722561
252 80 0.0013547850539907813
252 160 0.0025501565542072058
252 240 0.002398005686700344
252 320 0.0036406228318810463
252 400 0.0024708418641239405
253 0 0.0029733385890722275
253 80 0.004302449524402618
253 160 0.0035181245766580105
253 240 0.0013324973406270146
253 320 0.0020651540253311396
253 400 0.0029483952093869448
254 0 0.004263866692781448
254 80 0.002775553846731782
254 160 0.001789419911801815
254 240 0.0036742566153407097
254 320 0.003244632389396429
254 400 0.003723923582583666
255 0 0.0037044368218630552
255 80 0.002615942619740963
255 160 0.003247574670240283
255 240 0.002480386523529887
255 320 0.0025896145962178707
255 400 0.0030417919624596834
256 0 0.0027369267772883177
256 80 0.0020636990666389465
256 160 0.0010080593638122082
256 240 0.0021451199427247047
256 320 0.002454118337482214
256 400 0.003599235089495778
257 0 0.0032451145816594362
257 80 0.0011584920575842261
257 160 0.001784718711860478
257 240 0.002302275039255619
257 320 0.002464016666635871
257 400 0.0028785213362425566
258 0 0.0008988974150270224
258 80 0.002739889780059457
258 160 0.0038082057144492865
258 240 0.0033701984211802483
258 320 0.0019534025341272354
258 400 0.0045784953981637955
259 0 0.002379754791036248
259 80 0.003404479008167982
259 160 0.0013119461946189404
259 240 0.002837849548086524
259 320 0.0034420767333358526
259 400 0.0020245073828846216
260 0 0.0035248775966465473
260 80 0.001732204807922244
260 160 0.002397037111222744
260 240 0.0018723657121881843
260 320 0.0021738549694418907
260 400 0.0012931422097608447
261 0 0.0021546920761466026
261 80 0.0049658711068332195
261 160 0.0016104681417346
261 240 0.0042401449754834175
261 320 0.000628895650152117
261 400 0.001975814811885357
262 0 0.002311201300472021
262 80 0.0017205304466187954
262 160 0.0032504387199878693
262 240 0.0017658276483416557
262 320 0.0023069651797413826
262 400 0.005315784830600023
263 0 0.00147074437700212
263 80 0.002676816191524267
263 160 0.002169055864214897
263 240 0.0031796167604625225
263 320 0.0037922640331089497
263 400 0.0025049468968063593
264 0 0.005104484036564827
264 80 0.0032410412095487118
264 160 0.0028480645269155502
264 240 0.0028312483336776495
264 320 0.00310906651429832
264 400 0.0024338802322745323
265 0 0.0010010784026235342
265 80 0.0028613789472728968
265 160 0.0015647681429982185
265 240 0.0023147999309003353
265 320 0.0025180564261972904
265 400 0.002224447438493371
266 0 0.0025604041293263435
266 80 0.005180585663765669
266 160 0.0030121980234980583
266 240 0.002097861375659704
266 320 0.0021273349411785603
266 400 0.0023332200944423676
267 0 0.0026539270766079426
267 80 0.0015354463830590248
267 160 0.003750548465177417
267 240 0.00339217740111053
267 320 0.001841958612203598
267 400 0.0035019987262785435
268 0 0.0009055890259332955
268 80 0.002187086036428809
268 160 0.0015980384778231382
268 240 0.002832799917086959
268 320 0.0022878488525748253
268 400 0.00165116460993886
269 0 0.0038713603280484676
269 80 0.0021532163955271244
269 160 0.001660898793488741
269 240 0.0013121453812345862
269 320 0.00479368818923831
269 400 0.0022956770844757557
270 0 0.0009511000826023519
270 80 0.0012806009035557508
270 160 0.002938450314104557
270 240 0.0007803976186551154
270 320 0.004558058455586433
270 400 0.0029990440234541893
271 0 0.0010154367191717029
271 80 0.0013152876636013389
271 160 0.003295640926808119
271 240 0.0020894245244562626
271 320 0.002318876562640071
271 400 0.0016612191684544086
272 0 0.002038371516391635
272 80 0.0018111696699634194
272 160 0.002009976888075471
272 240 0.002024449873715639
272 320 0.002384273335337639
272 400 0.0007921228534542024
273 0 0.001983070746064186
273 80 0.002665514824911952
273 160 0.003631318686529994
273 240 0.003661875845864415
273 320 0.002130052074790001
273 400 0.0022625408601015806
274 0 0.002897885162383318
274 80 0.0022656519431620836
274 160 0.003098656190559268
274 240 0.0021182892378419638
274 320 0.002367082517594099
274 400 0.002539300825446844
275 0 0.002487551188096404
275 80 0.0013317610137164593
275 160 0.0030193112324923277
275 240 0.002789061050862074
275 320 0.002275811741128564
275 400 0.0021465420722961426
276 0 0.0017548735486343503
276 80 0.0015122063923627138
276 160 0.002171059139072895
276 240 0.0015042470768094063
276 320 0.0022415148559957743
276 400 0.002616290468722582
277 0 0.0013364756014198065
277 80 0.0023000389337539673
277 160 0.002721203723922372
277 240 0.0028098116163164377
277 320 0.001904407050460577
277 400 0.0014208729844540358
278 0 0.0019546851981431246
278 80 0.00419754208996892
278 160 0.0014290624530985951
278 240 0.0013310594949871302
278 320 0.002473518718034029
278 400 0.0020064243581146
279 0 0.002071988070383668
279 80 0.0030730573926120996
279 160 0.0015724668046459556
279 240 0.00256860489025712
279 320 0.0032418398186564445
279 400 0.002474207663908601
280 0 0.0026694810949265957
280 80 0.002335791941732168
280 160 0.0018811593763530254
280 240 0.002260055625811219
280 320 0.0018955627456307411
280 400 0.003205177839845419
281 0 0.004169292747974396
281 80 0.003981679677963257
281 160 0.00283860694617033
281 240 0.003103228285908699
281 320 0.0021036851685494184
281 400 0.0012124625500291586
282 0 0.0041738939471542835
282 80 0.0014568791957572103
282 160 0.003469175426289439
282 240 0.0016895872540771961
282 320 0.0030266621615737677
282 400 0.0015065959887579083
283 0 0.001846208586357534
283 80 0.0023775624576956034
283 160 0.003508609486743808
283 240 0.0013429897371679544
283 320 0.0018126413924619555
283 400 0.0022741856519132853
284 0 0.0019722001161426306
284 80 0.00216024206019938
284 160 0.0013701716670766473
284 240 0.001571830129250884
284 320 0.0013151465682312846
284 400 0.0011529126204550266
285 0 0.002392370952293277
285 80 0.0028051091358065605
285 160 0.0010260591516271234
285 240 0.002305024303495884
285 320 0.002972659654915333
285 400 0.002271506004035473
286 0 0.0029946411959826946
286 80 0.0017757064197212458
286 160 0.0017597404075786471
286 240 0.0022561748046427965
286 320 0.003170924261212349
286 400 0.002793835010379553
287 0 0.0021103143226355314
287 80 0.002645446453243494
287 160 0.002861529588699341
287 240 0.00233653886243701
287 320 0.0021144140046089888
287 400 0.002370079979300499
288 0 0.0011624398175626993
288 80 0.001753710675984621
288 160 0.0032709715887904167
288 240 0.0014657392166554928
288 320 0.002398404758423567
288 400 0.0015704608522355556
289 0 0.0017109275795519352
289 80 0.0021861286368221045
289 160 0.002103206003084779
289 240 0.0024305132683366537
289 320 0.0013865138171240687
289 400 0.0015074325492605567
290 0 0.002248866017907858
290 80 0.0022829973604530096
290 160 0.0028960846830159426
290 240 0.0022114671301096678
290 320 0.002557651838287711
290 400 0.0016680113039910793
291 0 0.0010585269192233682
291 80 0.000604666187427938
291 160 0.0013162122340872884
291 240 0.00294124917127192
291 320 0.0032041098456829786
291 400 0.002094763796776533
292 0 0.002576522994786501
292 80 0.0031872871331870556
292 160 0.0029414230957627296
292 240 0.0008901286637410522
292 320 0.0025328751653432846
292 400 0.0017813644371926785
293 0 0.00168150186073035
293 80 0.0031207771971821785
293 160 0.002365213120356202
293 240 0.0008838762296363711
293 320 0.0034675579518079758
293 400 0.0014851896557956934
294 0 0.001473739743232727
294 80 0.0023812446743249893
294 160 0.0030522129964083433
294 240 0.0026995008811354637
294 320 0.003415079554542899
294 400 0.0022625671699643135
295 0 0.001635216292925179
295 80 0.003353301202878356
295 160 0.0021377061493694782
295 240 0.0036630306858569384
295 320 0.0024515173863619566
295 400 0.0019925422966480255
296 0 0.0027927623596042395
296 80 0.0019769237842410803
296 160 0.000640774262137711
296 240 0.0031337656546384096
296 320 0.0019135071197524667
296 400 0.002063407562673092
