1 20.338241688859487 0.8586166666666667
2 4.874299297367395 0.91385
3 4.062702486065151 0.9296333333333333
4 2.6109451543284594 0.94175
5 2.8429698155456182 0.9411333333333334
6 2.173267908481214 0.9488666666666666
7 1.6854633734073006 0.9545333333333333
8 1.5658735948359561 0.9561166666666666
9 1.4721730822868055 0.9581333333333333
10 1.1431301126023505 0.9613666666666667
11 0.9993100632996027 0.96305
12 1.1537942663717469 0.96295
13 0.8107188529390871 0.9679666666666666
14 0.830053763777967 0.9676333333333333
15 0.9547100419075938 0.9669666666666666
16 0.7015829478661038 0.97055
17 0.6790878755245076 0.9711166666666666
18 0.6559292871726 0.9713333333333334
19 0.6003046987727251 0.97255
20 0.5732987957407824 0.97285
21 0.5493047319237598 0.9740666666666666
22 0.4937347926253071 0.9755333333333334
23 0.48409545827800027 0.9762166666666666
24 0.4741304316519458 0.977
25 0.4461956140824197 0.9768166666666667
26 0.4093623816662526 0.97755
27 0.3581133803571239 0.9791833333333333
28 0.3419545097305915 0.98065
29 0.34552936014936864 0.9802666666666666
30 0.32699732723778 0.9807833333333333
31 0.31565799729694083 0.9818333333333333
32 0.28723755149536206 0.9823166666666666
33 0.2635407634285998 0.9828
34 0.2580894958891537 0.9834833333333334
35 0.2553964971503383 0.9834166666666667
36 0.23061261958844415 0.9843833333333334
37 0.21426663136172844 0.9851
38 0.1972875201011025 0.9860833333333333
39 0.1801396238709185 0.9866666666666667
40 0.18546269898139137 0.9866
41 0.16980139510923145 0.9868833333333333
42 0.17625514469384534 0.9868333333333333
43 0.15406239128444238 0.988
44 0.1441329854006776 0.9885
45 0.13009481330416403 0.9886166666666667
46 0.12616270742502375 0.9892666666666666
47 0.09929051681844045 0.9904333333333334
48 0.08327422849034896 0.9923333333333333
49 0.08973458448903501 0.9913333333333333
50 0.08546054369577222 0.9915666666666667
51 0.08048219386292822 0.9921833333333333
52 0.07535584449153275 0.9923166666666666
53 0.09617854741841016 0.9909833333333333
54 0.07222236560686279 0.9923833333333333
55 0.06333077703715465 0.99305
56 0.05195381711804105 0.9945833333333334
57 0.054263990261556136 0.9938333333333333
58 0.044599517694711065 0.99435
59 0.0502583280384486 0.994
60 0.04626795482858254 0.99455
61 0.042197992495074874 0.9947333333333334
62 0.03215990180938714 0.9961166666666667
63 0.030300291605608938 0.9959333333333333
64 0.04751781602350874 0.99485
65 0.03148324679291238 0.9958166666666667
66 0.025794835361766175 0.9963333333333333
67 0.020175456599442206 0.9968833333333333
68 0.022173474084192703 0.9968
69 0.027574982516357156 0.99615
70 0.017415310703680197 0.9973
71 0.0101174216926325 0.9981333333333333
72 0.0177174869369511 0.9975833333333334
73 0.009363580084308366 0.99855
74 0.007956017505249421 0.9984666666666666
75 0.007161429493554457 0.9987666666666667
76 0.004387775192040091 0.99915
77 0.0038048507188597046 0.9991
78 0.0013460157399414652 0.9995833333333334
79 0.0009727379334530324 0.9997333333333334
80 2.2416892973228046e-05 1.0
81 4.162144300366773e-06 1.0
82 3.362834357771101e-06 1.0
83 2.98967687401032e-06 1.0
84 2.6977065906631184e-06 1.0
85 2.490685668994911e-06 1.0
86 2.3170817721441004e-06 1.0
87 2.1899906123398364e-06 1.0
88 2.044572546576038e-06 1.0
89 1.9455485628368262e-06 1.0
90 1.852575694079598e-06 1.0
91 1.7769024457536429e-06 1.0
92 1.710183015887868e-06 1.0
93 1.633947384151165e-06 1.0
94 1.5750504700460996e-06 1.0
95 1.5215529437491317e-06 1.0
96 1.4744554519170062e-06 1.0
97 1.429673868505851e-06 1.0
98 1.3885938795308987e-06 1.0
99 1.3495796371512865e-06 1.0
100 1.3145123956132142e-06 1.0
101 1.2811140870984308e-06 1.0
102 1.2501962677408877e-06 1.0
103 1.2218954673081754e-06 1.0
104 1.1937646201404996e-06 1.0
105 1.1682953141347719e-06 1.0
106 1.1435332280207906e-06 1.0
107 1.119939303313553e-06 1.0
108 1.0986588859195438e-06 1.0
109 1.0776299737094253e-06 1.0
110 1.057946514672369e-06 1.0
111 1.0391395199008462e-06 1.0
112 1.0233095854944313e-06 1.0
113 1.003500770543027e-06 1.0
114 9.873485681279577e-07 1.0
115 9.71389111362583e-07 1.0
116 9.566063042068665e-07 1.0
117 9.434219418038054e-07 1.0
118 9.281665930602586e-07 1.0
119 9.147880917904049e-07 1.0
120 9.022816321900589e-07 1.0
121 8.924341269884718e-07 1.0
122 8.781023274248431e-07 1.0
123 8.658761416522161e-07 1.0
124 8.547780643358006e-07 1.0
125 8.441752917029356e-07 1.0
126 8.334636299868195e-07 1.0
127 8.23903671565625e-07 1.0
128 8.135446923445391e-07 1.0
129 8.042789043902926e-07 1.0
130 7.952609764319001e-07 1.0
131 7.861525768537358e-07 1.0
132 7.778844070187334e-07 1.0
133 7.69201161401528e-07 1.0
134 7.624276210769452e-07 1.0
135 7.529152499610861e-07 1.0
136 7.452420888800308e-07 1.0
137 7.380212262886818e-07 1.0
138 7.304609961772247e-07 1.0
139 7.233197036176759e-07 1.0
140 7.164430483215448e-07 1.0
141 7.096452518733185e-07 1.0
142 7.03079415016996e-07 1.0
143 6.966089090291984e-07 1.0
144 6.90168937894417e-07 1.0
145 6.840981979599764e-07 1.0
146 6.782398434837256e-07 1.0
147 6.727620934845733e-07 1.0
148 6.66461165227927e-07 1.0
149 6.608691296835209e-07 1.0
150 6.55463996779009e-07 1.0
151 6.500842231253251e-07 1.0
152 6.455958341711696e-07 1.0
153 6.398157391747204e-07 1.0
154 6.346267288064463e-07 1.0
155 6.325817965433588e-07 1.0
156 6.248856503525155e-07 1.0
157 6.208445246647027e-07 1.0
158 6.170150885681194e-07 1.0
159 6.11931788460575e-07 1.0
160 6.064434850668513e-07 1.0
161 6.020368354693911e-07 1.0
162 5.977945144137022e-07 1.0
163 5.935274980848238e-07 1.0
164 5.895227248102725e-07 1.0
165 5.854077475366322e-07 1.0
166 5.815598100443005e-07 1.0
167 5.773753391830404e-07 1.0
168 5.736121645087715e-07 1.0
169 5.707307067954951e-07 1.0
170 5.672673856303418e-07 1.0
171 5.64105178422932e-07 1.0
172 5.596433394850486e-07 1.0
173 5.553408003977799e-07 1.0
174 5.51874005290455e-07 1.0
175 5.483653430186922e-07 1.0
176 5.449756919397986e-07 1.0
177 5.41650829980485e-07 1.0
178 5.384701386649669e-07 1.0
179 5.360008890698389e-07 1.0
180 5.340231775988208e-07 1.0
181 5.292803211403834e-07 1.0
182 5.258571584461876e-07 1.0
183 5.230462073489744e-07 1.0
184 5.203733100021401e-07 1.0
185 5.169783628342824e-07 1.0
186 5.140738757265757e-07 1.0
187 5.112422521626627e-07 1.0
188 5.086267209648544e-07 1.0
189 5.057316921937729e-07 1.0
190 5.029206687483675e-07 1.0
191 5.001951121276478e-07 1.0
192 4.975889449987061e-07 1.0
193 4.949247396558705e-07 1.0
