1 0 3.016059160232544
1 80 15.775315284729004
1 160 2.6111087799072266
1 240 14.028303146362305
1 320 1.5341448783874512
1 400 11.589604377746582
2 0 5.623413562774658
2 80 8.576380729675293
2 160 5.767540454864502
2 240 15.916560173034668
2 320 4.335078239440918
2 400 6.796896457672119
3 0 1.521241545677185
3 80 3.082209348678589
3 160 3.0652246475219727
3 240 0.9672739505767822
3 320 6.215240001678467
3 400 3.0442821979522705
4 0 0.4595906436443329
4 80 0.0017350006382912397
4 160 1.654721736907959
4 240 0.9812138080596924
4 320 3.6647133827209473
4 400 2.605875015258789
5 0 1.6167447566986084
5 80 3.5468859672546387
5 160 2.1389527320861816
5 240 2.3432862758636475
5 320 19.785072326660156
5 400 4.6977858543396
6 0 2.3530044555664062
6 80 1.5775821208953857
6 160 2.878462076187134
6 240 0.7466261386871338
6 320 3.0299935340881348
6 400 1.5936473608016968
7 0 4.224099159240723
7 80 1.2476191520690918
7 160 0.6516352295875549
7 240 2.4157016277313232
7 320 0.5251054167747498
7 400 0.5087040066719055
8 0 0.5836154818534851
8 80 4.01082706451416
8 160 4.936297416687012
8 240 0.0923270508646965
8 320 1.4941498041152954
8 400 1.000560998916626
9 0 2.0692214965820312
9 80 1.7874749898910522
9 160 1.0063648223876953
9 240 2.1428823471069336
9 320 0.5019529461860657
9 400 4.470335568385053e-08
10 0 0.5745105147361755
10 80 0.6412714123725891
10 160 0.5475093126296997
10 240 0.6898330450057983
10 320 1.9202594757080078
10 400 3.3019328117370605
11 0 1.301928997039795
11 80 1.6721336841583252
11 160 1.275328516960144
11 240 1.1986624002456665
11 320 0.5455919504165649
11 400 2.638427972793579
12 0 0.06914959102869034
12 80 1.2058906555175781
12 160 0.0958334282040596
12 240 0.6951438188552856
12 320 0.20646175742149353
12 400 0.7390029430389404
13 0 1.0277764797210693
13 80 1.975067138671875
13 160 0.06522052735090256
13 240 1.4871567487716675
13 320 0.5037088394165039
13 400 0.9350014328956604
14 0 0.503243625164032
14 80 1.5774329900741577
14 160 1.275503158569336
14 240 1.3949865102767944
14 320 0.16778478026390076
14 400 1.8985639810562134
15 0 0.386275976896286
15 80 0.6897514462471008
15 160 0.8632090091705322
15 240 0.7953323721885681
15 320 0.1857195347547531
15 400 1.0445979833602905
16 0 0.34631431102752686
16 80 0.4134905934333801
16 160 0.3921735882759094
16 240 0.570260763168335
16 320 0.21259711682796478
16 400 0.8077374696731567
17 0 0.5596042275428772
17 80 0.36556318402290344
17 160 0.30712324380874634
17 240 0.5904128551483154
17 320 0.6337113380432129
17 400 1.2876207828521729
18 0 0.8268467783927917
18 80 0.447926789522171
18 160 1.0233548879623413
18 240 0.5347330570220947
18 320 0.5701238512992859
18 400 2.3556880478281528e-05
19 0 0.15861377120018005
19 80 0.9981380105018616
19 160 0.36158692836761475
19 240 0.945633590221405
19 320 1.391300082206726
19 400 0.14443473517894745
20 0 0.09794741868972778
20 80 1.700494408607483
20 160 0.3409004211425781
20 240 0.7472899556159973
20 320 0.09617788344621658
20 400 0.3372349143028259
21 0 0.5973106622695923
21 80 1.0133564472198486
21 160 1.6139726638793945
21 240 0.34979352355003357
21 320 0.14687182009220123
21 400 0.22730830311775208
22 0 0.12590846419334412
22 80 0.5684760808944702
22 160 0.8972502946853638
22 240 0.5419979095458984
22 320 0.3670850694179535
22 400 0.44254371523857117
23 0 0.6211192607879639
23 80 0.2861124277114868
23 160 1.009548306465149
23 240 0.17797590792179108
23 320 0.13237322866916656
23 400 0.27295786142349243
24 0 0.766959547996521
24 80 0.1098044365644455
24 160 0.5416342616081238
24 240 0.505197286605835
24 320 0.6898430585861206
24 400 0.5201544761657715
25 0 0.2366310954093933
25 80 0.41920897364616394
25 160 0.32799941301345825
25 240 0.13865995407104492
25 320 0.0009722813847474754
25 400 1.134448528289795
26 0 0.6559128761291504
26 80 0.27580323815345764
26 160 0.29408276081085205
26 240 0.17365190386772156
26 320 0.06423234939575195
26 400 0.13571858406066895
27 0 0.5342586040496826
27 80 0.38490724563598633
27 160 0.16753481328487396
27 240 0.666450560092926
27 320 0.28934594988822937
27 400 0.5684890747070312
28 0 0.42093607783317566
28 80 0.37717118859291077
28 160 0.0009588912362232804
28 240 0.34545618295669556
28 320 0.30904707312583923
28 400 0.12788453698158264
29 0 0.0002596265112515539
29 80 0.8623472452163696
29 160 0.1332770437002182
29 240 0.8263177871704102
29 320 0.1357181966304779
29 400 0.09055853635072708
30 0 0.34112271666526794
30 80 0.38292571902275085
30 160 0.48064544796943665
30 240 0.12596161663532257
30 320 1.2654958963394165
30 400 0.281303346157074
31 0 0.6958767175674438
31 80 0.16645067930221558
31 160 0.5442736148834229
31 240 0.35550060868263245
31 320 0.3766050338745117
31 400 0.16559170186519623
32 0 1.1068490743637085
32 80 0.510437548160553
32 160 0.15900930762290955
32 240 0.31098827719688416
32 320 0.7310959100723267
32 400 0.13113480806350708
33 0 0.05348808318376541
33 80 0.3093414902687073
33 160 0.00045936525566503406
33 240 0.5832669138908386
33 320 0.6699397563934326
33 400 0.012398247607052326
34 0 0.9516549706459045
34 80 0.13448630273342133
34 160 0.06956283748149872
34 240 0.07162703573703766
34 320 0.008661306463181973
34 400 0.64913010597229
35 0 1.153080701828003
35 80 0.28620439767837524
35 160 0.2945520579814911
35 240 0.17989005148410797
35 320 0.3685443103313446
35 400 0.36725059151649475
36 0 0.17285171151161194
36 80 0.01574382744729519
36 160 0.15414099395275116
36 240 0.3866364359855652
36 320 0.5153629779815674
36 400 0.011343587189912796
37 0 0.30046141147613525
37 80 0.11562323570251465
37 160 0.34319937229156494
37 240 8.448962034890428e-06
37 320 0.08410052955150604
37 400 1.1911752223968506
38 0 0.429054319858551
38 80 0.0007698842091485858
38 160 0.09266013652086258
38 240 0.09847257286310196
38 320 0.028808536008000374
38 400 0.05670110881328583
39 0 0.04128614813089371
39 80 0.2037433385848999
39 160 0.47427546977996826
39 240 0.47520017623901367
39 320 0.0008051320910453796
39 400 0.22018665075302124
40 0 0.05284128338098526
40 80 0.10508483648300171
40 160 0.07416281849145889
40 240 0.00010674448276404291
40 320 0.4645073711872101
40 400 0.15659703314304352
41 0 0.17534089088439941
41 80 0.05493016541004181
41 160 0.4656275510787964
41 240 0.12887150049209595
41 320 0.25245949625968933
41 400 0.3335736393928528
42 0 0.09020844101905823
42 80 0.38318535685539246
42 160 0.2648259401321411
42 240 0.09195998311042786
42 320 0.194799542427063
42 400 0.09037242084741592
43 0 0.009107513353228569
43 80 4.982174505130388e-05
43 160 0.047005794942379
43 240 0.059357330203056335
43 320 0.21475932002067566
43 400 4.497554982663132e-06
44 0 0.23657697439193726
44 80 0.0995154157280922
44 160 0.17235127091407776
44 240 4.656611540809763e-09
44 320 0.43541011214256287
44 400 0.3635247051715851
45 0 3.452583086982486e-06
45 80 0.21675677597522736
45 160 0.47707316279411316
45 240 0.00047976209316402674
45 320 0.08445081859827042
45 400 0.025339022278785706
46 0 0.05048393830657005
46 80 0.20923927426338196
46 160 0.0008095005177892745
46 240 0.17357593774795532
46 320 0.0011640202719718218
46 400 0.016079625114798546
47 0 0.005956923123449087
47 80 0.005888510029762983
47 160 0.07469791173934937
47 240 0.19346971809864044
47 320 0.006819877307862043
47 400 0.024006789550185204
48 0 6.695995011796185e-07
48 80 0.2768053412437439
48 160 0.07953932881355286
48 240 0.12450181692838669
48 320 0.16554652154445648
48 400 0.1309409737586975
49 0 0.025945547968149185
49 80 0.006446226965636015
49 160 0.15847384929656982
49 240 1.0141106031369418e-05
49 320 0.12496501207351685
49 400 0.08834908902645111
50 0 0.08877964317798615
50 80 0.001994389109313488
50 160 0.33793848752975464
50 240 0.00375548517331481
50 320 0.019658904522657394
50 400 0.02095983549952507
51 0 0.030192630365490913
51 80 5.58791555249627e-08
51 160 0.04758232459425926
51 240 0.10725446790456772
51 320 0.009044033475220203
51 400 0.14245247840881348
52 0 0.2084856927394867
52 80 0.0001707101328065619
52 160 0.08626740425825119
52 240 0.14059486985206604
52 320 0.18372738361358643
52 400 0.0036832247860729694
53 0 0.06325024366378784
53 80 0.07166004925966263
53 160 0.023685209453105927
53 240 1.4155975236462837e-07
53 320 0.0015720212832093239
53 400 0.004389893263578415
54 0 9.118884918279946e-06
54 80 0.0
54 160 1.4648542219219962e-06
54 240 0.0035557367373257875
54 320 0.00015862575673963875
54 400 0.0005918675451539457
55 0 0.0002489089674782008
55 80 1.48078896700099e-07
55 160 0.08035773038864136
55 240 0.05450846254825592
55 320 0.09149905294179916
55 400 0.00014834418834652752
56 0 5.3788768127560616e-05
56 80 0.1238812580704689
56 160 1.8626449271863521e-09
56 240 7.765943155391142e-05
56 320 1.3421875337371603e-05
56 400 5.3085212670112014e-08
57 0 0.003010479500517249
57 80 0.02655564807355404
57 160 0.06875212490558624
57 240 0.16179057955741882
57 320 0.5291449427604675
57 400 6.673942152701784e-06
58 0 0.00014538828691001981
58 80 0.22715292870998383
58 160 0.2534984052181244
58 240 2.793963638225705e-08
58 320 1.545982968309545e-07
58 400 0.182817742228508
59 0 0.0009102725889533758
59 80 0.002707594307139516
59 160 1.2572753860240482e-07
59 240 0.0005477984668686986
59 320 0.05008567124605179
59 400 0.026019001379609108
60 0 0.014137618243694305
60 80 0.027150314301252365
60 160 0.06834326684474945
60 240 0.0572708323597908
60 320 0.02855769544839859
60 400 2.7939672797572257e-09
61 0 0.03868323937058449
61 80 0.007476250175386667
61 160 0.0
61 240 0.1235954761505127
61 320 0.0006959184538573027
61 400 0.032321274280548096
62 0 0.0
62 80 6.176954684633529e-06
62 160 0.0006288810400292277
62 240 0.014758174307644367
62 320 5.587924434280467e-08
62 400 0.283968061208725
63 0 3.611861529861926e-06
63 80 1.3521633945856593e-06
63 160 0.0033161891624331474
63 240 0.12149345874786377
63 320 0.00028011604445055127
63 400 1.8112124280378339e-06
64 0 0.017695995047688484
64 80 8.034727943595499e-05
64 160 4.7496030219917884e-07
64 240 0.045018963515758514
64 320 0.00032870701397769153
64 400 9.313225191043273e-10
65 0 0.0009981811745092273
65 80 0.010004325769841671
65 160 0.0
65 240 0.11168765276670456
65 320 9.313225191043273e-10
65 400 0.05878978595137596
66 0 0.0023428774438798428
66 80 0.00011403764074202627
66 160 3.8852074794704095e-05
66 240 0.018569771200418472
66 320 0.005700732581317425
66 400 0.031179584562778473
67 0 0.0053366441279649734
67 80 1.4901021927471447e-07
67 160 1.7336888049612753e-05
67 240 0.0014667143113911152
67 320 4.656611984898973e-09
67 400 0.005639531183987856
68 0 9.871958184248797e-08
68 80 0.00014905772695783526
68 160 9.313225191043273e-10
68 240 0.022493066266179085
68 320 0.0019915213342756033
68 400 0.000827732787001878
69 0 2.7939672797572257e-09
69 80 3.423125690460438e-06
69 160 0.09017841517925262
69 240 2.4618866518721916e-05
69 320 1.2851194242102792e-06
69 400 0.000571282347664237
70 0 4.605262802215293e-06
70 80 0.002091508824378252
70 160 0.017600953578948975
70 240 1.8626449271863521e-09
70 320 0.10104209929704666
70 400 3.7252898543727042e-09
71 0 0.048197779804468155
71 80 1.2771890396834351e-05
71 160 0.002991093322634697
71 240 9.313225191043273e-10
71 320 0.021631184965372086
71 400 4.4606629671761766e-05
72 0 0.0
72 80 8.122498002194334e-06
72 160 3.073358456617825e-08
72 240 0.0
72 320 5.105925083626062e-05
72 400 0.0
73 0 2.8076751732442062e-06
73 80 8.074151196524326e-07
73 160 7.580597980449966e-07
73 240 0.0062904260121285915
73 320 0.0022459696047008038
73 400 2.1548275981331244e-06
74 0 5.404074727266561e-06
74 80 0.0
74 160 0.0
74 240 2.0489069996187936e-08
74 320 1.8626449271863521e-09
74 400 0.0
75 0 0.0003984674403909594
75 80 2.8457801818149164e-05
75 160 0.0
75 240 5.247724038781598e-05
75 320 0.014818408526480198
75 400 1.760545274009928e-05
76 0 2.5145689974692687e-08
76 80 5.466675929710618e-07
76 160 9.313225191043273e-10
76 240 1.4249106072838913e-07
76 320 3.259622260998185e-08
76 400 0.06998999416828156
77 0 0.0
77 80 3.725284614120028e-08
77 160 0.005185286048799753
77 240 2.7939672797572257e-09
77 320 8.381898730647208e-09
77 400 1.5498702850891277e-05
78 0 1.1063334568461869e-06
78 80 0.02154964953660965
78 160 0.0
78 240 0.0
78 320 1.6436152918686275e-06
78 400 4.5984756980033126e-06
79 0 2.6438303393661045e-05
79 80 3.822244707407663e-06
79 160 2.775299208224169e-07
79 240 7.357425602094736e-08
79 320 3.816559001279529e-06
79 400 1.9043725387746235e-06
80 0 2.728727395151509e-07
80 80 1.3969826184734302e-08
80 160 4.221641574986279e-05
80 240 4.842863887688509e-08
80 320 1.521509238955332e-05
80 400 2.1601936168735847e-05
81 0 0.0
81 80 1.0244541215342906e-08
81 160 0.0
81 240 1.8626449271863521e-09
81 320 2.9988058258823003e-07
81 400 1.0893533726630267e-05
82 0 0.0
82 80 0.0
82 160 5.140816483617527e-07
82 240 3.2961877423076658e-06
82 320 2.5821618692134507e-06
82 400 2.0395810906848055e-07
83 0 1.2274216715013608e-05
83 80 0.0
83 160 0.0
83 240 1.2107183700038604e-08
83 320 2.2946653189137578e-05
83 400 3.725284614120028e-08
84 0 1.1641479602531035e-07
84 80 5.9604523983125546e-08
84 160 1.8626449271863521e-09
84 240 9.313225191043273e-10
84 320 7.012546916485007e-07
84 400 0.0
85 0 1.822385684135952e-06
85 80 9.441628208151087e-06
85 160 2.980229751869956e-08
85 240 2.793963815861389e-08
85 320 1.7540382032166235e-05
85 400 9.220038776902584e-08
86 0 1.8626449271863521e-09
86 80 1.8419389107293682e-06
86 160 2.39348054265065e-07
86 240 2.421436562372037e-08
86 320 2.5597948933864245e-06
86 400 8.381898730647208e-09
87 0 2.1948640096525196e-06
87 80 9.135818572758581e-07
87 160 2.7566662197386904e-07
87 240 0.0
87 320 0.0
87 400 0.0
88 0 1.2107183700038604e-08
88 80 4.190940217085881e-08
88 160 8.288733255312764e-08
88 240 3.7252898543727042e-09
88 320 1.4249108915009856e-07
88 400 1.58324731103221e-08
89 0 3.7252894102834944e-09
89 80 3.0640075010524015e-07
89 160 1.3969826184734302e-08
89 240 1.2935151971760206e-06
89 320 0.0
89 400 1.4901146982992941e-08
90 0 1.0989583643095102e-07
90 80 6.5192553577730905e-09
90 160 2.7008326242139447e-08
90 240 4.377204732008977e-08
90 320 1.0803267258552296e-07
90 400 1.0244541215342906e-08
91 0 1.426716335117817e-05
91 80 1.1426515129642212e-06
91 160 1.1584793355723377e-06
91 240 1.3969826184734302e-08
91 320 4.656611540809763e-09
91 400 3.2263665161735844e-06
92 0 7.552739020866284e-07
92 80 0.0
92 160 2.530007805034984e-06
92 240 7.943784225972195e-07
92 320 1.853310180877088e-07
92 400 3.7252898543727042e-09
93 0 9.313225191043273e-10
93 80 0.0
93 160 1.2671537660935428e-05
93 240 1.2200230514736177e-07
93 320 9.284737529924314e-07
93 400 8.381898730647208e-09
94 0 2.7008308478571053e-08
94 80 1.9880904801539145e-05
94 160 7.543681590505003e-08
94 240 3.5948224308413046e-07
94 320 5.308522332825305e-08
94 400 6.5192553577730905e-09
95 0 0.0
95 80 9.313225191043273e-10
95 160 1.980829893000191e-06
95 240 1.4560690033249557e-05
95 320 1.2460102425393416e-06
95 400 1.8626450382086546e-09
96 0 0.0
96 80 1.3504062224001245e-07
96 160 2.7939675018018306e-09
96 240 5.587933671336032e-09
96 320 1.2107105362701986e-07
96 400 0.0
97 0 1.6503428923897445e-05
97 80 1.0523565379116917e-06
97 160 4.933520358463284e-06
97 240 1.5087334759300575e-07
97 320 1.5197706488834228e-06
97 400 1.806745046906144e-07
98 0 1.0244542991699745e-08
98 80 6.640050287387567e-07
98 160 1.9444418285274878e-05
98 240 3.7252894102834944e-09
98 320 2.8325700895948103e-06
98 400 3.7252898543727042e-09
99 0 9.313225191043273e-10
99 80 6.095076059864368e-06
99 160 1.3038444990343123e-07
99 240 2.7939672797572257e-09
99 320 1.0244541215342906e-08
99 400 7.078023145368206e-08
100 0 2.3283048378175408e-08
100 80 6.831376140326029e-06
100 160 2.7939672797572257e-09
100 240 5.308521977553937e-08
100 320 0.0
100 400 4.563467825846601e-08
101 0 9.313225191043273e-10
101 80 0.0
101 160 9.313225191043273e-10
101 240 0.0
101 320 0.0
101 400 5.774178646333894e-08
102 0 1.3969826184734302e-08
102 80 3.9580206134814944e-07
102 160 4.070682280143956e-06
102 240 1.237213200511178e-05
102 320 3.054681485537003e-07
102 400 5.308359050104627e-07
103 0 1.568296511322842e-06
103 80 1.7881188796309289e-07
103 160 2.7939627500472852e-08
103 240 0.0
103 320 2.1622665826726006e-06
103 400 8.058652383624576e-06
104 0 2.3748539490497933e-07
104 80 7.450577044210149e-09
104 160 7.450578820566989e-09
104 240 4.656611540809763e-09
104 320 0.0
104 400 3.856585863104556e-06
105 0 1.7694951282010152e-07
105 80 0.0
105 160 5.094175321573857e-07
105 240 6.472508857768844e-07
105 320 2.9802265544276452e-08
105 400 2.5700289825181244e-06
106 0 2.4865920522643137e-07
106 80 0.0
106 160 2.2351711592705215e-08
106 240 8.57350642036181e-06
106 320 3.063992153329309e-07
106 400 1.0674100849428214e-05
107 0 1.0244544768056585e-08
107 80 5.5879341154252415e-09
107 160 1.6577408246121195e-07
107 240 5.41079657523369e-07
107 320 0.0
107 400 0.0
108 0 3.522832457747427e-06
108 80 2.4214354965579332e-08
108 160 9.313225191043273e-10
108 240 1.343783083029848e-06
108 320 6.003855105518596e-06
108 400 5.103488547320012e-07
109 0 3.7252894102834944e-09
109 80 2.1828134322277037e-06
109 160 0.0
109 240 0.0
109 320 1.3465781876220717e-06
109 400 9.313225191043273e-10
110 0 0.0
110 80 0.0
110 160 0.0
110 240 0.0
110 320 7.0804317147121765e-06
110 400 2.421402029995079e-07
111 0 0.0
111 80 0.0
111 160 5.587934559514451e-09
111 240 6.5192553577730905e-09
111 320 3.583884108593338e-06
111 400 0.0
112 0 4.794316737388726e-06
112 80 4.153633881287533e-07
112 160 4.2374028907943284e-07
112 240 4.656611984898973e-09
112 320 4.6285362031994737e-07
112 400 6.573755854333285e-06
113 0 1.4210713743523229e-06
113 80 1.583246778125158e-08
113 160 0.0
113 240 5.587933671336032e-09
113 320 9.246285117114894e-06
113 400 3.7252898543727042e-09
114 0 9.313225191043273e-10
114 80 0.0
114 160 9.313225191043273e-10
114 240 2.5765446025616257e-06
114 320 6.17442481143371e-07
114 400 1.3969744827591057e-07
115 0 8.381898730647208e-09
115 80 6.146704834009142e-08
115 160 2.5517829271848314e-07
115 240 2.9387013000814477e-06
115 320 1.3597224324257695e-07
115 400 2.9802265544276452e-08
116 0 1.7695114706839377e-08
116 80 7.171159666086169e-08
116 160 2.854980948541197e-06
116 240 1.1455207982180582e-07
116 320 4.814866656488448e-07
116 400 7.264293344633188e-08
117 0 5.29465341969626e-06
117 80 3.259622971540921e-08
117 160 9.313225191043273e-10
117 240 2.142040322894445e-08
117 320 0.0
117 400 7.655096396774752e-07
118 0 0.0
118 80 1.8626437281454855e-08
118 160 8.511849500791868e-07
118 240 0.0
118 320 0.0
118 400 0.0
119 0 9.973828127840534e-07
119 80 1.583246955760842e-08
119 160 3.0764840630581602e-06
119 240 1.9557749197929297e-08
119 320 1.0672237067410606e-06
119 400 2.236718046333408e-06
120 0 5.997546281832911e-07
120 80 1.806744904797597e-07
120 160 5.475984607983264e-07
120 240 1.2572756702411425e-07
120 320 4.656611540809763e-09
120 400 3.539018322840093e-08
121 0 5.518323632713873e-06
121 80 5.618513114313828e-06
121 160 0.0
121 240 7.450578820566989e-09
121 320 9.313222193441106e-09
121 400 1.078403784049442e-06
122 0 9.313225191043273e-10
122 80 9.313225191043273e-10
122 160 5.783312531093543e-07
122 240 6.416606765924371e-07
122 320 0.0
122 400 0.0
123 0 7.114981599443126e-07
123 80 2.793963460590021e-08
123 160 9.313225191043273e-10
123 240 4.407911546877585e-06
123 320 5.904363433728577e-07
123 400 9.313220417084267e-09
124 0 2.3934623527566146e-07
124 80 5.436491846921854e-06
124 160 1.5832388555736543e-07
124 240 1.7415571562651166e-07
124 320 6.233789008547319e-06
124 400 9.313225191043273e-10
125 0 2.663537372882274e-07
125 80 4.656611984898973e-09
125 160 5.587933671336032e-09
125 240 1.490107024437748e-07
125 320 8.754383884479466e-08
125 400 0.0
126 0 0.0
126 80 2.5145668658410614e-08
126 160 7.209766408777796e-06
126 240 8.475013402176046e-08
126 320 6.51925624595151e-09
126 400 0.0
127 0 1.9620501916506328e-06
127 80 0.0
127 160 3.7252898543727042e-09
127 240 1.0138712241314352e-05
127 320 6.584179459423467e-07
127 400 1.7097231648222078e-06
128 0 6.63079106288933e-07
128 80 7.791288226144388e-06
128 160 5.587934559514451e-09
128 240 7.171159666086169e-08
128 320 3.7252894102834944e-09
128 400 4.870486009167507e-06
129 0 4.656611540809763e-09
129 80 5.587933671336032e-09
129 160 5.075557965028565e-07
129 240 0.0
129 320 2.1420389018089736e-08
129 400 1.8894305640060338e-06
130 0 0.0
130 80 2.4214349636508814e-08
130 160 4.656602214936356e-08
130 240 7.515411653002957e-07
130 320 4.656599017494045e-08
130 400 7.636826637735794e-08
131 0 4.656611540809763e-09
131 80 2.4974326606752584e-06
131 160 3.539018322840093e-08
131 240 8.381899618825628e-09
131 320 0.0
131 400 4.842862466603037e-08
132 0 9.313220417084267e-09
132 80 4.190943414528192e-08
132 160 5.746940587414429e-06
132 240 0.0
132 320 1.1734582017197681e-07
132 400 1.769510937776886e-08
133 0 0.0
133 80 3.539017612297357e-08
133 160 1.3380977179622278e-05
133 240 1.3317846025984181e-07
133 320 2.5890366828207334e-07
133 400 1.3224671135958488e-07
134 0 4.656611984898973e-09
134 80 1.362407374472241e-06
134 160 1.1455235693347277e-07
134 240 5.587933671336032e-09
134 320 2.7939672797572257e-09
134 400 2.9149862257327186e-07
135 0 9.313225191043273e-10
135 80 2.887095007508833e-08
135 160 0.0
135 240 2.7939675018018306e-09
135 320 1.0337626576983894e-07
135 400 5.867310903795442e-08
136 0 7.450545780329776e-08
136 80 1.4192195294526755e-06
136 160 1.8531121668274864e-06
136 240 1.9185040400770959e-07
136 320 9.406301160197472e-08
136 400 3.166493200978948e-08
137 0 1.3847538866684772e-06
137 80 5.9942094594589435e-06
137 160 2.151329567823268e-07
137 240 1.0681635558285052e-06
137 320 1.583246778125158e-08
137 400 5.199776751396712e-06
138 0 9.313225191043273e-10
138 80 9.313225191043273e-10
138 160 1.8626449271863521e-09
138 240 1.079333287634654e-06
138 320 0.0
138 400 1.1463803275546525e-06
139 0 0.0
139 80 1.1212721346964827e-06
139 160 6.519241679825427e-08
139 240 1.3000181979805348e-06
139 320 3.4458196296327515e-07
139 400 3.2596236820836566e-08
140 0 1.3316380318428855e-05
140 80 1.4342307963488565e-07
140 160 2.421435674193617e-08
140 240 1.569122673572565e-06
140 320 0.0
140 400 1.7881194480651175e-07
141 0 0.0
141 80 1.3504089224625204e-07
141 160 1.1734620386505412e-07
141 240 0.0
141 320 4.5891756599303335e-06
141 400 0.0
142 0 2.7939675018018306e-09
142 80 1.3195727888160036e-06
142 160 5.587933671336032e-09
142 240 1.8626449271863521e-09
142 320 3.445886065378545e-08
142 400 5.774178646333894e-08
143 0 0.0
143 80 0.0
143 160 1.2945284311172145e-07
143 240 2.607661429010477e-07
143 320 5.587933671336032e-09
143 400 3.409810005905456e-06
144 0 6.426099474765579e-08
144 80 4.0138976942216686e-07
144 160 0.0
144 240 7.357423470466529e-08
144 320 3.0733602329746645e-08
144 400 9.313225191043273e-10
145 0 4.377203666194873e-08
145 80 3.605249048632686e-06
145 160 2.7776422939496115e-06
145 240 5.4760477041782e-07
145 320 0.0
145 400 1.5691216503910255e-06
146 0 3.4178793839600985e-07
146 80 3.955266492994269e-06
146 160 5.1222606600731524e-08
146 240 6.5623798946035095e-06
146 320 0.0
146 400 0.0
147 0 2.5145673987481132e-08
147 80 4.23823212258867e-06
147 160 9.313225191043273e-10
147 240 3.7252894102834944e-09
147 320 0.0
147 400 1.499414992167658e-07
148 0 1.8187107571066008e-06
148 80 0.0
148 160 1.015134998283429e-07
148 240 0.0
148 320 0.0
148 400 2.4400338816121803e-07
149 0 5.0291255604406615e-08
149 80 0.0
149 160 5.960454529940762e-08
149 240 0.0
149 320 2.9802279755131167e-08
149 400 0.0
150 0 4.097812222880748e-08
150 80 3.166493200978948e-08
150 160 0.0
150 240 1.2004140899080085e-06
150 320 6.5192553577730905e-09
150 400 9.313221305262687e-09
151 0 8.66125802190254e-08
151 80 0.0
151 160 6.458188636315754e-06
151 240 7.003352493484272e-07
151 320 8.381880434171762e-08
151 400 9.313225191043273e-10
152 0 1.1845525023090886e-06
152 80 0.0
152 160 2.5145695303763205e-08
152 240 1.2022549071843969e-06
152 320 2.765979161267751e-07
152 400 1.58324731103221e-08
153 0 3.6639128211390926e-06
153 80 5.392192292674736e-07
153 160 5.401652103387278e-08
153 240 9.965103231479588e-08
153 320 1.2879326050097006e-06
153 400 2.1420397899873933e-08
154 0 2.4499272512912285e-06
154 80 9.313225191043273e-10
154 160 4.330530032348179e-07
154 240 1.1175865566315224e-08
154 320 6.723872161273903e-07
154 400 5.989904821035452e-06
155 0 1.490114875934978e-08
155 80 0.0
155 160 3.781495479415753e-06
155 240 5.504753062268719e-06
155 320 1.2311220416449942e-06
155 400 4.470344094897882e-08
156 0 1.2851386372858542e-06
156 80 5.028985015087528e-07
156 160 6.984888756278451e-08
156 240 1.3038506274654083e-08
156 320 3.7997037338755035e-07
156 400 2.671507900231518e-06
157 0 1.583246778125158e-08
157 80 0.0
157 160 5.540352049138164e-06
157 240 3.778603741011466e-06
157 320 0.0
157 400 2.6076991233026092e-08
158 0 2.421436384736353e-08
158 80 2.8032502541464055e-07
158 160 4.2746538042592874e-07
158 240 0.0
158 320 1.7339301621177583e-06
158 400 1.6204901953642548e-07
159 0 9.313225191043273e-10
159 80 9.313225191043273e-10
159 160 3.750467385543743e-06
159 240 6.23983709147069e-08
159 320 9.313225191043273e-10
159 400 9.313225191043273e-10
160 0 3.2824420941324206e-06
160 80 6.146704834009142e-08
160 160 1.4303867601483944e-06
160 240 6.183736900311487e-07
160 320 1.8626450382086546e-09
160 400 8.381898730647208e-09
161 0 4.377206863637184e-08
161 80 3.7252894102834944e-09
161 160 0.0
161 240 3.539020809739668e-08
161 320 9.313225191043273e-10
161 400 2.0302604752941988e-07
162 0 8.054835234361235e-06
162 80 1.58324731103221e-08
162 160 9.685697932582116e-08
162 240 2.281709186036096e-07
162 320 9.313225191043273e-10
162 400 1.929465724970214e-06
163 0 8.888357115210965e-06
163 80 1.722937099657429e-07
163 160 4.656611540809763e-09
163 240 2.421436562372037e-08
163 320 3.8276419900284964e-07
163 400 1.8401849501969991e-06
164 0 0.0
164 80 1.443543737877917e-07
164 160 1.9930048722471838e-07
164 240 8.381901395182467e-09
164 320 0.0
164 400 1.6484304410369077e-07
165 0 2.3283050154532248e-08
165 80 1.8626449271863521e-09
165 160 0.0
165 240 0.0
165 320 1.2618553455467918e-06
165 400 0.0
166 0 1.0243936685583321e-06
166 80 1.3969741985420114e-07
166 160 2.7527919428393943e-06
166 240 4.097808670167069e-08
166 320 1.8626449271863521e-09
166 400 1.6391165047480172e-07
167 0 1.3969835066518499e-08
167 80 7.450554306842605e-08
167 160 2.7939672797572257e-09
167 240 9.313225191043273e-10
167 320 2.700831736035525e-08
167 400 1.39698306256264e-08
168 0 0.0
168 80 8.381901395182467e-09
168 160 2.3698567019891925e-06
168 240 1.8252201243740274e-06
168 320 2.5290626126661664e-06
168 400 9.313225191043273e-10
169 0 2.0675109624335164e-07
169 80 7.412983222820912e-07
169 160 2.432235987726017e-06
169 240 1.0058248989253116e-07
169 320 1.8626449271863521e-09
169 400 0.0
170 0 1.6577419614804967e-07
170 80 4.647161517823406e-07
170 160 1.5756390894239303e-06
170 240 2.3375994828711555e-07
170 320 1.769510937776886e-08
170 400 9.313225191043273e-10
171 0 1.3038508939189342e-08
171 80 7.859966899559367e-07
171 160 0.0
171 240 4.510568942350801e-06
171 320 2.235172402720309e-08
171 400 0.0
172 0 2.477278826518159e-07
172 80 4.116337208870391e-07
172 160 1.1026088486687513e-06
172 240 0.0
172 320 9.313223969797946e-09
172 400 1.8626449271863521e-09
173 0 2.0116416976634355e-07
173 80 3.829129582300084e-06
173 160 1.0989538878902749e-07
173 240 0.0
173 320 5.122263857515463e-08
173 400 1.1240280173296924e-06
174 0 7.17115113957334e-08
174 80 8.847518273569221e-08
174 160 7.823078362889646e-08
174 240 1.490115053570662e-08
174 320 9.313225191043273e-10
174 400 1.1455183823727566e-07
175 0 2.318964646974564e-07
175 80 7.450577044210149e-09
175 160 2.235172402720309e-08
175 240 8.754410885103425e-08
175 320 5.5879341154252415e-09
175 400 4.190945901427767e-08
176 0 2.598347634830134e-07
176 80 2.7939675018018306e-09
176 160 9.778832321671871e-08
176 240 9.313222193441106e-09
176 320 6.5192553577730905e-09
176 400 1.676378857951022e-08
177 0 1.7321152654403704e-06
177 80 0.0
177 160 3.7252894102834944e-09
177 240 3.7252894102834944e-09
177 320 9.313225191043273e-10
177 400 2.2247691049415153e-06
178 0 3.4551302974250575e-07
178 80 2.328303949639121e-08
178 160 3.380900579941226e-06
178 240 0.0
178 320 2.6076991233026092e-08
178 400 5.587933671336032e-09
179 0 2.179921921197092e-06
179 80 2.7939675018018306e-09
179 160 0.0
179 240 3.40044994118216e-06
179 320 4.786851377502899e-07
179 400 9.321985885435424e-07
180 0 1.6380246279368293e-06
180 80 2.7939672797572257e-09
180 160 9.313225191043273e-10
180 240 0.0
180 320 3.1571275371788943e-07
180 400 1.8626449271863521e-09
181 0 1.0244541215342906e-08
181 80 6.910109391355945e-07
181 160 0.0
181 240 0.0
181 320 5.3085212670112014e-08
181 400 0.0
182 0 9.313225191043273e-10
182 80 0.0
182 160 1.285214636936871e-07
182 240 1.4901154088420299e-08
182 320 1.2107183700038604e-08
182 400 0.0
183 0 5.587933671336032e-09
183 80 7.86948533004761e-07
183 160 0.0
183 240 4.3957189177490363e-07
183 320 4.90286720378208e-06
183 400 4.0046810312333037e-08
184 0 3.510383294269559e-06
184 80 3.539017612297357e-08
184 160 8.102465187675989e-08
184 240 1.3372699640967767e-06
184 320 1.331779913016362e-07
184 400 2.0489082430685812e-08
185 0 1.3084147667541401e-06
185 80 1.8998751727394847e-07
185 160 7.636807453081929e-08
185 240 0.0
185 320 4.656611540809763e-09
185 400 1.3530944897865993e-06
186 0 1.3969826184734302e-08
186 80 3.1798194868315477e-06
186 160 1.0067134326163796e-06
186 240 1.6763795684937577e-08
186 320 1.8626450382086546e-09
186 400 5.308522332825305e-08
187 0 7.264287660291302e-08
187 80 2.2537686561463488e-07
187 160 2.9615503649438324e-07
187 240 8.381898730647208e-09
187 320 2.7008326242139447e-08
187 400 6.5192553577730905e-09
188 0 1.0579113904896076e-06
188 80 0.0
188 160 9.313225191043273e-10
188 240 0.0
188 320 0.0
188 400 0.0
189 0 2.7008326242139447e-08
189 80 0.0
189 160 9.313225191043273e-10
189 240 9.313225191043273e-10
189 320 1.7553472844156204e-06
189 400 5.587934559514451e-09
190 0 2.6077010772951326e-08
190 80 9.313225191043273e-10
190 160 2.840482125066046e-07
190 240 9.313225191043273e-10
190 320 2.616972665236972e-07
190 400 1.8998748885223904e-07
191 0 3.725281416677717e-08
191 80 2.599830850158469e-06
191 160 1.0058226251885571e-07
191 240 1.238653908330889e-07
191 320 1.8067453311232384e-07
191 400 4.842862466603037e-08
192 0 6.288553322519874e-06
192 80 2.0861351401890715e-07
192 160 1.6380248553105048e-06
192 240 9.313225191043273e-10
192 320 1.76195180756622e-06
192 400 9.033776393607695e-08
193 0 4.656612428988183e-09
193 80 1.6744281765568303e-06
193 160 1.957485210368759e-06
193 240 3.679826022562338e-06
193 320 0.0
193 400 5.587933671336032e-09
194 0 8.56814637018033e-08
194 80 0.0
