1 0.4183767061752043 0.8767166666666667
2 0.2516778595983855 0.92775
3 0.212047372259565 0.9400833333333334
4 0.18766834615453729 0.9466166666666667
5 0.16977774734690246 0.9523333333333334
6 0.1561276257943624 0.9563166666666667
7 0.14449449511828708 0.9599666666666666
8 0.13498214521070026 0.9623666666666667
9 0.1263496888471819 0.9649
10 0.11919348526483914 0.96715
11 0.11299972534020826 0.9691
12 0.10685081254921235 0.9708666666666667
13 0.10165096836875497 0.9725166666666667
14 0.09692392533998499 0.9738666666666667
15 0.09247768097229477 0.9749166666666667
16 0.08854356056639254 0.9760666666666666
17 0.0847115790777242 0.9774
18 0.08139907494028494 0.9784833333333334
19 0.07796381432205629 0.9793
20 0.07502118735584115 0.9800833333333333
21 0.07223517578571781 0.9810666666666666
22 0.06941184082995853 0.9818333333333333
23 0.06699360717636055 0.9827666666666667
24 0.06476105850483817 0.9830666666666666
25 0.062380004275058 0.9839
26 0.060220229814746486 0.9846
27 0.058219872520311175 0.9850833333333333
28 0.05641737396219201 0.9856666666666667
29 0.054566120250281624 0.9863833333333333
30 0.052701285198283224 0.9868166666666667
31 0.05112243067425515 0.9873
32 0.04947566889178778 0.98765
33 0.04790639834625444 0.98825
34 0.0466756632090854 0.9887166666666667
35 0.04507350415062866 0.9893
36 0.04378133923061557 0.9896666666666667
37 0.042447812100653966 0.9902
38 0.041181480369048076 0.9906
39 0.04004789341781249 0.9909166666666667
40 0.0389222679620009 0.9913
41 0.037701268835283165 0.9918833333333333
42 0.03669152123682789 0.99225
43 0.035682664911097874 0.9926333333333334
44 0.034706546511969714 0.993
45 0.033762722772591784 0.99335
46 0.03278992498027427 0.9936166666666667
47 0.032031149041455695 0.9936166666666667
48 0.031152855084617254 0.9939666666666667
49 0.03036840755575851 0.9941666666666666
50 0.029488925404076192 0.9945166666666667
51 0.028805870110037993 0.99485
52 0.028027057001339412 0.9948666666666667
53 0.027275855084067022 0.9952833333333333
54 0.0265767865919514 0.9954166666666666
55 0.025941008727735422 0.9956666666666667
56 0.02528334141218427 0.9959333333333333
57 0.024625761073523524 0.99595
58 0.024001797972949965 0.9962833333333333
59 0.023486308826963658 0.9963666666666666
60 0.022923654331061156 0.9965333333333334
61 0.022334832756686757 0.9967166666666667
62 0.021863169484595057 0.9968166666666667
63 0.02130204379391759 0.9969666666666667
64 0.020829527686014454 0.997
65 0.020327448226344674 0.9973
66 0.01988954200590057 0.9972
67 0.019406377208798425 0.9973666666666666
68 0.018983976904557012 0.9976666666666667
69 0.018589472898077577 0.9976333333333334
70 0.018166866398720283 0.9977666666666667
71 0.01777469607115761 0.9978333333333333
72 0.017350381013871763 0.9979833333333333
73 0.016974558606982104 0.9981833333333333
74 0.01659395655434428 0.9982666666666666
75 0.01625935845712482 0.9983666666666666
76 0.015960175780329242 0.9984166666666666
77 0.0156256840117514 0.99855
78 0.015293938999395889 0.9985333333333334
79 0.014963602810017844 0.9987333333333334
80 0.014672381927503515 0.9987666666666667
81 0.014367869117859203 0.9988333333333334
82 0.014094169808627129 0.9988833333333333
83 0.013790947445698067 0.9989166666666667
84 0.013540779642546292 0.999
85 0.013281839124278537 0.99905
86 0.013022675597444494 0.9991833333333333
87 0.012751763549520135 0.9991833333333333
88 0.012496650533706967 0.9992166666666666
89 0.012314820115559741 0.9992333333333333
90 0.012050683180223714 0.99935
91 0.01186276793475948 0.9992333333333333
92 0.011614565421312825 0.9993833333333333
93 0.011443385231330483 0.9993
94 0.011247966510515763 0.9994166666666666
95 0.01103663135087614 0.9995333333333334
96 0.010839269636993182 0.9995
97 0.01065163110950783 0.9995166666666667
98 0.010460688549129646 0.9995333333333334
99 0.010280432063403096 0.9995333333333334
100 0.010104813797176997 0.9996166666666667
101 0.0099552208105964 0.9996
102 0.009807679497861245 0.9996166666666667
103 0.009628466386070003 0.9996666666666667
104 0.00949978940327888 0.9997
105 0.009319378810225805 0.9997
106 0.009178563433665552 0.9996666666666667
107 0.009011543947887588 0.9997833333333334
108 0.008883333792770976 0.9997166666666667
109 0.008728401259338455 0.9997666666666667
110 0.008609793250208725 0.9998
111 0.008478765696116379 0.9997833333333334
112 0.008350101973750253 0.9998
113 0.008224835131825732 0.9997333333333334
114 0.008101611586063227 0.99985
115 0.008000195076538206 0.9998166666666667
116 0.007891651941711571 0.9998833333333333
117 0.007762480745099978 0.9998666666666667
118 0.00765759726293258 0.99985
119 0.007555826330311231 0.9999
120 0.007445330896389001 0.9999
121 0.007342228102736048 0.9999
122 0.007249430388655029 0.9998666666666667
123 0.00715685890280584 0.9998833333333333
124 0.0070464487290824015 0.9999
125 0.00694824313632707 0.9999166666666667
126 0.00686511663056767 0.9999
127 0.006783671347476017 0.9999
128 0.00668987838242616 0.9999
129 0.006604307137036533 0.9999166666666667
130 0.006520589787526918 0.9999166666666667
131 0.006433444728614139 0.9999166666666667
132 0.006352185658159366 0.9999166666666667
133 0.006283967320604731 0.9999166666666667
134 0.006203569962319407 0.9999166666666667
135 0.00612404793754085 0.9999166666666667
136 0.006049587323800968 0.9999333333333333
137 0.005971484762459581 0.9999333333333333
138 0.005916284223614352 0.99995
139 0.005844896585285378 0.9999333333333333
140 0.005776988380382072 0.9999333333333333
141 0.0057096660699643715 0.99995
142 0.005643370989978171 0.9999333333333333
143 0.005588208463962382 0.9999166666666667
144 0.00551117797231258 0.99995
145 0.005463066793082635 0.9999666666666667
146 0.005398002959766003 0.99995
147 0.005324594598553423 0.9999666666666667
148 0.0052717896456371495 0.9999833333333333
149 0.005221284212552504 0.9999666666666667
150 0.005157465830808684 0.9999666666666667
151 0.005111369337124039 0.9999833333333333
152 0.005055787854456603 0.9999833333333333
153 0.004999627899587043 0.9999833333333333
154 0.004944604004610147 0.9999666666666667
155 0.004903939455302793 1.0
156 0.004852932295017341 0.9999833333333333
157 0.004802163218337693 1.0
158 0.004760317164592381 1.0
159 0.004708994888633029 1.0
160 0.004661394830004795 1.0
161 0.00461565651250745 1.0
162 0.004567566765611296 1.0
163 0.004534839632869291 1.0
164 0.004485191707474503 1.0
165 0.004443686547329717 1.0
166 0.004393763618786007 1.0
167 0.004359308383745282 0.9999833333333333
168 0.004321599183832484 1.0
169 0.004268891562688858 1.0
170 0.004239950716288994 1.0
171 0.004203580910273429 1.0
172 0.004164629498310983 1.0
173 0.004121818436262037 1.0
174 0.004091778246716642 1.0
175 0.00405130932665567 1.0
176 0.004014517449940652 1.0
177 0.003978770838351423 1.0
178 0.003944930751800044 1.0
179 0.003904677024220369 1.0
180 0.0038777776022773307 1.0
181 0.0038401894229176297 1.0
182 0.003811572330382301 1.0
183 0.003779879749453724 1.0
184 0.0037481010228004267 1.0
185 0.0037174410416808195 1.0
186 0.0036855820351208786 1.0
187 0.003654403722475666 1.0
188 0.003628535412260885 1.0
189 0.0035966070630013753 1.0
190 0.0035710538092599527 1.0
191 0.003533004035082048 1.0
192 0.0035122542368766388 1.0
193 0.0034827926090167864 1.0
194 0.0034563223217506764 1.0
195 0.003432136007285774 1.0
196 0.003404465666202618 1.0
197 0.003378389930692134 1.0
198 0.0033487693275332945 1.0
199 0.003326339195164711 1.0
200 0.0032998925809170614 1.0
201 0.0032732382109924864 1.0
202 0.0032476609068136336 1.0
203 0.0032274589397515586 1.0
204 0.003197273249298072 1.0
205 0.0031847129302865853 1.0
206 0.0031535751126738373 1.0
207 0.003134832756821193 1.0
208 0.00311050855908106 1.0
209 0.003089452379825972 1.0
210 0.0030665496574726696 1.0
211 0.003041243796963602 1.0
212 0.0030237634221701496 1.0
213 0.0029977239930986375 1.0
214 0.002982235103195259 1.0
215 0.002960741417040663 1.0
216 0.002939294357580552 1.0
217 0.002920724823748244 1.0
218 0.0029011598169140377 1.0
219 0.00287832745967973 1.0
220 0.0028555399109261915 1.0
221 0.002841378337388902 1.0
222 0.002821496481186093 1.0
223 0.002805226498709392 1.0
224 0.0027867175832535745 1.0
225 0.0027668449489934954 1.0
226 0.002745882058188494 1.0
227 0.0027288028589094373 1.0
228 0.002708402558737226 1.0
229 0.0026954555857195846 1.0
230 0.0026783888832778175 1.0
231 0.0026599872951159503 1.0
232 0.0026432129690723456 1.0
233 0.002627687121772253 1.0
234 0.0026094100747340873 1.0
235 0.00259103582400495 1.0
236 0.0025766133968688565 1.0
237 0.0025640319806209872 1.0
238 0.002546432601940284 1.0
239 0.0025297734493723335 1.0
240 0.0025130157327420436 1.0
241 0.0025007614322544846 1.0
242 0.0024856463298578856 1.0
243 0.002469996848120801 1.0
244 0.002455918192575529 1.0
245 0.0024411661519623323 1.0
246 0.0024250611414768494 1.0
247 0.0024121610905979076 1.0
248 0.0023976970860647207 1.0
249 0.002382842260589108 1.0
250 0.0023704553649116404 1.0
251 0.0023561894700282623 1.0
252 0.0023421199357103327 1.0
253 0.0023274864602550022 1.0
254 0.0023165904876611223 1.0
255 0.00230294829003636 1.0
256 0.0022909683213859144 1.0
257 0.002275045291132935 1.0
258 0.002262467608180469 1.0
259 0.0022513477763693246 1.0
260 0.00223931827932906 1.0
261 0.00222629950970594 1.0
262 0.0022153422347645263 1.0
263 0.0022035305574933475 1.0
264 0.0021888075158375303 1.0
265 0.0021785527266296885 1.0
266 0.0021648604758153322 1.0
267 0.0021536834938238178 1.0
268 0.0021436339684092857 1.0
269 0.0021314825074546643 1.0
270 0.002119362963783517 1.0
271 0.0021096933918542415 1.0
272 0.002096375808922022 1.0
273 0.002086605913855179 1.0
274 0.0020770772557848617 1.0
275 0.0020647362878755617 1.0
276 0.0020537387965910278 1.0
277 0.0020443099348106857 1.0
278 0.0020333901992184854 1.0
279 0.0020221426143749817 1.0
280 0.0020127710236582967 1.0
281 0.002003182686477113 1.0
282 0.001992985427164649 1.0
283 0.001979892276342152 1.0
284 0.0019730669525099484 1.0
285 0.001962467793748577 1.0
286 0.0019522843704219343 1.0
287 0.0019430858873030438 1.0
288 0.0019341051354627016 1.0
289 0.0019242249800067053 1.0
290 0.001913791589651392 1.0
291 0.0019055389277170352 1.0
292 0.0018944864219396132 1.0
293 0.0018858157284706752 1.0
294 0.0018764133004149967 1.0
295 0.0018690978310310217 1.0
296 0.0018602264212888243 1.0
297 0.001849086136807368 1.0
298 0.001842509475482036 1.0
299 0.001832492998925282 1.0
300 0.0018241491065974207 1.0
9999 0.001803271472454071 1.0
