1 0 2.915670156478882
1 80 0.6098983287811279
1 160 0.4602806568145752
1 240 0.24088501930236816
1 320 0.3470085859298706
1 400 0.27806851267814636
2 0 0.2974280118942261
2 80 0.22467054426670074
2 160 0.2685750126838684
2 240 0.24654090404510498
2 320 0.215891495347023
2 400 0.2292959839105606
3 0 0.2249910831451416
3 80 0.18384209275245667
3 160 0.3011681139469147
3 240 0.28396040201187134
3 320 0.15167377889156342
3 400 0.26951152086257935
4 0 0.18475352227687836
4 80 0.26170966029167175
4 160 0.12633979320526123
4 240 0.21412265300750732
4 320 0.13213126361370087
4 400 0.1350274235010147
5 0 0.23957796394824982
5 80 0.15364477038383484
5 160 0.18877467513084412
5 240 0.18658995628356934
5 320 0.09421486407518387
5 400 0.24007542431354523
6 0 0.2020714432001114
6 80 0.12414255738258362
6 160 0.2253878265619278
6 240 0.11374421417713165
6 320 0.16212427616119385
6 400 0.14559833705425262
7 0 0.10371152311563492
7 80 0.17748014628887177
7 160 0.18442536890506744
7 240 0.19320249557495117
7 320 0.12717305123806
7 400 0.13327674567699432
8 0 0.190545916557312
8 80 0.1606895476579666
8 160 0.08746366202831268
8 240 0.12200647592544556
8 320 0.0963803380727768
8 400 0.14366815984249115
9 0 0.1182563528418541
9 80 0.11124952137470245
9 160 0.15661145746707916
9 240 0.11552728712558746
9 320 0.14249294996261597
9 400 0.10779280215501785
10 0 0.12553128600120544
10 80 0.08548451960086823
10 160 0.16764606535434723
10 240 0.1414322853088379
10 320 0.14171820878982544
10 400 0.10182240605354309
11 0 0.08693470060825348
11 80 0.09363173693418503
11 160 0.1064605712890625
11 240 0.1429823637008667
11 320 0.12103193253278732
11 400 0.1025700569152832
12 0 0.07082745432853699
12 80 0.105428047478199
12 160 0.08927181363105774
12 240 0.13219180703163147
12 320 0.15353268384933472
12 400 0.10156223922967911
13 0 0.09728411585092545
13 80 0.12990719079971313
13 160 0.1110030934214592
13 240 0.08476550877094269
13 320 0.05758503079414368
13 400 0.07551789283752441
14 0 0.07263198494911194
14 80 0.06475476920604706
14 160 0.08267877995967865
14 240 0.0947289764881134
14 320 0.04837183281779289
14 400 0.08332505822181702
15 0 0.07502249628305435
15 80 0.10851726680994034
15 160 0.06654751300811768
15 240 0.08758171647787094
15 320 0.08297012001276016
15 400 0.21674637496471405
16 0 0.08630190789699554
16 80 0.16660326719284058
16 160 0.057599347084760666
16 240 0.06503366678953171
16 320 0.0813104584813118
16 400 0.10074696689844131
17 0 0.09861978143453598
17 80 0.08815088123083115
17 160 0.08786682784557343
17 240 0.0728382021188736
17 320 0.08169355243444443
17 400 0.08918637037277222
18 0 0.09820937365293503
18 80 0.04820473492145538
18 160 0.06795158982276917
18 240 0.13264331221580505
18 320 0.04318000748753548
18 400 0.05390631780028343
19 0 0.1607503741979599
19 80 0.1054563820362091
19 160 0.08508862555027008
19 240 0.06096690148115158
19 320 0.11209549754858017
19 400 0.13157737255096436
20 0 0.06932051479816437
20 80 0.06905244290828705
20 160 0.07216184586286545
20 240 0.062295105308294296
20 320 0.06429912894964218
20 400 0.027680503204464912
21 0 0.05929954722523689
21 80 0.13294768333435059
21 160 0.03215741738677025
21 240 0.08499637246131897
21 320 0.03922288119792938
21 400 0.06717104464769363
22 0 0.07650173455476761
22 80 0.08907849341630936
22 160 0.07179703563451767
22 240 0.02999802678823471
22 320 0.07148176431655884
22 400 0.09865109622478485
23 0 0.07500278949737549
23 80 0.03745987266302109
23 160 0.031605202704668045
23 240 0.023065801709890366
23 320 0.0367017462849617
23 400 0.05804011598229408
24 0 0.059769727289676666
24 80 0.042627930641174316
24 160 0.040040839463472366
24 240 0.07315362989902496
24 320 0.07182122766971588
24 400 0.04434339702129364
25 0 0.06582950800657272
25 80 0.05358868092298508
25 160 0.08927953243255615
25 240 0.09956936538219452
25 320 0.05156925693154335
25 400 0.04163780435919762
26 0 0.043285470455884933
26 80 0.050552502274513245
26 160 0.029325883835554123
26 240 0.0454428605735302
26 320 0.08047504723072052
26 400 0.018219532445073128
27 0 0.04877505823969841
27 80 0.014887177385389805
27 160 0.047271862626075745
27 240 0.030916480347514153
27 320 0.07618225365877151
27 400 0.08531320095062256
28 0 0.04421943798661232
28 80 0.026934321969747543
28 160 0.024034472182393074
28 240 0.035991597920656204
28 320 0.09615908563137054
28 400 0.04638155549764633
29 0 0.0749865397810936
29 80 0.034694451838731766
29 160 0.06767935305833817
29 240 0.06079744175076485
29 320 0.054927702993154526
29 400 0.06382039934396744
30 0 0.1589137315750122
30 80 0.05641094222664833
30 160 0.038070324808359146
30 240 0.02157154306769371
30 320 0.05452600494027138
30 400 0.049997374415397644
31 0 0.03565401956439018
31 80 0.07909443974494934
31 160 0.027361474931240082
31 240 0.06368795782327652
31 320 0.027733348309993744
31 400 0.03261430189013481
32 0 0.03161686658859253
32 80 0.034213222563266754
32 160 0.013256493024528027
32 240 0.08919984847307205
32 320 0.06701205670833588
32 400 0.04635682329535484
33 0 0.022292252629995346
33 80 0.02225888893008232
33 160 0.032499294728040695
33 240 0.025275826454162598
33 320 0.05248638615012169
33 400 0.03951775282621384
34 0 0.08314885199069977
34 80 0.046912964433431625
34 160 0.029532505199313164
34 240 0.03986154869198799
34 320 0.05998968333005905
34 400 0.029638679698109627
35 0 0.01848168857395649
35 80 0.05829881504178047
35 160 0.06617860496044159
35 240 0.03014359436929226
35 320 0.06075936555862427
35 400 0.04894750937819481
36 0 0.02786938101053238
36 80 0.06717549264431
36 160 0.03229028731584549
36 240 0.019270045682787895
36 320 0.0456039123237133
36 400 0.08438219130039215
37 0 0.034563466906547546
37 80 0.04116036742925644
37 160 0.04786591976881027
37 240 0.04333227127790451
37 320 0.02182568609714508
37 400 0.02496252954006195
38 0 0.029943985864520073
38 80 0.05957525596022606
38 160 0.06129622831940651
38 240 0.03243275731801987
38 320 0.0418502576649189
38 400 0.037199486047029495
39 0 0.055542320013046265
39 80 0.036364905536174774
39 160 0.027345038950443268
39 240 0.042597778141498566
39 320 0.04185159504413605
39 400 0.04622752219438553
40 0 0.048394568264484406
40 80 0.023389659821987152
40 160 0.03842806816101074
40 240 0.050378717482089996
40 320 0.030583856627345085
40 400 0.03539910539984703
41 0 0.025725185871124268
41 80 0.04000236093997955
41 160 0.04156007245182991
41 240 0.014735985547304153
41 320 0.02225322648882866
41 400 0.029566612094640732
42 0 0.020735738798975945
42 80 0.04510767012834549
42 160 0.055644307285547256
42 240 0.030498847365379333
42 320 0.05705739185214043
42 400 0.04308081418275833
43 0 0.022367127239704132
43 80 0.07967999577522278
43 160 0.047440819442272186
43 240 0.026083415374159813
43 320 0.03749212622642517
43 400 0.011639379896223545
44 0 0.01797156222164631
44 80 0.02594596892595291
44 160 0.044230006635189056
44 240 0.01839965581893921
44 320 0.018935373052954674
44 400 0.052377849817276
45 0 0.07007817924022675
45 80 0.021662501618266106
45 160 0.02581310272216797
45 240 0.03858787938952446
45 320 0.036665722727775574
45 400 0.02069903165102005
46 0 0.0528314970433712
46 80 0.04881601780653
46 160 0.02898629941046238
46 240 0.02893966995179653
46 320 0.0247271079570055
46 400 0.027842527255415916
47 0 0.025405600666999817
47 80 0.019053956493735313
47 160 0.01978585496544838
47 240 0.057179491966962814
47 320 0.018252531066536903
47 400 0.012915730476379395
48 0 0.03326565772294998
48 80 0.02314853109419346
48 160 0.033154476433992386
48 240 0.016995731741189957
48 320 0.04149695485830307
48 400 0.017237989231944084
49 0 0.06002049520611763
49 80 0.03210367262363434
49 160 0.024091621860861778
49 240 0.03487440198659897
49 320 0.055861275643110275
49 400 0.03698035329580307
50 0 0.01424261275678873
50 80 0.03758411481976509
50 160 0.012346826493740082
50 240 0.02727934531867504
50 320 0.017149778082966805
50 400 0.07810097932815552
51 0 0.010540356859564781
51 80 0.06161102280020714
51 160 0.02152525633573532
51 240 0.031316280364990234
51 320 0.016062090173363686
51 400 0.013797039166092873
52 0 0.01542668603360653
52 80 0.019564343616366386
52 160 0.02604951336979866
52 240 0.012581071816384792
52 320 0.06684499979019165
52 400 0.020504986867308617
53 0 0.019370868802070618
53 80 0.03789174184203148
53 160 0.03980185464024544
53 240 0.028055012226104736
53 320 0.0195445753633976
53 400 0.02575743943452835
54 0 0.020275427028536797
54 80 0.054087214171886444
54 160 0.021565493196249008
54 240 0.034995827823877335
54 320 0.011265034787356853
54 400 0.021395966410636902
55 0 0.0166328102350235
55 80 0.02904646098613739
55 160 0.019062485545873642
55 240 0.02272457256913185
55 320 0.021463558077812195
55 400 0.018896259367465973
56 0 0.0323474146425724
56 80 0.015185604803264141
56 160 0.01416446641087532
56 240 0.014232872053980827
56 320 0.04523701220750809
56 400 0.024207828566432
57 0 0.01374959945678711
57 80 0.025054652243852615
57 160 0.018638093024492264
57 240 0.038840875029563904
57 320 0.02188187465071678
57 400 0.052310772240161896
58 0 0.01133462693542242
58 80 0.01009245403110981
58 160 0.026369258761405945
58 240 0.020388489589095116
58 320 0.01450944785028696
58 400 0.030964400619268417
59 0 0.051627304404973984
59 80 0.018478410318493843
59 160 0.021994976326823235
59 240 0.027450524270534515
59 320 0.018459107726812363
59 400 0.022113708779215813
60 0 0.04634285345673561
60 80 0.026085559278726578
60 160 0.023956427350640297
60 240 0.0330192893743515
60 320 0.028908642008900642
60 400 0.027423802763223648
61 0 0.031635284423828125
61 80 0.01058308407664299
61 160 0.018376026302576065
61 240 0.03798898309469223
61 320 0.020403243601322174
61 400 0.008330540731549263
62 0 0.012638083659112453
62 80 0.03332296013832092
62 160 0.018653513863682747
62 240 0.02193562500178814
62 320 0.017418067902326584
62 400 0.01450314186513424
63 0 0.016897719353437424
63 80 0.02643064223229885
63 160 0.013865804299712181
63 240 0.026265209540724754
63 320 0.007812716998159885
63 400 0.03199451044201851
64 0 0.011944739148020744
64 80 0.01971186138689518
64 160 0.02104290947318077
64 240 0.02380344830453396
64 320 0.012835606932640076
64 400 0.01882186159491539
65 0 0.06028575822710991
65 80 0.021994929760694504
65 160 0.01364549994468689
65 240 0.016189653426408768
65 320 0.008312406949698925
65 400 0.007748558185994625
66 0 0.01500740833580494
66 80 0.011390581727027893
66 160 0.02771395444869995
66 240 0.016573509201407433
66 320 0.0211492870002985
66 400 0.011296485550701618
67 0 0.011950108222663403
67 80 0.027558283880352974
67 160 0.0129031240940094
67 240 0.01967732422053814
67 320 0.013608860783278942
67 400 0.01937672682106495
68 0 0.027537362650036812
68 80 0.0166466124355793
68 160 0.018738826736807823
68 240 0.012401794083416462
68 320 0.02732698991894722
68 400 0.0466882549226284
69 0 0.01668582856655121
69 80 0.04460710659623146
69 160 0.006504027638584375
69 240 0.015456221997737885
69 320 0.021289460361003876
69 400 0.03635786846280098
70 0 0.016501139849424362
70 80 0.02263648808002472
70 160 0.03079301305115223
70 240 0.01288016140460968
70 320 0.04694095999002457
70 400 0.016571633517742157
71 0 0.017409706488251686
71 80 0.015416049398481846
71 160 0.019379785284399986
71 240 0.030355053022503853
71 320 0.0391649529337883
71 400 0.017224684357643127
72 0 0.021266348659992218
72 80 0.008463610894978046
72 160 0.010644163005053997
72 240 0.022497519850730896
72 320 0.022641582414507866
72 400 0.00853157602250576
73 0 0.015993593260645866
73 80 0.006925576366484165
73 160 0.0091592688113451
73 240 0.015990562736988068
73 320 0.015259796753525734
73 400 0.01483615767210722
74 0 0.011573722586035728
74 80 0.019841676577925682
74 160 0.012410956434905529
74 240 0.013976440764963627
74 320 0.021654512733221054
74 400 0.020120570436120033
75 0 0.029734062030911446
75 80 0.011414676904678345
75 160 0.01276628952473402
75 240 0.013987229205667973
75 320 0.01436138991266489
75 400 0.00800259504467249
76 0 0.02058269828557968
76 80 0.010093270801007748
76 160 0.007454309146851301
76 240 0.015534999780356884
76 320 0.010667849332094193
76 400 0.012640699744224548
77 0 0.008178438991308212
77 80 0.0089432867243886
77 160 0.008242126554250717
77 240 0.016651669517159462
77 320 0.012941147200763226
77 400 0.013424424454569817
78 0 0.016215849667787552
78 80 0.013517347164452076
78 160 0.019725892692804337
78 240 0.016503285616636276
78 320 0.01960024982690811
78 400 0.018702302128076553
79 0 0.014766458421945572
79 80 0.0036622064653784037
79 160 0.010173860006034374
79 240 0.01167895458638668
79 320 0.01812940463423729
79 400 0.012086676433682442
80 0 0.013151385821402073
80 80 0.034949421882629395
80 160 0.012739659287035465
80 240 0.0223016906529665
80 320 0.006902520079165697
80 400 0.006768438033759594
81 0 0.013848959468305111
81 80 0.023680608719587326
81 160 0.012663422152400017
81 240 0.0038533040788024664
81 320 0.024190865457057953
81 400 0.011672815307974815
82 0 0.019359735772013664
82 80 0.0129553796723485
82 160 0.017098870128393173
82 240 0.020332494750618935
82 320 0.010055990889668465
82 400 0.011792711913585663
83 0 0.010280502028763294
83 80 0.01766149327158928
83 160 0.056007638573646545
83 240 0.010040978901088238
83 320 0.00990899745374918
83 400 0.010441520251333714
84 0 0.01830119453370571
84 80 0.013894416391849518
84 160 0.012907929718494415
84 240 0.008891231380403042
84 320 0.014619546011090279
84 400 0.012751556932926178
85 0 0.011579468846321106
85 80 0.023237301036715508
85 160 0.024467356503009796
85 240 0.022394152358174324
85 320 0.007335870061069727
85 400 0.006446832325309515
86 0 0.010859595611691475
86 80 0.012720014899969101
86 160 0.011362448334693909
86 240 0.016811348497867584
86 320 0.027264337986707687
86 400 0.013847682625055313
87 0 0.014651848003268242
87 80 0.016669413074851036
87 160 0.015453921630978584
87 240 0.01321670413017273
87 320 0.014124969020485878
87 400 0.010310179553925991
88 0 0.006625904701650143
88 80 0.010567473247647285
88 160 0.013518461026251316
88 240 0.011055280454456806
88 320 0.014873693697154522
88 400 0.005393016617745161
89 0 0.010078929364681244
89 80 0.005094264168292284
89 160 0.016557849943637848
89 240 0.008522828109562397
89 320 0.013973971828818321
89 400 0.00689443526789546
90 0 0.010948085226118565
90 80 0.01706329733133316
90 160 0.02119101583957672
90 240 0.012620650231838226
90 320 0.010730975307524204
90 400 0.006416809745132923
91 0 0.00614527054131031
91 80 0.009593767113983631
91 160 0.011808454059064388
91 240 0.010036256164312363
91 320 0.013581321574747562
91 400 0.014017763547599316
92 0 0.004464419558644295
92 80 0.008714052848517895
92 160 0.009743960574269295
92 240 0.01804502122104168
92 320 0.00988346990197897
92 400 0.010446731001138687
93 0 0.008772008121013641
93 80 0.007454381790012121
93 160 0.012041443958878517
93 240 0.015035852789878845
93 320 0.008717739023268223
93 400 0.006880005355924368
94 0 0.009040700271725655
94 80 0.011557219550013542
94 160 0.009380401112139225
94 240 0.009414191357791424
94 320 0.016247274354100227
94 400 0.011187296360731125
95 0 0.011726219207048416
95 80 0.010130482725799084
95 160 0.009293817915022373
95 240 0.01408457849174738
95 320 0.019381610676646233
95 400 0.013178548775613308
96 0 0.00805253442376852
96 80 0.009085207246243954
96 160 0.01036516111344099
96 240 0.008120005950331688
96 320 0.008371365256607533
96 400 0.013119896873831749
97 0 0.019718222320079803
97 80 0.010242440737783909
97 160 0.019918644800782204
97 240 0.011710986495018005
97 320 0.019045302644371986
97 400 0.009127928875386715
98 0 0.015925202518701553
98 80 0.008589490316808224
98 160 0.006974433083087206
98 240 0.013674032874405384
98 320 0.01455315388739109
98 400 0.011790301650762558
99 0 0.008295523002743721
99 80 0.015251174569129944
99 160 0.009194504469633102
99 240 0.009018972516059875
99 320 0.010168238542973995
99 400 0.0061684586107730865
100 0 0.010095295496284962
100 80 0.009089773520827293
100 160 0.006773150060325861
100 240 0.009921053424477577
100 320 0.012924659997224808
100 400 0.00436253659427166
101 0 0.005681255832314491
101 80 0.005622230004519224
101 160 0.008865714073181152
101 240 0.006909276358783245
101 320 0.011905056424438953
101 400 0.003712260164320469
102 0 0.008199261501431465
102 80 0.008472699671983719
102 160 0.004008667077869177
102 240 0.007575905416160822
102 320 0.009121537208557129
102 400 0.01607670448720455
103 0 0.006941298022866249
103 80 0.008085480891168118
103 160 0.011563509702682495
103 240 0.0043483758345246315
103 320 0.00699307955801487
103 400 0.005862073041498661
104 0 0.002898966195061803
104 80 0.006621166132390499
104 160 0.005592648405581713
104 240 0.011083366349339485
104 320 0.008739214390516281
104 400 0.01103535108268261
105 0 0.010898408479988575
105 80 0.00862134899944067
105 160 0.0132697569206357
105 240 0.0055707842111587524
105 320 0.0046647703275084496
105 400 0.011629114858806133
106 0 0.008324841037392616
106 80 0.007236255332827568
106 160 0.004326792433857918
106 240 0.010304559022188187
106 320 0.011372571811079979
106 400 0.009267528541386127
107 0 0.006944578140974045
107 80 0.00512460432946682
107 160 0.009378287009894848
107 240 0.004809878766536713
107 320 0.00831508170813322
107 400 0.005921181757003069
108 0 0.007290561683475971
108 80 0.006293534766882658
108 160 0.0076013896614313126
108 240 0.007439964916557074
108 320 0.008741213008761406
108 400 0.017239127308130264
109 0 0.0036782731767743826
109 80 0.013459297828376293
109 160 0.010609040036797523
109 240 0.006938775535672903
109 320 0.011925521306693554
109 400 0.004940456245094538
110 0 0.00572245055809617
110 80 0.011237500235438347
110 160 0.006035977974534035
110 240 0.012331069447100163
110 320 0.007313777692615986
110 400 0.00887704361230135
111 0 0.007099222857505083
111 80 0.01133890450000763
111 160 0.0073945894837379456
111 240 0.005313699133694172
111 320 0.014513416215777397
111 400 0.0030551631934940815
112 0 0.011897604912519455
112 80 0.008138111792504787
112 160 0.007532938849180937
112 240 0.008542283438146114
112 320 0.010594844818115234
112 400 0.013539382256567478
113 0 0.009052785113453865
113 80 0.00349735701456666
113 160 0.007147491909563541
113 240 0.009683271870017052
113 320 0.011241713538765907
113 400 0.005519887898117304
114 0 0.0067370859906077385
114 80 0.013147003948688507
114 160 0.008971326053142548
114 240 0.012758043594658375
114 320 0.009586337953805923
114 400 0.008090772666037083
115 0 0.010093639604747295
115 80 0.004212107975035906
115 160 0.005013829097151756
115 240 0.007153922691941261
115 320 0.006224540062248707
115 400 0.00799209251999855
116 0 0.007314342074096203
116 80 0.008591601625084877
116 160 0.010900858789682388
116 240 0.007527670357376337
116 320 0.007479330059140921
116 400 0.006606647744774818
117 0 0.01366046816110611
117 80 0.005970255937427282
117 160 0.008189006708562374
117 240 0.007844663225114346
117 320 0.014452310279011726
117 400 0.00782969780266285
118 0 0.004250803962349892
118 80 0.004962645936757326
118 160 0.006367990281432867
118 240 0.007270467467606068
118 320 0.004030700773000717
118 400 0.007155967876315117
119 0 0.0061913891695439816
119 80 0.009431998245418072
119 160 0.01165061630308628
119 240 0.00518354307860136
119 320 0.00781142245978117
119 400 0.005530870985239744
120 0 0.009048914536833763
120 80 0.01298050582408905
120 160 0.004073151852935553
120 240 0.006649148650467396
120 320 0.008158029988408089
120 400 0.013551762327551842
121 0 0.010189116932451725
121 80 0.00584144564345479
121 160 0.004190990701317787
121 240 0.006001523695886135
121 320 0.0058585721999406815
121 400 0.0031565630342811346
122 0 0.008359896019101143
122 80 0.004290783777832985
122 160 0.00442375335842371
122 240 0.007099337875843048
122 320 0.022336618974804878
122 400 0.014727026224136353
123 0 0.009892470203340054
123 80 0.005166935734450817
123 160 0.00784018263220787
123 240 0.014270844869315624
123 320 0.00922252144664526
123 400 0.01184859313070774
124 0 0.007080848794430494
124 80 0.007175823207944632
124 160 0.008840719237923622
124 240 0.004930127412080765
124 320 0.009993480518460274
124 400 0.007798478938639164
125 0 0.007879797369241714
125 80 0.0029305063653737307
125 160 0.003149387426674366
125 240 0.003732415847480297
125 320 0.006261303089559078
125 400 0.00823832955211401
126 0 0.008480871096253395
126 80 0.01071725320070982
126 160 0.005267270375043154
126 240 0.0060587371699512005
126 320 0.004085424356162548
126 400 0.009112735278904438
127 0 0.005996572319418192
127 80 0.007203634362667799
127 160 0.004256247077137232
127 240 0.00937296636402607
127 320 0.011299686506390572
127 400 0.006798442918807268
128 0 0.008915047161281109
128 80 0.007376096211373806
128 160 0.008260240778326988
128 240 0.010859992355108261
128 320 0.007587461732327938
128 400 0.007942015305161476
129 0 0.006154302973300219
129 80 0.007389554753899574
129 160 0.005003868602216244
129 240 0.007227027788758278
129 320 0.004763981327414513
129 400 0.0061407978646457195
130 0 0.0045625087805092335
130 80 0.007560609374195337
130 160 0.006123524624854326
130 240 0.003819739446043968
130 320 0.007560065947473049
130 400 0.007109625265002251
131 0 0.0020678676664829254
131 80 0.009534637443721294
131 160 0.0057322983630001545
131 240 0.009364143013954163
131 320 0.00998939760029316
131 400 0.0072411298751831055
132 0 0.00604839576408267
132 80 0.004517481662333012
132 160 0.0041289497166872025
132 240 0.007242129184305668
132 320 0.007620345801115036
132 400 0.006746869999915361
133 0 0.004993723705410957
133 80 0.0039329491555690765
133 160 0.00611690990626812
133 240 0.007089508697390556
133 320 0.004281202796846628
133 400 0.010492939502000809
134 0 0.008181850425899029
134 80 0.009644431062042713
134 160 0.004613926634192467
134 240 0.0049094464629888535
134 320 0.008418696001172066
134 400 0.003194354707375169
135 0 0.008341808803379536
135 80 0.005081424489617348
135 160 0.005563842132687569
135 240 0.005227222107350826
135 320 0.00505444360896945
135 400 0.009025337174534798
136 0 0.006159520708024502
136 80 0.0050801560282707214
136 160 0.007910633459687233
136 240 0.004341859836131334
136 320 0.003976037260144949
136 400 0.002495895605534315
137 0 0.006318645551800728
137 80 0.0056640212424099445
137 160 0.004799682181328535
137 240 0.007100867573171854
137 320 0.0021525444462895393
137 400 0.0037058487068861723
138 0 0.004182663280516863
138 80 0.004620070103555918
138 160 0.007272049784660339
138 240 0.003592562861740589
138 320 0.0037655006162822247
138 400 0.014150519855320454
139 0 0.004013958387076855
139 80 0.005541920196264982
139 160 0.007764735724776983
139 240 0.0058367070741951466
139 320 0.006630774587392807
139 400 0.007796323858201504
140 0 0.004001242574304342
140 80 0.0041079227812588215
140 160 0.002861044369637966
140 240 0.006475355476140976
140 320 0.004832145292311907
140 400 0.0049060918390750885
141 0 0.004969594534486532
141 80 0.007699654437601566
141 160 0.004143633414059877
141 240 0.0040649292059242725
141 320 0.003807792905718088
141 400 0.00788687914609909
142 0 0.004956647288054228
142 80 0.007274080999195576
142 160 0.007733023259788752
142 240 0.005404212977737188
142 320 0.006906269583851099
142 400 0.0026765766087919474
143 0 0.006294912658631802
143 80 0.005688296630978584
143 160 0.004012090619653463
143 240 0.005207685753703117
143 320 0.006398792378604412
143 400 0.005120673216879368
144 0 0.012511147186160088
144 80 0.00425477372482419
144 160 0.005316329654306173
144 240 0.00823523011058569
144 320 0.003494108095765114
144 400 0.004204074386507273
145 0 0.0044524394907057285
145 80 0.006126767955720425
145 160 0.0037138110492378473
145 240 0.0068182372488081455
145 320 0.004590042866766453
145 400 0.00866010133177042
146 0 0.003915212582796812
146 80 0.0066261556930840015
146 160 0.00638705026358366
146 240 0.005733794532716274
146 320 0.004543011542409658
146 400 0.008021900430321693
147 0 0.007686360739171505
147 80 0.004870994947850704
147 160 0.0029116070363670588
147 240 0.005214287433773279
147 320 0.007325925398617983
147 400 0.003804435022175312
148 0 0.003209854243323207
148 80 0.006690348032861948
148 160 0.004868518561124802
148 240 0.005829856730997562
148 320 0.007598159369081259
148 400 0.009597505442798138
149 0 0.003196547506377101
149 80 0.009151187725365162
149 160 0.008957669138908386
149 240 0.005346250254660845
149 320 0.0029808019753545523
149 400 0.0038698294665664434
150 0 0.0053728544153273106
150 80 0.004002884030342102
150 160 0.007955122739076614
150 240 0.007229572627693415
150 320 0.0023336776066571474
150 400 0.0049537792801856995
151 0 0.004833803977817297
151 80 0.0043913149274885654
151 160 0.006689460016787052
151 240 0.008381594903767109
151 320 0.0018950323574244976
151 400 0.004628551192581654
152 0 0.0019329217029735446
152 80 0.005201768130064011
152 160 0.0077515337616205215
152 240 0.005634469445794821
152 320 0.001306059304624796
152 400 0.005205103661864996
153 0 0.0043227411806583405
153 80 0.0038093477487564087
153 160 0.003410773118957877
153 240 0.002583623630926013
153 320 0.01285316701978445
153 400 0.0038056441117078066
154 0 0.006237864028662443
154 80 0.005895053967833519
154 160 0.003867796389386058
154 240 0.005703098140656948
154 320 0.009083057753741741
154 400 0.005625538062304258
155 0 0.005088192410767078
155 80 0.0037800122518092394
155 160 0.00538792135193944
155 240 0.008921531960368156
155 320 0.006834227126091719
155 400 0.003206414869055152
156 0 0.0028509788680821657
156 80 0.0023077507503330708
156 160 0.004237363580614328
156 240 0.007837889716029167
156 320 0.0041930945590138435
156 400 0.002731694607064128
157 0 0.004104285966604948
157 80 0.0037687765434384346
157 160 0.004643067251890898
157 240 0.0036504582967609167
157 320 0.0036831307224929333
157 400 0.0035811939742416143
158 0 0.005028854124248028
158 80 0.009906935505568981
158 160 0.005452802404761314
158 240 0.005552216898649931
158 320 0.0033489298075437546
158 400 0.005596719216555357
159 0 0.0027019779663532972
159 80 0.0032061426900327206
159 160 0.005055650137364864
159 240 0.006089118309319019
159 320 0.004758521448820829
159 400 0.004800558090209961
160 0 0.0036288858391344547
160 80 0.0030683858785778284
160 160 0.0017373249866068363
160 240 0.0034106699749827385
160 320 0.0029989846516400576
160 400 0.005535092670470476
161 0 0.004561819136142731
161 80 0.00349075417034328
161 160 0.005566702224314213
161 240 0.002096656709909439
161 320 0.004243801347911358
161 400 0.0026470827870070934
162 0 0.0029481304809451103
162 80 0.0029319312889128923
162 160 0.0024773990735411644
162 240 0.004377305041998625
162 320 0.007801143918186426
162 400 0.005750746000558138
163 0 0.0031007376965135336
163 80 0.004113953094929457
163 160 0.0051536476239562035
163 240 0.003257458796724677
163 320 0.0030321069061756134
163 400 0.0025442438200116158
164 0 0.0032166026066988707
164 80 0.002441691467538476
164 160 0.006039726082235575
164 240 0.0030991341918706894
164 320 0.006301676854491234
164 400 0.0037728624884039164
165 0 0.0014624455943703651
165 80 0.004872533027082682
165 160 0.0019518721383064985
165 240 0.003956339322030544
165 320 0.004012768622487783
165 400 0.003594025271013379
166 0 0.0028485688380897045
166 80 0.00197273725643754
166 160 0.0039831423200666904
166 240 0.006442452315241098
166 320 0.0076645673252642155
166 400 0.0043089501559734344
167 0 0.006754666566848755
167 80 0.0058724344708025455
167 160 0.0031884571071714163
167 240 0.0027797301299870014
167 320 0.003928043879568577
167 400 0.007065773941576481
168 0 0.007627654820680618
168 80 0.003497787518426776
168 160 0.00353555497713387
168 240 0.005614475347101688
168 320 0.0038663160521537066
168 400 0.006830697879195213
169 0 0.005396028980612755
169 80 0.0032085732091218233
169 160 0.004243279807269573
169 240 0.003401979338377714
169 320 0.0030445174779742956
169 400 0.004853328689932823
170 0 0.004550820216536522
170 80 0.0037793319206684828
170 160 0.002235904335975647
170 240 0.0021259470377117395
170 320 0.004081529099494219
170 400 0.005373800173401833
171 0 0.003468985902145505
171 80 0.0033799735829234123
171 160 0.00281214970164001
171 240 0.003202954540029168
171 320 0.0033414813224226236
171 400 0.0030383882112801075
172 0 0.003291503991931677
172 80 0.004450969863682985
172 160 0.0038059481885284185
172 240 0.004718004260212183
172 320 0.0042440989054739475
172 400 0.003058604896068573
173 0 0.0037404645700007677
173 80 0.002020294079557061
173 160 0.0029849207494407892
173 240 0.0050726281479001045
173 320 0.004084148909896612
173 400 0.004989336710423231
174 0 0.0054096439853310585
174 80 0.007435621228069067
174 160 0.003966581076383591
174 240 0.005212698597460985
174 320 0.004323785658925772
174 400 0.004255054518580437
175 0 0.0034555515740066767
175 80 0.0045495424419641495
175 160 0.0030470434576272964
175 240 0.0057128602638840675
175 320 0.004465915262699127
175 400 0.003699249355122447
176 0 0.0064111086539924145
176 80 0.005976238753646612
176 160 0.002205447992309928
176 240 0.006478959694504738
176 320 0.006016191560775042
176 400 0.002940339734777808
177 0 0.00988196860998869
177 80 0.004530569072812796
177 160 0.002672986127436161
177 240 0.0032678681891411543
177 320 0.0034869664814323187
177 400 0.004451571963727474
178 0 0.003191201016306877
178 80 0.0034311721101403236
178 160 0.0031029905658215284
178 240 0.0027902324218302965
178 320 0.00379349198192358
178 400 0.004187677055597305
179 0 0.003373045939952135
179 80 0.0023220288567245007
179 160 0.002882802626118064
179 240 0.002824006834998727
179 320 0.003909053280949593
179 400 0.003300145734101534
180 0 0.005580077413469553
180 80 0.004282700829207897
180 160 0.0029400186613202095
180 240 0.007357404101639986
180 320 0.005763551220297813
180 400 0.004133791197091341
181 0 0.0037062831688672304
181 80 0.0033619836904108524
181 160 0.005498804152011871
181 240 0.005672884173691273
181 320 0.004914632998406887
181 400 0.004895963706076145
182 0 0.0029497151263058186
182 80 0.0036428722087293863
182 160 0.004392353352159262
182 240 0.0031779154669493437
182 320 0.0025485747028142214
182 400 0.002930428832769394
183 0 0.004987054038792849
183 80 0.0035064425319433212
183 160 0.003056218381971121
183 240 0.0038218973204493523
183 320 0.00435772305354476
183 400 0.0038814260624349117
184 0 0.004042770713567734
184 80 0.003189497860148549
184 160 0.004719769116491079
184 240 0.0014230895321816206
184 320 0.001845462480559945
184 400 0.0019566125702112913
185 0 0.003117429558187723
185 80 0.008443089202046394
185 160 0.005568147171288729
185 240 0.0033369839657098055
185 320 0.0035875909961760044
185 400 0.002380042104050517
186 0 0.005186253227293491
186 80 0.002999434946104884
186 160 0.0034528644755482674
186 240 0.003984954208135605
186 320 0.0014783738879486918
186 400 0.0014363827649503946
187 0 0.002926729852333665
187 80 0.003429652890190482
187 160 0.0035200503189116716
187 240 0.002620454877614975
187 320 0.0019328594207763672
187 400 0.0032163916621357203
188 0 0.0040420484729111195
188 80 0.0036498785484582186
188 160 0.003921130206435919
188 240 0.004735942929983139
188 320 0.002614496508613229
188 400 0.00231148861348629
189 0 0.0023871040903031826
189 80 0.0030934384558349848
189 160 0.005438686814159155
189 240 0.003691340796649456
189 320 0.0037370179779827595
189 400 0.0030606340151280165
190 0 0.004024425055831671
190 80 0.0025755991227924824
190 160 0.0039285882376134396
190 240 0.0023621022701263428
190 320 0.0020466705318540335
190 400 0.0031822193413972855
191 0 0.00337616098113358
191 80 0.003505012718960643
191 160 0.002587954979389906
191 240 0.0025989674031734467
191 320 0.0013171844184398651
191 400 0.0022094277665019035
192 0 0.0041962978430092335
192 80 0.003134910948574543
192 160 0.005322308745235205
192 240 0.006217830814421177
192 320 0.0039040723349899054
192 400 0.0025652244221419096
193 0 0.003938846290111542
193 80 0.003114576917141676
193 160 0.0025123893283307552
193 240 0.004784592892974615
193 320 0.00382065842859447
193 400 0.0014658782165497541
194 0 0.004034126177430153
194 80 0.004808432888239622
194 160 0.004191345535218716
194 240 0.0031723773572593927
194 320 0.003559121396392584
194 400 0.002858691615983844
195 0 0.004636927507817745
195 80 0.003930261358618736
195 160 0.002066018059849739
195 240 0.003733606543391943
195 320 0.0039884611032903194
195 400 0.00221081031486392
196 0 0.00291651813313365
196 80 0.0036659769248217344
196 160 0.003527379594743252
196 240 0.003427665214985609
196 320 0.0019407806685194373
196 400 0.003426071023568511
197 0 0.0036750452127307653
197 80 0.00518671702593565
197 160 0.0066283391788601875
197 240 0.004288955591619015
197 320 0.004500615410506725
197 400 0.0030765070114284754
198 0 0.0035364641807973385
198 80 0.001555532100610435
198 160 0.0020296864677220583
198 240 0.002449828665703535
198 320 0.003059603739529848
198 400 0.002113619353622198
199 0 0.0016249490436166525
199 80 0.00246474239975214
199 160 0.005630552768707275
199 240 0.0028547346591949463
199 320 0.0037290467880666256
199 400 0.0028357936535030603
200 0 0.003588450141251087
200 80 0.003575896844267845
200 160 0.00223042955622077
200 240 0.0019763887394219637
200 320 0.0045207529328763485
200 400 0.0034036997240036726
201 0 0.003154163481667638
201 80 0.0016762387240305543
201 160 0.0025238206144422293
201 240 0.005048843100667
201 320 0.0017585098976269364
201 400 0.002441312884911895
202 0 0.002480807015672326
202 80 0.0038226034957915545
202 160 0.002490455750375986
202 240 0.0031067586969584227
202 320 0.0022243994753807783
202 400 0.0044106608256697655
203 0 0.0015674770111218095
203 80 0.0023144125007092953
203 160 0.003649239195510745
203 240 0.002001036424189806
203 320 0.002799117937684059
203 400 0.002415010239928961
204 0 0.00421176990494132
204 80 0.004857030231505632
204 160 0.002426604740321636
204 240 0.004946163389831781
204 320 0.001463837455958128
204 400 0.004878341685980558
205 0 0.0026700207963585854
205 80 0.0011239382438361645
205 160 0.002360421000048518
205 240 0.004588502924889326
205 320 0.004795881453901529
205 400 0.002308493247255683
206 0 0.003613716922700405
206 80 0.0036197903100401163
206 160 0.0018519582226872444
206 240 0.0042894380167126656
206 320 0.0010732955997809768
206 400 0.0025772906374186277
207 0 0.003303675912320614
207 80 0.002032809890806675
207 160 0.0032642565201967955
207 240 0.003163606161251664
207 320 0.004240595735609531
207 400 0.001291098422370851
208 0 0.0026000768411904573
208 80 0.004564114846289158
208 160 0.0019867115188390017
208 240 0.002813854720443487
208 320 0.0036786296404898167
208 400 0.0015650447458028793
209 0 0.0029297065921127796
209 80 0.0010692536598071456
209 160 0.002445566700771451
209 240 0.002328007947653532
209 320 0.0021411299239844084
209 400 0.002238316461443901
210 0 0.003931458108127117
210 80 0.0015198622131720185
210 160 0.002366645261645317
210 240 0.0031596487388014793
210 320 0.003946002572774887
210 400 0.0014040358364582062
211 0 0.0034426439087837934
211 80 0.002905281027778983
211 160 0.003248533234000206
211 240 0.0030428660102188587
211 320 0.0018186623929068446
211 400 0.002804586896672845
212 0 0.0035973533522337675
212 80 0.004813963081687689
212 160 0.0026161775458604097
212 240 0.003041438292711973
212 320 0.002882382832467556
212 400 0.002130727982148528
213 0 0.0031540878117084503
213 80 0.002153534907847643
213 160 0.0020754490979015827
213 240 0.0029078442603349686
213 320 0.0012364580761641264
213 400 0.003362789284437895
214 0 0.0017984843580052257
214 80 0.0036213223356753588
214 160 0.0025854811538010836
214 240 0.0019406381761655211
214 320 0.003515200689435005
214 400 0.004242164548486471
215 0 0.0026421737857162952
215 80 0.0038493869360536337
215 160 0.005111582577228546
215 240 0.001954083563759923
215 320 0.0022345073521137238
215 400 0.0036991448141634464
216 0 0.0028788968920707703
216 80 0.0026427621487528086
216 160 0.0040177349001169205
216 240 0.0023573641665279865
216 320 0.0036257582250982523
216 400 0.002415406983345747
217 0 0.0035400893539190292
217 80 0.0029800389893352985
217 160 0.0031285672448575497
217 240 0.0021193455904722214
217 320 0.0039401487447321415
217 400 0.0034951488487422466
218 0 0.0037667949218302965
218 80 0.002547172363847494
218 160 0.003330686828121543
218 240 0.004429292865097523
218 320 0.0027429447509348392
218 400 0.004343368578702211
219 0 0.0039247628301382065
219 80 0.002737238770350814
219 160 0.0018226237734779716
219 240 0.004451679065823555
219 320 0.003538086311891675
219 400 0.003331787185743451
220 0 0.0015516269486397505
220 80 0.005309740547090769
220 160 0.0041902135126292706
220 240 0.002707140287384391
220 320 0.0031990206334739923
220 400 0.0028999391943216324
221 0 0.0032166019082069397
221 80 0.004059013444930315
221 160 0.003036042908206582
221 240 0.002567040268331766
221 320 0.002138239098712802
221 400 0.003189981449395418
222 0 0.002728670835494995
222 80 0.0034587981645017862
222 160 0.0032682272139936686
222 240 0.0024035817477852106
222 320 0.002835923573002219
222 400 0.0024875367525964975
223 0 0.0036165777128189802
223 80 0.001326400088146329
223 160 0.0029820434283465147
223 240 0.0022966114338487387
223 320 0.0023410681169480085
223 400 0.0017798173939809203
224 0 0.0028893514536321163
224 80 0.001731536234728992
224 160 0.005111927632242441
224 240 0.001835003960877657
224 320 0.00199862546287477
224 400 0.002814810024574399
225 0 0.0021995871793478727
225 80 0.005421938840299845
225 160 0.0033660433255136013
225 240 0.0023465799167752266
225 320 0.003074528882279992
225 400 0.0036224781069904566
226 0 0.002795412437990308
226 80 0.0023572868667542934
226 160 0.0025821025483310223
226 240 0.0017487483564764261
226 320 0.0019209764432162046
226 400 0.002258208580315113
227 0 0.002488725818693638
227 80 0.002597966929897666
227 160 0.002071960596367717
227 240 0.0013665958540514112
227 320 0.0018870659405365586
227 400 0.0026739086024463177
228 0 0.0019672103226184845
228 80 0.0021691382862627506
228 160 0.004084568005055189
228 240 0.0028158726636320353
228 320 0.0009826443856582046
228 400 0.0023070841562002897
229 0 0.0022545447573065758
229 80 0.0039682029746472836
229 160 0.004542183130979538
229 240 0.0015938888536766171
229 320 0.0029119523242115974
229 400 0.001618310110643506
230 0 0.0007575823692604899
230 80 0.0020246701315045357
230 160 0.0012888993369415402
230 240 0.002282386180013418
230 320 0.0024503336753696203
230 400 0.00422460725530982
231 0 0.0009685769909992814
231 80 0.003093954175710678
231 160 0.0032124242279678583
231 240 0.0027094499673694372
231 320 0.0023865869734436274
231 400 0.002275242703035474
232 0 0.0018439486157149076
232 80 0.002206560457125306
232 160 0.0020616701804101467
232 240 0.0034054708667099476
232 320 0.0029734703712165356
232 400 0.002503169234842062
233 0 0.003035162342712283
233 80 0.002755341585725546
233 160 0.0010512323351576924
233 240 0.0031854198314249516
233 320 0.0030410217586904764
233 400 0.0038247639313340187
234 0 0.002543624257668853
234 80 0.0015356295043602586
234 160 0.00384574756026268
234 240 0.00300618982873857
234 320 0.0011483212001621723
234 400 0.0028020127210766077
235 0 0.002093812683597207
235 80 0.0037013059481978416
235 160 0.004017413128167391
235 240 0.002871057251468301
235 320 0.00540261622518301
235 400 0.0022559615317732096
236 0 0.002695283852517605
236 80 0.0014771531568840146
236 160 0.002706802450120449
236 240 0.002973537426441908
236 320 0.0018142801709473133
236 400 0.0023748395033180714
237 0 0.003430028446018696
237 80 0.0027775962371379137
237 160 0.0013165285345166922
237 240 0.0017500580288469791
237 320 0.0025613766629248857
237 400 0.0024810773320496082
238 0 0.0028386665508151054
238 80 0.004343428183346987
238 160 0.003079430665820837
238 240 0.0019495810847729445
238 320 0.0019618463702499866
238 400 0.0019905746448785067
239 0 0.004401656799018383
239 80 0.0018169184913858771
239 160 0.002909253351390362
239 240 0.0020066117867827415
239 320 0.004357079975306988
239 400 0.0027426970191299915
240 0 0.0016217638039961457
240 80 0.0021551288664340973
240 160 0.0015523559413850307
240 240 0.0012333177728578448
240 320 0.0018029906786978245
240 400 0.003556319512426853
241 0 0.002173325279727578
241 80 0.0019265000009909272
241 160 0.001153194927610457
241 240 0.0038394713774323463
241 320 0.0040730321779847145
241 400 0.0028707406017929316
242 0 0.002901535015553236
242 80 0.002910769544541836
242 160 0.0021084093023091555
242 240 0.001095418818295002
242 320 0.0016270747873932123
242 400 0.002329842420294881
243 0 0.003184464992955327
243 80 0.0028552329167723656
243 160 0.0028715645894408226
243 240 0.0022156990598887205
243 320 0.0023601469583809376
243 400 0.0009558329475112259
244 0 0.0016185453860089183
244 80 0.0022074661683291197
244 160 0.0018201923230662942
244 240 0.0025159067008644342
244 320 0.0030456269159913063
244 400 0.0013020882615819573
245 0 0.0023987796157598495
245 80 0.0021342092659324408
245 160 0.002646380802616477
245 240 0.00311325048096478
245 320 0.002197863766923547
245 400 0.002437066053971648
246 0 0.0025244615972042084
246 80 0.003832666203379631
246 160 0.00261415122076869
246 240 0.002422449877485633
246 320 0.0011053787311539054
246 400 0.0023338706232607365
247 0 0.0013946910621598363
247 80 0.0010067844996228814
247 160 0.002688412321731448
247 240 0.0016719071427360177
247 320 0.0035572522319853306
247 400 0.004320101346820593
248 0 0.0029106715228408575
248 80 0.0027469235938042402
248 160 0.0029789074324071407
248 240 0.0036415630020201206
248 320 0.0020467042922973633
248 400 0.003658642992377281
249 0 0.001849823514930904
249 80 0.002455695765092969
249 160 0.0030274568125605583
249 240 0.001551748369820416
249 320 0.0022565743420273066
249 400 0.0030441279523074627
250 0 0.0037887536454945803
250 80 0.0011736692395061255
250 160 0.0019867310766130686
250 240 0.002538098720833659
250 320 0.0012225902173668146
250 400 0.004108686465770006
251 0 0.0007097759516909719
251 80 0.0027512158267199993
251 160 0.0007537612691521645
251 240 0.0029691297095268965
251 320 0.0033803717233240604
251 400 0.002322877524420619
252 0 0.0007095839828252792
252 80 0.00279939454048872
252 160 0.0020437901839613914
252 240 0.0034227329306304455
252 320 0.0018341304967179894
252 400 0.0027917828410863876
253 0 0.001685922034084797
253 80 0.0021558997686952353
253 160 0.001965306932106614
253 240 0.0027493881061673164
253 320 0.002486701589077711
253 400 0.0021122745238244534
254 0 0.003550277091562748
254 80 0.0023596801329404116
254 160 0.002127476269379258
254 240 0.0016260952688753605
254 320 0.0014983410947024822
254 400 0.0017393665621057153
255 0 0.002654991578310728
255 80 0.0014968138420954347
255 160 0.0031086683738976717
255 240 0.0016897644381970167
255 320 0.0029127337038517
255 400 0.0025210424792021513
256 0 0.0025837798602879047
256 80 0.0026331383269280195
256 160 0.002588741946965456
256 240 0.003255274845287204
256 320 0.0028113729786127806
256 400 0.005199557635933161
257 0 0.001757148071192205
257 80 0.001664515002630651
257 160 0.0010109914001077414
257 240 0.0018075720872730017
257 320 0.003877724055200815
257 400 0.0032308066729456186
258 0 0.0014340500347316265
258 80 0.0022519929334521294
258 160 0.0023168150801211596
258 240 0.0013282711151987314
258 320 0.0016427264781668782
258 400 0.0023581276182085276
259 0 0.002329937880858779
259 80 0.0017623943276703358
259 160 0.003131848992779851
259 240 0.003737139515578747
259 320 0.0030449030455201864
259 400 0.0022260441910475492
260 0 0.0022961865179240704
260 80 0.001634889398701489
260 160 0.003638793481513858
260 240 0.0013187441509217024
260 320 0.0014059437671676278
260 400 0.0013983870157971978
261 0 0.00264542642980814
261 80 0.0024033619556576014
261 160 0.002648572437465191
261 240 0.00474196532741189
261 320 0.003494499484077096
261 400 0.0012262437958270311
262 0 0.002212114632129669
262 80 0.0031808768399059772
262 160 0.0009153392165899277
262 240 0.0039356607012450695
262 320 0.0017854254692792892
262 400 0.0038564892020076513
263 0 0.001377905486151576
263 80 0.0012629041448235512
263 160 0.0015064392937347293
263 240 0.0018073840765282512
263 320 0.0032272422686219215
263 400 0.0019640957470983267
264 0 0.0028902674093842506
264 80 0.0018052310915663838
264 160 0.0019357471028342843
264 240 0.0012907403288409114
264 320 0.003947216086089611
264 400 0.003601259319111705
265 0 0.0032571987248957157
265 80 0.002840668661519885
265 160 0.0023916701320558786
265 240 0.001641430426388979
265 320 0.0022178476210683584
265 400 0.0019508973928168416
266 0 0.0019440683536231518
266 80 0.002246617106720805
266 160 0.002259910339489579
266 240 0.0018409453332424164
266 320 0.0026367935352027416
266 400 0.002326450776308775
267 0 0.0011844360269606113
267 80 0.0022476459853351116
267 160 0.0013473541475832462
267 240 0.003588980995118618
267 320 0.002157102804630995
267 400 0.0017577941762283444
268 0 0.002711439738050103
268 80 0.001690561417490244
268 160 0.002233593026176095
268 240 0.0008140761638060212
268 320 0.001985413022339344
268 400 0.0018992794211953878
269 0 0.0020953412167727947
269 80 0.0017835255712270737
269 160 0.0018256634939461946
269 240 0.0014657569117844105
269 320 0.0018387589370831847
269 400 0.0019942978397011757
270 0 0.0018238062039017677
270 80 0.0029645790345966816
270 160 0.001664301147684455
270 240 0.002043795771896839
270 320 0.0008419759105890989
270 400 0.0020100201945751905
271 0 0.0020348909310996532
271 80 0.0016755560645833611
271 160 0.0018610097467899323
271 240 0.0016975040780380368
271 320 0.0014851653249934316
271 400 0.002335062948986888
272 0 0.003048708662390709
272 80 0.0034855278208851814
272 160 0.0032730523962527514
272 240 0.001026139478199184
272 320 0.0014139501145109534
272 400 0.0012202931102365255
273 0 0.0014045321149751544
273 80 0.0027633823920041323
273 160 0.002082324819639325
273 240 0.0019305304158478975
273 320 0.0029494876507669687
273 400 0.0019339099526405334
274 0 0.001675666542723775
274 80 0.0018120927270501852
274 160 0.0008895676583051682
274 240 0.0016276908572763205
274 320 0.0013690512860193849
274 400 0.0032180161215364933
275 0 0.0016017771558836102
275 80 0.002007211558520794
275 160 0.0017493810737505555
275 240 0.0009437786648049951
275 320 0.00272325798869133
275 400 0.0019424027996137738
276 0 0.002547335112467408
276 80 0.0016189684392884374
276 160 0.0024791366886347532
276 240 0.001978765008971095
276 320 0.0031454062554985285
276 400 0.0014056464424356818
277 0 0.002446279162541032
277 80 0.0015413537621498108
277 160 0.0015463297022506595
277 240 0.002052262192592025
277 320 0.0027798509690910578
277 400 0.001732750446535647
278 0 0.002361974213272333
278 80 0.0024903016164898872
278 160 0.001418555504642427
278 240 0.002386282430961728
278 320 0.0011464451672509313
278 400 0.0018475815886631608
279 0 0.0033866383600980043
279 80 0.0030483941081911325
279 160 0.0014463261468335986
279 240 0.002082920866087079
279 320 0.002046801382675767
279 400 0.002450670814141631
280 0 0.0021863102447241545
280 80 0.003008902072906494
280 160 0.002592646051198244
280 240 0.0020222605671733618
280 320 0.001798211713321507
280 400 0.0011805614922195673
281 0 0.0023755375295877457
281 80 0.002000476699322462
281 160 0.0016411625547334552
281 240 0.002173914108425379
281 320 0.0014518068637698889
281 400 0.001950003090314567
282 0 0.0022765533067286015
282 80 0.0020040087401866913
282 160 0.0018560991156846285
282 240 0.0008771379943937063
282 320 0.0019657916855067015
282 400 0.002160620177164674
283 0 0.0010298423003405333
283 80 0.0027217580936849117
283 160 0.002243154216557741
283 240 0.0010567480931058526
283 320 0.0028149341233074665
283 400 0.003164369845762849
284 0 0.003921030554920435
284 80 0.0006911070086061954
284 160 0.001110103796236217
284 240 0.0018191382987424731
284 320 0.0013571069575846195
284 400 0.0016344126779586077
285 0 0.00126799161080271
285 80 0.0019423026824370027
285 160 0.0018145644571632147
285 240 0.0008421122329309583
285 320 0.0012991918483749032
285 400 0.0011219870066270232
286 0 0.0018932747188955545
286 80 0.0023984427098184824
286 160 0.0018552326364442706
286 240 0.002283887006342411
286 320 0.0014168601483106613
286 400 0.0013013508869335055
287 0 0.0013875319855287671
287 80 0.0009954087436199188
287 160 0.0011799409985542297
287 240 0.0013099058996886015
287 320 0.0017423192039132118
287 400 0.002734815701842308
288 0 0.0022279287222772837
288 80 0.0033788997679948807
288 160 0.0021130875684320927
288 240 0.0018507324857637286
288 320 0.0020645332988351583
288 400 0.0014461380196735263
289 0 0.0018134262645617127
289 80 0.0007659830152988434
289 160 0.0017502137925475836
289 240 0.0011652879184111953
289 320 0.0014535656664520502
289 400 0.002109566470608115
290 0 0.0018587663071230054
290 80 0.0011335693998262286
290 160 0.0018083511386066675
290 240 0.0013627458829432726
290 320 0.0012214401504024863
290 400 0.0017306864028796554
291 0 0.004704297054558992
291 80 0.001296652015298605
291 160 0.0022211165633052588
291 240 0.0027433736249804497
291 320 0.0011744197690859437
291 400 0.0031391310039907694
292 0 0.0019921050406992435
292 80 0.0016388456569984555
292 160 0.0005733830039389431
292 240 0.001702990266494453
292 320 0.0016123643144965172
292 400 0.001887251273728907
293 0 0.0005941637791693211
293 80 0.0014311932027339935
293 160 0.001304306904785335
293 240 0.0024542510509490967
293 320 0.0032137585803866386
293 400 0.0009437445551156998
294 0 0.0015410126652568579
294 80 0.00137833203189075
294 160 0.0013120585354045033
294 240 0.0019648789893835783
294 320 0.001154014840722084
294 400 0.0018112803809344769
295 0 0.0009179413318634033
295 80 0.0038534437771886587
295 160 0.001318908529356122
295 240 0.0008120449492707849
295 320 0.002348549198359251
295 400 0.001840599114075303
296 0 0.0018601170741021633
296 80 0.0018198683392256498
296 160 0.0007437157328240573
296 240 0.0014684831257909536
296 320 0.0023651011288166046
296 400 0.002240307629108429
297 0 0.0011389402206987143
297 80 0.0021505518816411495
297 160 0.0019724585581570864
297 240 0.001266790903173387
297 320 0.0025975494645535946
297 400 0.0022501794155687094
298 0 0.0021389208268374205
298 80 0.0013594081392511725
298 160 0.0023357823956757784
298 240 0.002904402557760477
298 320 0.00232230918481946
298 400 0.0013501335633918643
299 0 0.0017686192877590656
299 80 0.0019778066780418158
299 160 0.0016663131536915898
299 240 0.0014986891765147448
299 320 0.0016230649780482054
299 400 0.0011651292443275452
300 0 0.001611981657333672
300 80 0.0010002227500081062
300 160 0.00188733683899045
300 240 0.0018371033947914839
300 320 0.0012561120092868805
300 400 0.001197064178995788
